173.330714977 -42.836804542
173.329585906 -42.836458369
173.328498984 -42.836079144
173.327958105 -42.835271769
173.327239326 -42.834556295
173.326688643 -42.833776490
173.325679628 -42.833404327
173.324493310 -42.833596624
173.323312768 -42.833589493
173.322098394 -42.833652532
173.321483956 -42.834357360
173.320665963 -42.835026602
173.319656587 -42.835515999
173.318590318 -42.835470491
173.318030610 -42.834723443
173.317847746 -42.833841239
173.317087583 -42.833176804
173.316107079 -42.832659842
173.315479298 -42.831888902
173.314984737 -42.831068162
173.315351501 -42.830316365
173.315882307 -42.829602387
173.315164346 -42.828926608
173.314589812 -42.828209210
173.314608575 -42.827309273
173.314577000 -42.826409393
173.314280105 -42.825567288
173.313343717 -42.824988299
173.312326797 -42.824497669
173.311227377 -42.824346459
173.310084660 -42.824295140
173.309246107 -42.823874282
173.308596747 -42.823161449
173.307535479 -42.822771828
173.306349106 -42.822776451
173.305552206 -42.823422977
173.304812480 -42.824123370
173.303635395 -42.824253735
173.303089521 -42.824982040
173.303859083 -42.825658422
173.305022348 -42.825858026
173.306244383 -42.825867888
173.307305555 -42.826256438
173.307923022 -42.827013564
173.308602187 -42.827758925
173.309327247 -42.828483838
173.310375882 -42.828883898
173.311533250 -42.829174790
173.311471781 -42.830028731
173.311704002 -42.830890962
173.311244633 -42.831569451
173.310084247 -42.831695945
173.308950818 -42.832030462
173.308657624 -42.832809154
173.309340218 -42.833555441
173.309947706 -42.834336732
173.310842961 -42.834939747
173.311779910 -42.835518353
173.312861866 -42.835858034
173.313051842 -42.836683346
173.313134967 -42.837581442
173.313706999 -42.838373407
173.314091483 -42.839205852
173.313566232 -42.839951517
173.312622488 -42.840511317
173.312097756 -42.841314711
173.311953357 -42.842203886
173.312198546 -42.843079175
173.311198403 -42.843522981
173.309982873 -42.843610020
173.308820336 -42.843852434
173.307599000 -42.843829478
173.306383422 -42.843728654
173.305197076 -42.843921180
173.304004163 -42.843970060
173.302797305 -42.843825265
173.301592967 -42.843667486
173.300547742 -42.843233370
173.299367560 -42.843156607
173.298212759 -42.843356949
173.297331677 -42.843964257
173.296569322 -42.844658086
173.295346245 -42.844641137
173.294475697 -42.844237315
173.294273070 -42.843361018
173.294180421 -42.842492883
173.293254683 -42.842030875
173.292084850 -42.842293719
173.290902430 -42.842350189
173.289834354 -42.841914028
173.289920899 -42.841050245
173.290499975 -42.840276964
173.291433315 -42.839699435
173.292652174 -42.839623688
173.293831033 -42.839808132
173.295026204 -42.839938757
173.296087959 -42.839561327
173.297245865 -42.839322873
173.298390363 -42.839387865
173.299513366 -42.839690445
173.300650006 -42.839489270
173.301824117 -42.839611726
173.302997190 -42.839825169
173.304138749 -42.839627327
173.304252277 -42.838858999
173.303278170 -42.838325722
173.302277001 -42.837808583
173.301442237 -42.837174088
173.300782013 -42.836416313
173.299955260 -42.835761221
173.298983479 -42.835231882
173.297879665 -42.834851888
173.297246824 -42.834081573
173.296583502 -42.833325565
173.295756633 -42.832692348
173.294628501 -42.832465232
173.293450718 -42.832662130
173.292932991 -42.833301528
173.293383305 -42.834134014
173.292688979 -42.834395814
173.291566021 -42.834047080
173.290444887 -42.833703568
173.289408632 -42.833225405
173.288291655 -42.832864621
173.287683405 -42.832113582
173.286849140 -42.831465506
173.285720227 -42.831214674
173.284517369 -42.831377507
173.283314504 -42.831540328
173.282433929 -42.832066211
173.282118377 -42.832915705
173.281825333 -42.833783308
173.281767860 -42.834653983
173.282143978 -42.835493085
173.282388927 -42.836337236
173.282336417 -42.837236586
173.281444696 -42.837322676
173.280928037 -42.836541938
173.280660645 -42.835666985
173.280222139 -42.834829454
173.279914427 -42.834019408
173.280301513 -42.833173781
173.280934586 -42.832408124
173.280972523 -42.831536835
173.280815044 -42.830645076
173.280761682 -42.829746305
173.281039038 -42.828917521
173.281887587 -42.828269267
173.282588054 -42.827548354
173.283027516 -42.826708657
173.283555151 -42.825897243
173.284155754 -42.825116313
173.284874964 -42.824388263
173.285594155 -42.823660209
173.286491227 -42.823081730
173.287566665 -42.822653229
173.288641799 -42.822224379
173.289631818 -42.821695986
173.289970767 -42.820892425
173.290259623 -42.820132836
173.291415008 -42.820177770
173.291412949 -42.821070117
173.292310074 -42.821610016
173.293525208 -42.821586228
173.294668759 -42.821710522
173.295596815 -42.822296399
173.296496907 -42.822905750
173.297635919 -42.823137982
173.298824604 -42.823049881
173.299968914 -42.822737396
173.301070917 -42.822353040
173.301908860 -42.821697416
173.301517768 -42.820880561
173.300549488 -42.820446492
173.299373764 -42.820211646
173.298296554 -42.819826266
173.297784853 -42.819229001
173.298857511 -42.818796832
173.299957135 -42.818405132
173.301077795 -42.818045000
173.302225554 -42.817734967
173.302626667 -42.818283011
173.303072222 -42.819091999
173.303811640 -42.819803539
173.304679301 -42.820437843
173.305718528 -42.820420760
173.306233713 -42.819634384
173.306611786 -42.818877212
173.307752244 -42.818637852
173.308660892 -42.819038779
173.309283248 -42.819808600
173.310288854 -42.820138566
173.311389669 -42.819869901
173.312278881 -42.819259685
173.312969072 -42.818520548
173.312757789 -42.817646367
173.312263682 -42.816822955
173.312142106 -42.815932140
173.312061477 -42.815033917
173.312329879 -42.814157999
173.313356514 -42.813721454
173.313644478 -42.812964030
173.312818274 -42.812423921
173.311773052 -42.811996810
173.311431911 -42.811202794
173.310445618 -42.810671705
173.309638273 -42.810060581
173.308488911 -42.809753681
173.308207542 -42.808894953
173.308367339 -42.808019058
173.308898514 -42.807208333
173.309386924 -42.806383101
173.309617649 -42.805528658
173.309488963 -42.804633473
173.309355420 -42.803738678
173.309625164 -42.802883772
173.310073489 -42.802046306
173.310576566 -42.801235738
173.311454399 -42.800609259
173.312369152 -42.800012891
173.313304581 -42.799433387
173.314221847 -42.798839365
173.315083089 -42.798200546
173.315627881 -42.797417687
173.315832466 -42.796533040
173.316598583 -42.796192797
173.317784331 -42.796360249
173.318801932 -42.796833427
173.319874152 -42.797116797
173.320577331 -42.796599996
173.320443859 -42.795709166
173.320149204 -42.794860799
173.320950309 -42.794238625
173.321839549 -42.793638916
173.322285938 -42.792822634
173.322637141 -42.791973578
173.323264082 -42.791200829
173.323891007 -42.790428077
173.324628041 -42.789711385
173.325358196 -42.788994932
173.325707051 -42.788132189
173.325532050 -42.787311890
173.325084610 -42.786488071
173.324894282 -42.785598862
173.324250579 -42.784840735
173.323560242 -42.784097938
173.322865004 -42.783357607
173.322070240 -42.782674163
173.321134534 -42.782106108
173.320123022 -42.781600959
173.319373644 -42.780916846
173.319032830 -42.780078697
173.318978197 -42.779179401
173.318879197 -42.778282816
173.318425488 -42.777477358
173.317294339 -42.777274291
173.316229691 -42.776944869
173.315782047 -42.776143119
173.315629404 -42.775249982
173.315603943 -42.774364799
173.315994377 -42.773516772
173.316635794 -42.772751063
173.317357461 -42.772024648
173.318079110 -42.771298228
173.318889736 -42.770633613
173.319824666 -42.770055769
173.320449450 -42.769282164
173.320184603 -42.768430529
173.319755893 -42.767594383
173.319337554 -42.766799659
173.319472407 -42.765904960
173.319961897 -42.765107183
173.320651505 -42.764364098
173.321213457 -42.763593467
173.321234067 -42.762699958
173.321634558 -42.761850509
173.322308467 -42.761099662
173.323100817 -42.760417523
173.324144012 -42.760084714
173.325182062 -42.759678472
173.326140485 -42.759120285
173.326987206 -42.758590188
173.326438750 -42.757918168
173.325390644 -42.757455761
173.324711948 -42.756728163
173.324375299 -42.755870850
173.324156277 -42.754987428
173.324151750 -42.754087233
173.324304989 -42.753195846
173.324595885 -42.752326180
173.325022888 -42.751482774
173.326128628 -42.751521132
173.326896401 -42.752194657
173.327248461 -42.753056540
173.327641611 -42.753903835
173.328240936 -42.754688236
173.329245040 -42.755179107
173.330334835 -42.755585768
173.331372106 -42.756057846
173.332361207 -42.756585854
173.333414801 -42.757023374
173.334246243 -42.756764843
173.334773526 -42.755952822
173.334890925 -42.755143998
173.334382095 -42.754326402
173.333920355 -42.753492994
173.333527361 -42.752641345
173.333162201 -42.751782311
173.332525379 -42.751017381
173.331613261 -42.750426606
173.330662373 -42.749861599
173.330057762 -42.749085020
173.329541425 -42.748269614
173.329098727 -42.747431613
173.328701954 -42.746580235
173.328343294 -42.745719934
173.328000735 -42.744855864
173.327369194 -42.744095778
173.326557542 -42.743432808
173.325613836 -42.742861420
173.324660322 -42.742298926
173.324901145 -42.741437551
173.325286567 -42.740584128
173.325680570 -42.739732604
173.325972347 -42.738858469
173.326509648 -42.738059875
173.327120653 -42.737280843
173.327699765 -42.736488295
173.328195376 -42.735666197
173.328672192 -42.734837449
173.329263551 -42.734085834
173.330340063 -42.733660895
173.330649535 -42.733076880
173.330031470 -42.732300504
173.329547452 -42.731482306
173.329581980 -42.730648020
173.330212876 -42.729877647
173.330439664 -42.729021074
173.329669080 -42.728393942
173.328721168 -42.727826524
173.328332915 -42.727061671
173.328328334 -42.726161469
173.328382813 -42.725262234
173.328441577 -42.724363067
173.328852259 -42.723558630
173.329593018 -42.722843040
173.330333761 -42.722127446
173.331345817 -42.721628896
173.332144361 -42.720965277
173.331587311 -42.720371951
173.330618850 -42.719823839
173.329749273 -42.719196815
173.328911447 -42.718552381
173.327736348 -42.718308326
173.326608720 -42.717978347
173.326307739 -42.717201616
173.326927737 -42.716426139
173.327451126 -42.715614752
173.327645292 -42.714753439
173.327534334 -42.713856954
173.327423379 -42.712960469
173.326709757 -42.712235920
173.326582739 -42.711391560
173.326703816 -42.710495786
173.326824889 -42.709600011
173.327867571 -42.709154829
173.328817138 -42.708600326
173.329651307 -42.707956391
173.329968669 -42.707097861
173.329758716 -42.706211066
173.329403529 -42.705351529
173.328848203 -42.704578723
173.327916600 -42.703997938
173.328007623 -42.703167747
173.328806212 -42.702486973
173.329553956 -42.701777345
173.330130788 -42.700999689
173.330327137 -42.700114321
173.330206845 -42.699218489
173.330107775 -42.698322364
173.330182611 -42.697423846
173.330182801 -42.696524485
173.330452819 -42.695677528
173.331025349 -42.694882528
173.331597865 -42.694087525
173.332149076 -42.693287305
173.332320514 -42.692396095
173.332474606 -42.691503086
173.332670992 -42.690615117
173.332912625 -42.689732889
173.333227141 -42.688863089
173.333110130 -42.688019540
173.332675959 -42.687179809
173.332291809 -42.686325562
173.332076188 -42.685463802
173.332214162 -42.684569360
173.333125504 -42.684118455
173.333179465 -42.683243436
173.333045512 -42.682392304
173.332761887 -42.681526292
173.332663694 -42.680628996
173.332570030 -42.679732534
173.333429028 -42.679192476
173.334582348 -42.678908831
173.334799222 -42.678154718
173.334196020 -42.677372732
173.333522139 -42.676622308
173.333225244 -42.675757511
173.333432854 -42.674879338
173.332732093 -42.674181774
173.331718993 -42.673680503
173.330665164 -42.673234183
173.329595588 -42.672835677
173.328959388 -42.672067572
173.329787675 -42.671521464
173.330189457 -42.670698291
173.329470649 -42.670133228
173.328320548 -42.669850275
173.327702532 -42.669209881
173.327404549 -42.668337005
173.327045031 -42.667476774
173.327068270 -42.666614444
173.327619123 -42.665820349
173.328276048 -42.665061828
173.328549801 -42.664185371
173.328517154 -42.663320836
173.328236195 -42.662452880
173.328143174 -42.661555280
173.327631735 -42.660769238
173.327130730 -42.659958022
173.327402376 -42.659125390
173.327715140 -42.658260455
173.328055458 -42.657425648
173.328992134 -42.656849098
173.329792137 -42.656169870
173.330593794 -42.655491445
173.331305256 -42.654771990
173.331771927 -42.653940277
173.332005205 -42.653060864
173.332184546 -42.652170426
173.332888382 -42.651442692
173.333817698 -42.650932326
173.334988993 -42.650681711
173.335917064 -42.650118222
173.336432627 -42.649407296
173.336230737 -42.648519496
173.336009926 -42.647634324
173.335760987 -42.646753059
173.335969983 -42.645866497
173.336181405 -42.644979904
173.336392822 -42.644093312
173.336501228 -42.643197415
173.336824077 -42.642347041
173.337502967 -42.641637909
173.338567824 -42.641201593
173.339481580 -42.640682470
173.340651634 -42.640430603
173.341792550 -42.640113040
173.342847459 -42.639686273
173.343756864 -42.639098080
173.344039475 -42.638222369
173.343664211 -42.637405631
173.344279729 -42.636705687
173.345326576 -42.636309883
173.346538721 -42.636217272
173.347643874 -42.635866346
173.348502553 -42.635227263
173.349512697 -42.634724510
173.350168020 -42.633992262
173.350750146 -42.633206260
173.351570349 -42.632540217
173.352519225 -42.631987060
173.353547889 -42.631503899
173.354386158 -42.630853731
173.354896198 -42.630041511
173.355446846 -42.629245036
173.356186198 -42.628529268
173.357089391 -42.627932649
173.358047160 -42.627375722
173.359004912 -42.626818787
173.360087231 -42.626411306
173.361138025 -42.625961902
173.362121973 -42.625431249
173.363064188 -42.624860070
173.363995563 -42.624279413
173.364916243 -42.623689405
173.365870175 -42.623129466
173.366819978 -42.622568711
173.367551049 -42.621848359
173.368434158 -42.621255861
173.369351472 -42.620719660
173.370239703 -42.620187825
173.371343227 -42.619806856
173.372173696 -42.619147906
173.373004148 -42.618488951
173.374178682 -42.618337009
173.375376329 -42.618185046
173.376417727 -42.617759273
173.377157121 -42.617064615
173.378260959 -42.616727536
173.379318903 -42.616281795
173.380257867 -42.615723357
173.381087582 -42.615063927
173.381948191 -42.614427474
173.382850128 -42.613822265
173.383817876 -42.613275034
173.384914087 -42.612885761
173.386022602 -42.612511620
173.387097001 -42.612087673
173.388152958 -42.611642163
173.388893853 -42.610927381
173.389715693 -42.610277530
173.390744605 -42.609795568
173.391832186 -42.609389366
173.392919754 -42.608983155
173.393953083 -42.608510057
173.394951180 -42.607993513
173.396019804 -42.607565110
173.396948975 -42.607014228
173.398018181 -42.606630976
173.399082972 -42.606198656
173.400035737 -42.605668210
173.400657913 -42.604894151
173.401381766 -42.604179831
173.402262535 -42.603557699
173.403397377 -42.603389088
173.404615657 -42.603369405
173.405833937 -42.603349709
173.407046717 -42.603303250
173.408217971 -42.603054830
173.408979120 -42.602387065
173.409941337 -42.601863529
173.411090022 -42.601596406
173.412300648 -42.601555162
173.413518755 -42.601579023
173.414660797 -42.601333040
173.415702929 -42.600882489
173.416662613 -42.600337517
173.417749862 -42.599931076
173.418923984 -42.599813342
173.419882791 -42.600303924
173.420764244 -42.600925487
173.421891996 -42.601157173
173.423102984 -42.601257161
173.424218293 -42.601603954
173.425304284 -42.602012029
173.426433826 -42.602262499
173.427650830 -42.602217218
173.428823086 -42.602411386
173.429696553 -42.602431008
173.429605264 -42.601533306
173.429464672 -42.600646401
173.428848653 -42.599875705
173.427901812 -42.599309072
173.426898220 -42.598804062
173.425837344 -42.598361247
173.425064645 -42.597750393
173.424728180 -42.596885166
173.424217468 -42.596109129
173.423013660 -42.595970101
173.421797265 -42.595991565
173.420598598 -42.596144576
173.419397527 -42.596294935
173.418756330 -42.595764931
173.419682763 -42.595294138
173.420893062 -42.595190416
173.422093939 -42.595041029
173.423281912 -42.594846270
173.424446224 -42.594581013
173.425608379 -42.594310659
173.426719818 -42.593960838
173.427667169 -42.593426765
173.428081673 -42.592580232
173.428319984 -42.591742449
173.427755901 -42.590944520
173.427586819 -42.590059981
173.427470578 -42.589163856
173.426870265 -42.588400158
173.426265747 -42.587627056
173.425857689 -42.586778826
173.425638834 -42.585897063
173.425481842 -42.585004337
173.425311994 -42.584112899
173.425141525 -42.583221522
173.424766754 -42.582381505
173.424442744 -42.581551060
173.424517865 -42.580652538
173.423804771 -42.580784231
173.422816438 -42.581310360
173.421824502 -42.581832723
173.420825539 -42.582347622
173.419859239 -42.582895785
173.418738113 -42.583246443
173.417613919 -42.583593192
173.416455309 -42.583870525
173.415294037 -42.584142498
173.414132755 -42.584414460
173.412958929 -42.584655063
173.411784114 -42.584893203
173.410609289 -42.585131331
173.409434457 -42.585369447
173.408269056 -42.585631564
173.407104465 -42.585895756
173.405904967 -42.586045782
173.404699786 -42.586177228
173.403499824 -42.586328223
173.402317436 -42.586545026
173.401701560 -42.587202967
173.400584999 -42.587547819
173.399394026 -42.587737310
173.398271132 -42.588079308
173.397278102 -42.588555496
173.396571559 -42.589288881
173.395851067 -42.590014799
173.395127567 -42.590739110
173.394342804 -42.591424647
173.393485191 -42.592064073
173.392501263 -42.592570539
173.391395898 -42.592949173
173.390330842 -42.593378612
173.389343837 -42.593906427
173.388356818 -42.594434234
173.387330312 -42.594918537
173.386294657 -42.595392766
173.385316234 -42.595037178
173.384389224 -42.594737035
173.384342246 -42.595605587
173.384376268 -42.596494382
173.383342301 -42.596716022
173.382276706 -42.597086879
173.381138440 -42.597397861
173.379967484 -42.597643658
173.378783389 -42.597855971
173.377660643 -42.598202051
173.376567893 -42.598595520
173.375546514 -42.599086431
173.374553453 -42.599602672
173.373708157 -42.600251072
173.372866752 -42.600902201
173.372035950 -42.601560759
173.371205131 -42.602219311
173.370218083 -42.602724213
173.369022037 -42.602797142
173.368011019 -42.602426346
173.367034737 -42.601896246
173.366000066 -42.601420728
173.364977747 -42.600930985
173.363958191 -42.600438027
173.362931549 -42.599953130
173.361874043 -42.599506274
173.360730155 -42.599297386
173.359511669 -42.599301091
173.358293184 -42.599304782
173.357213234 -42.599713485
173.356122380 -42.600113593
173.354991373 -42.600063073
173.353839238 -42.599770545
173.352679465 -42.599494436
173.351519702 -42.599218315
173.350324476 -42.599049709
173.349122813 -42.598900617
173.347921154 -42.598751512
173.346719502 -42.598602395
173.345660894 -42.598168647
173.344616584 -42.597704917
173.343558265 -42.597258800
173.342638042 -42.596687962
173.341836470 -42.596009972
173.340717422 -42.595692589
173.339545514 -42.595448326
173.338357906 -42.595247159
173.337170306 -42.595045978
173.336422176 -42.594404342
173.335810809 -42.593625647
173.334881109 -42.593061733
173.333904318 -42.592524319
173.332898996 -42.592037291
173.331723912 -42.591885609
173.330518457 -42.592016285
173.329671443 -42.591903693
173.329849102 -42.591274312
173.330639038 -42.590723884
173.330810922 -42.589832649
173.331389084 -42.589114806
173.332335274 -42.588547859
173.333103837 -42.587885980
173.333205626 -42.587010947
173.332720366 -42.586286146
173.331590198 -42.586019451
173.330374249 -42.585964254
173.329251000 -42.585690008
173.328453582 -42.585036722
173.327787979 -42.584282742
173.327753634 -42.583389104
173.327897372 -42.582495830
173.327947244 -42.581603155
173.328036518 -42.580743780
173.328614200 -42.579951205
173.329196693 -42.579160620
173.329808116 -42.578381997
173.330296820 -42.577586116
173.330115082 -42.576695953
173.329775968 -42.575834601
173.329102544 -42.575144538
173.329402639 -42.574364227
173.330260671 -42.573725272
173.330760057 -42.572907529
173.331216006 -42.572072901
173.331654514 -42.571233025
173.332254006 -42.570453406
173.332949683 -42.569718344
173.333807616 -42.569079362
173.334298924 -42.568304987
173.334475012 -42.567414202
173.334364624 -42.566522266
173.334201680 -42.565630119
173.334343478 -42.564830559
173.335163627 -42.564190174
173.335552473 -42.563362926
173.335563854 -42.562465528
173.336120291 -42.561664751
173.336404033 -42.560797636
173.335227596 -42.560810737
173.334225614 -42.561300959
173.333106128 -42.561608246
173.331990536 -42.561936731
173.331272170 -42.562653996
173.330278166 -42.563161306
173.329417399 -42.563797760
173.328426267 -42.564320866
173.327383523 -42.564784510
173.326327111 -42.565232412
173.325423709 -42.565792827
173.325119988 -42.566648771
173.324838129 -42.567513936
173.324432301 -42.568351079
173.324326192 -42.569246483
173.324654392 -42.570113420
173.324318005 -42.570934270
173.323616784 -42.571643423
173.323621254 -42.572543660
173.323625724 -42.573443896
173.322844618 -42.574013472
173.321999216 -42.574633511
173.321370395 -42.575403529
173.320338452 -42.575620400
173.319219393 -42.575835454
173.318566441 -42.575760644
173.318482879 -42.574870300
173.318655741 -42.573979168
173.318828598 -42.573088036
173.319175423 -42.572241093
173.319827948 -42.571489051
173.320758287 -42.570908033
173.321628933 -42.570282293
173.322368113 -42.569579679
173.322665636 -42.568706708
173.322803353 -42.567834575
173.322545813 -42.566956027
173.322360754 -42.566066239
173.322175700 -42.565176451
173.322475647 -42.564312209
173.323102740 -42.563550866
173.323921081 -42.562889064
173.324516859 -42.562132801
173.324910966 -42.561280999
173.325167225 -42.560416157
173.325075988 -42.559518442
173.325080701 -42.558620768
173.325173332 -42.557723130
173.325265960 -42.556825491
173.325407384 -42.555932580
173.325630805 -42.555047616
173.325636497 -42.554157709
173.325486964 -42.553264278
173.325153727 -42.552411253
173.324618498 -42.551602656
173.323981217 -42.550835879
173.323353149 -42.550064972
173.322767320 -42.549275793
173.322181506 -42.548486609
173.321595844 -42.547697367
173.321014734 -42.546906290
173.320468654 -42.546104011
173.320087022 -42.545249141
173.319734767 -42.544389035
173.319548035 -42.543499441
173.319290297 -42.542620132
173.318594052 -42.542041436
173.317477587 -42.541979873
173.316586011 -42.542592876
173.316437902 -42.543410137
173.316501081 -42.544307900
173.316505443 -42.545208143
173.316509806 -42.546108387
173.316400630 -42.546994674
173.316002548 -42.547845445
173.315579009 -42.548689240
173.315130870 -42.549526293
173.314552993 -42.550318161
173.314314534 -42.551177683
173.314273798 -42.552077428
173.313839614 -42.552792275
173.312865514 -42.553281274
173.312329910 -42.554089158
173.311620490 -42.554820835
173.310620896 -42.554766778
173.309501429 -42.554434897
173.308559209 -42.554782676
173.308294941 -42.555650885
173.308603715 -42.556484708
173.308698611 -42.557208129
173.307828827 -42.557838177
173.306944705 -42.558457187
173.306159763 -42.559140448
173.305443806 -42.559868667
173.304714344 -42.560589435
173.303973071 -42.561303685
173.304046575 -42.562172408
173.304485842 -42.563000843
173.305267150 -42.563657464
173.306263346 -42.564175266
173.307282637 -42.564667595
173.307713462 -42.565456340
173.307905379 -42.566333686
173.307457013 -42.567170707
173.306964971 -42.567994076
173.306653178 -42.568810241
173.306922492 -42.569614405
173.306207179 -42.570320461
173.305310581 -42.570929530
173.304396747 -42.571524689
173.303709693 -42.572267386
173.303370921 -42.573117825
173.303255161 -42.574005158
173.303397614 -42.574899222
173.303788560 -42.575741732
173.304301195 -42.576557311
173.305275792 -42.577052388
173.306273595 -42.577259215
173.306365841 -42.578156871
173.306458090 -42.579054526
173.306549095 -42.579952205
173.306518529 -42.580852163
173.306149041 -42.581641165
173.305234734 -42.582230317
173.304183385 -42.582685055
173.303523641 -42.583363500
173.303192997 -42.584229951
173.302793640 -42.585080194
173.302393821 -42.585930276
173.302078720 -42.586799886
173.301763611 -42.587669495
173.301448494 -42.588539103
173.301151522 -42.589412159
173.300860063 -42.590286261
173.300506425 -42.591134560
173.299568046 -42.591676582
173.298379290 -42.591837123
173.297173661 -42.591768040
173.295985755 -42.591575608
173.294855923 -42.591238751
173.293663493 -42.591084926
173.292498819 -42.591233380
173.291402737 -42.591602284
173.290687122 -42.592330882
173.289713754 -42.592806166
173.288567698 -42.593111732
173.287567101 -42.593590541
173.286721271 -42.594235341
173.286036106 -42.594975773
173.285593181 -42.595814429
173.285090717 -42.596633091
173.284369542 -42.597344288
173.283493261 -42.597969822
173.282591806 -42.598575461
173.281687785 -42.599179078
173.280783747 -42.599782687
173.279936290 -42.600429170
173.279109667 -42.601090421
173.278301450 -42.601764160
173.277472018 -42.602420950
173.276554079 -42.603002745
173.275816021 -42.603716899
173.274957025 -42.604355451
173.273859025 -42.604130289
173.272819227 -42.603666589
173.271768285 -42.603214343
173.270710195 -42.602773074
173.269657320 -42.602464962
173.268463145 -42.602644205
173.267802116 -42.603133209
173.267866982 -42.604031082
173.268116322 -42.604912275
173.268310526 -42.605800037
173.268213114 -42.606638202
173.267577385 -42.607388711
173.268178056 -42.608171996
173.268640327 -42.608989322
173.268513816 -42.609866065
173.267872642 -42.610618219
173.266885592 -42.611145336
173.266078775 -42.611766189
173.266829532 -42.612371677
173.266058512 -42.613006732
173.265836055 -42.613890581
173.265361115 -42.614712435
173.265071574 -42.615556962
173.265247057 -42.616436842
173.264760605 -42.616965054
173.263604312 -42.617247481
173.262506260 -42.617638249
173.261426535 -42.618052386
173.260419602 -42.618559583
173.259383403 -42.619033650
173.258351116 -42.619512117
173.257351967 -42.620027766
173.256355555 -42.620546265
173.255368079 -42.621074056
173.254380587 -42.621601838
173.253387177 -42.622123356
173.252374871 -42.622624861
173.251387952 -42.623151779
173.250440515 -42.623718225
173.249526532 -42.624308123
173.248810061 -42.625036461
173.248093574 -42.625764792
173.247344968 -42.626474306
173.246747720 -42.627207670
173.247065246 -42.628010052
173.247370182 -42.628702582
173.246621230 -42.629382520
173.245673033 -42.629948335
173.244713110 -42.630503034
173.243728065 -42.631033452
173.242711590 -42.631530441
173.241495128 -42.631496182
173.240295144 -42.631343802
173.239094114 -42.631429490
173.238801001 -42.632222413
173.238461507 -42.633078733
173.237740921 -42.633804904
173.236940706 -42.634344846
173.235722157 -42.634315678
173.234574339 -42.634035509
173.233367681 -42.634022546
173.232224718 -42.634264860
173.231712645 -42.635027942
173.231101485 -42.635731499
173.232073289 -42.636219810
173.232776300 -42.636784212
173.233218066 -42.637585897
173.233107876 -42.638463730
173.232615234 -42.639280995
173.231927919 -42.639989951
173.231027308 -42.640596752
173.230116113 -42.641194947
173.229097282 -42.641684906
173.227982732 -42.642041628
173.226785386 -42.642189160
173.225570703 -42.642254107
173.224351563 -42.642270676
173.223215075 -42.642572059
173.222778472 -42.643297671
173.222931446 -42.644166360
173.222745253 -42.645053420
173.222633750 -42.645949801
173.222499081 -42.646844528
173.222426848 -42.647740351
173.222530604 -42.648629777
173.222876732 -42.649368537
173.222449056 -42.650195514
173.221657081 -42.650878239
173.220772550 -42.651497987
173.220155774 -42.652211483
173.220513784 -42.652812761
173.221518847 -42.652560618
173.222380417 -42.651982861
173.223320558 -42.652039526
173.223533788 -42.652925886
173.222962711 -42.653685076
173.222526472 -42.654509072
173.222253644 -42.655386490
173.221842449 -42.656230445
173.222193658 -42.656952841
173.223350645 -42.656843487
173.224007587 -42.657100250
173.224048050 -42.657999969
173.224100849 -42.658899352
173.224182130 -42.659797378
173.224286473 -42.660694303
173.224350525 -42.661592799
173.224374616 -42.662492850
173.224417134 -42.663392437
173.224476220 -42.664291606
173.224535309 -42.665190775
173.224403619 -42.666076939
173.224171862 -42.666960163
173.223978332 -42.667848989
173.223553389 -42.668686157
173.223113117 -42.669520792
173.222879711 -42.670404389
173.222646297 -42.671287984
173.222388344 -42.672167101
173.222036640 -42.673029107
173.221684926 -42.673891112
173.221315836 -42.674748636
173.220863306 -42.675584644
173.220410765 -42.676420650
173.219958211 -42.677256655
173.219518263 -42.678096293
173.219083087 -42.678937309
173.218647900 -42.679778322
173.218212702 -42.680619334
173.217816434 -42.681470437
173.217443129 -42.682327493
173.217069813 -42.683184549
173.216696488 -42.684041603
173.216323152 -42.684898655
173.215929999 -42.685750531
173.215488971 -42.686589899
173.214751910 -42.686183000
173.213630735 -42.686050669
173.212420363 -42.686164662
173.211208447 -42.686269424
173.209995878 -42.686200443
173.208782608 -42.686105063
173.207566882 -42.686028037
173.206416739 -42.686271668
173.205394230 -42.686688215
173.205266334 -42.687561585
173.205365157 -42.688458849
173.206084842 -42.689183680
173.207018195 -42.689763574
173.208217587 -42.689726727
173.209357440 -42.689413778
173.210493276 -42.689084866
173.211636343 -42.688769760
173.212848318 -42.688706477
173.212599284 -42.689353687
173.212117022 -42.690172840
173.211875316 -42.691055228
173.211695303 -42.691943785
173.211609844 -42.692841796
173.211524384 -42.693739807
173.211380171 -42.694633465
173.211221799 -42.695526074
173.211063423 -42.696418683
173.210905042 -42.697311292
173.210746657 -42.698203899
173.210588271 -42.699096510
173.210414867 -42.699987553
173.210231248 -42.700877530
173.210047624 -42.701767507
173.209863995 -42.702657483
173.209663997 -42.703545166
173.209392337 -42.704422809
173.209120671 -42.705300451
173.208850680 -42.706178360
173.208607801 -42.707060580
173.208364915 -42.707942801
173.208110116 -42.708822924
173.207786157 -42.709690863
173.207462188 -42.710558801
173.206961120 -42.711379164
173.206433363 -42.712190525
173.205867445 -42.712987852
173.205373580 -42.713811116
173.204848878 -42.714623705
173.204290318 -42.715423497
173.203632517 -42.716181855
173.202831811 -42.716856864
173.201894781 -42.717408029
173.200731969 -42.717669233
173.199535581 -42.717848258
173.198333272 -42.718004487
173.197152724 -42.718110246
173.196468049 -42.718855441
173.195749516 -42.719577245
173.194823788 -42.720160362
173.193813774 -42.720665714
173.192782333 -42.721146934
173.191657141 -42.721496334
173.190548333 -42.721871591
173.189350366 -42.722045299
173.188366802 -42.722578488
173.188100386 -42.723452118
173.187849538 -42.724333134
173.187598682 -42.725214150
173.187347821 -42.726095165
173.187763966 -42.726540881
173.188980532 -42.726464226
173.190182543 -42.726309846
173.191347268 -42.726251179
173.192345288 -42.726529242
173.193395777 -42.726071076
173.194306593 -42.725471540
173.195280274 -42.724937069
173.196346288 -42.724498153
173.197412288 -42.724059228
173.198560015 -42.723779524
173.199753011 -42.723588006
173.200945994 -42.723396479
173.201806263 -42.723829446
173.201523942 -42.724693834
173.201268693 -42.725572483
173.201095668 -42.726463617
173.200922637 -42.727354749
173.201074496 -42.728246303
173.201243257 -42.729137879
173.201240157 -42.730033257
173.201144217 -42.730930691
173.200746538 -42.731781518
173.200370739 -42.732636060
173.200232420 -42.733530483
173.200071900 -42.734422075
173.199794868 -42.735298821
173.199517829 -42.736175568
173.199305369 -42.737061759
173.199107290 -42.737950055
173.198941918 -42.738841947
173.198779606 -42.739734176
173.198617288 -42.740626405
173.198189099 -42.741467832
173.197573160 -42.742206273
173.196747942 -42.742850512
173.196770701 -42.743738843
173.195764639 -42.744246167
173.194783758 -42.744476101
173.193913786 -42.745107885
173.192965319 -42.745644611
173.191881178 -42.745397198
173.190751684 -42.745056294
173.189592324 -42.744789367
173.188428184 -42.744953010
173.187666651 -42.745639760
173.187579391 -42.746527705
173.188121100 -42.747253786
173.189045412 -42.747786722
173.188369366 -42.748457790
173.187775411 -42.749076742
173.187970811 -42.749964914
173.187944112 -42.750852172
173.187571050 -42.751707075
173.187011467 -42.752415429
173.185818779 -42.752526890
173.184722438 -42.752923777
173.183900067 -42.753497655
173.184450230 -42.754219194
173.185377943 -42.754801652
173.186363874 -42.755333129
173.187538868 -42.755345673
173.188615814 -42.755295402
173.189579528 -42.754742222
173.190254773 -42.754014028
173.190806364 -42.753210818
173.191725606 -42.752619252
173.192583196 -42.751979743
173.193519042 -42.751968408
173.193031861 -42.752793924
173.192581060 -42.753630143
173.192163010 -42.754475998
173.191744947 -42.755321850
173.191238408 -42.756139723
173.190694434 -42.756945757
173.189529962 -42.757184083
173.188316244 -42.757082007
173.187100830 -42.756991742
173.185906739 -42.756831962
173.184840879 -42.756864137
173.184471671 -42.757593840
173.184824104 -42.758432319
173.184223882 -42.758842571
173.183010193 -42.758740097
173.181924720 -42.758996618
173.180952017 -42.759540831
173.179980053 -42.760083977
173.178933748 -42.760548684
173.177809674 -42.760898976
173.176717475 -42.761291404
173.175702021 -42.761788209
173.174583714 -42.762150647
173.173875980 -42.762756792
173.173677994 -42.763629578
173.174547831 -42.764249284
173.175733773 -42.764403032
173.176928494 -42.764244922
173.178047944 -42.763884343
173.179131628 -42.763471457
173.180237267 -42.763118826
173.181335182 -42.763221078
173.182040160 -42.763947775
173.182394565 -42.764785609
173.182149029 -42.765450815
173.181033154 -42.765176528
173.180066611 -42.765523358
173.179877092 -42.766407414
173.178754926 -42.766404368
173.177548095 -42.766444052
173.176477980 -42.766878466
173.175310740 -42.766772576
173.174684273 -42.765999719
173.173656036 -42.765887707
173.173017653 -42.766614056
173.172741404 -42.767490522
173.171964641 -42.767856297
173.170752457 -42.767743535
173.169544526 -42.767610179
173.168341643 -42.767452378
173.167306024 -42.767010202
173.166327237 -42.766471420
173.165436670 -42.765858138
173.164579424 -42.765216724
173.163800036 -42.764535633
173.163287948 -42.763718321
173.162942596 -42.762856517
173.162408379 -42.762114120
173.161289515 -42.761819508
173.160068222 -42.761842548
173.158966522 -42.761482476
173.158805532 -42.760665568
173.159552595 -42.759953320
173.159931057 -42.759128812
173.159512202 -42.758360126
173.158484465 -42.757891760
173.157502057 -42.757366616
173.156754475 -42.756674248
173.156600418 -42.755844600
173.156931361 -42.754978051
173.156827434 -42.754097005
173.156063489 -42.753801987
173.154866085 -42.753980059
173.153667358 -42.754153192
173.153476431 -42.754971484
173.152675688 -42.755651322
173.151946893 -42.756352686
173.150965245 -42.756888496
173.149901087 -42.757320525
173.148904018 -42.757796031
173.148183810 -42.758523166
173.147463586 -42.759250297
173.146627792 -42.759896091
173.145675062 -42.760459586
173.144641422 -42.760922364
173.143588845 -42.761342439
173.142674700 -42.761852842
173.141462675 -42.761965903
173.140250646 -42.762078952
173.139036077 -42.762172567
173.137864840 -42.762295964
173.136984234 -42.762842490
173.135794248 -42.763038522
173.135510894 -42.763914189
173.135500124 -42.764813315
173.135501937 -42.765713524
173.135569294 -42.766612183
173.135645768 -42.767510626
173.135899576 -42.768389815
173.136175182 -42.769266789
173.136416595 -42.770149250
173.136318790 -42.771025385
173.136017069 -42.771897720
173.134970499 -42.772353587
173.133883772 -42.772765157
173.132859721 -42.773241326
173.131979466 -42.773865696
173.131735692 -42.774728520
173.131189134 -42.775419911
173.130458263 -42.776021101
173.130087790 -42.776867789
173.129260586 -42.777347312
173.128258069 -42.776923616
173.127517839 -42.776216946
173.126908654 -42.775439847
173.126460963 -42.774602236
173.126013286 -42.773764622
173.125617827 -42.772912874
173.125222915 -42.772060982
173.124351473 -42.772387084
173.123668737 -42.773128418
173.123522664 -42.774006383
173.124180344 -42.774752304
173.125094925 -42.775348978
173.126044655 -42.775888525
173.126269553 -42.776757264
173.125657616 -42.777248942
173.124441073 -42.777243853
173.123228152 -42.777353390
173.122356555 -42.777976817
173.122102263 -42.778756745
173.122521413 -42.779602341
173.122969914 -42.780439716
173.123163928 -42.781309678
173.122943934 -42.782176280
173.122408220 -42.782985392
173.121332631 -42.783204773
173.120993024 -42.783927727
173.120884772 -42.784824395
173.120776519 -42.785721063
173.121441334 -42.786335573
173.122343277 -42.786931668
173.121929433 -42.787739302
173.120869061 -42.788186968
173.119808672 -42.788634625
173.118825228 -42.789166017
173.118018996 -42.789831797
173.117514817 -42.790638918
173.117158840 -42.791500101
173.117409081 -42.792092634
173.118608929 -42.792264343
173.119808783 -42.792436040
173.121011964 -42.792592998
173.122222758 -42.792716215
173.123433558 -42.792839418
173.124190805 -42.792511595
173.124383798 -42.791622682
173.124938482 -42.790953834
173.126087300 -42.790646476
173.127236106 -42.790339105
173.128367880 -42.790108215
173.129114594 -42.790751790
173.129217818 -42.791648776
173.130043167 -42.791836954
173.131241369 -42.791659139
173.132439565 -42.791481312
173.133132534 -42.792205509
173.133812029 -42.792953788
173.134491540 -42.793702061
173.135171068 -42.794450331
173.135977065 -42.795113360
173.136929133 -42.795677934
173.137723194 -42.796320915
173.138076216 -42.797182757
173.139077940 -42.797620256
173.140270816 -42.797423615
173.141460464 -42.797571661
173.142651446 -42.797721050
173.143822030 -42.797512254
173.144668528 -42.796862822
173.145515007 -42.796213384
173.146592221 -42.796002960
173.147811824 -42.796063428
173.149032547 -42.796109040
173.150239704 -42.796069586
173.151384904 -42.795914182
173.151625166 -42.796622208
173.151553482 -42.797514472
173.151877029 -42.798376773
173.151665489 -42.799252331
173.150951309 -42.799959978
173.149888975 -42.800397322
173.148857686 -42.800880679
173.148753478 -42.801710217
173.148440622 -42.802544261
173.148345657 -42.803409799
173.148961308 -42.804157439
173.149091670 -42.804920342
173.148186609 -42.805495126
173.147612684 -42.806271878
173.147165750 -42.807109297
173.146911466 -42.807977859
173.146976825 -42.808870118
173.147857575 -42.808977282
173.148813294 -42.808579205
173.149877216 -42.808767241
173.150964185 -42.808355125
173.152078287 -42.807985006
173.153236854 -42.807746334
173.154458264 -42.807706759
173.155633502 -42.807833588
173.156735982 -42.808222695
173.157876568 -42.808542692
173.159035484 -42.808829452
173.160226634 -42.808998329
173.161445987 -42.809064042
173.162658133 -42.809164078
173.163847511 -42.809372562
173.164773387 -42.809920461
173.165321741 -42.810715496
173.165804792 -42.811542454
173.166287855 -42.812369410
173.166253327 -42.813268142
173.166209730 -42.814167718
173.166094205 -42.815063888
173.165978678 -42.815960058
173.165603448 -42.816812995
173.165183988 -42.817658571
173.164530950 -42.818406603
173.164341378 -42.819149769
173.164901367 -42.819950020
173.165698504 -42.820628581
173.166524705 -42.821292231
173.167176010 -42.822046888
173.167590703 -42.822876174
173.167677497 -42.823771903
173.167257935 -42.824617253
173.166901195 -42.825468432
173.166818907 -42.826364940
173.166444401 -42.827190709
173.165433574 -42.827674851
173.164263893 -42.827928963
173.163056756 -42.828073433
173.162029339 -42.828534370
173.161803530 -42.829334703
173.162248388 -42.830155774
173.162255427 -42.831050254
173.162931638 -42.831714701
173.164106578 -42.831528537
173.165132824 -42.831046661
173.166048725 -42.830460497
173.166871311 -42.829983514
173.168020876 -42.830290796
173.167394373 -42.830901314
173.166682575 -42.831625321
173.166173441 -42.832427951
173.165975419 -42.833304784
173.165399614 -42.834088152
173.164521268 -42.834713634
173.163574928 -42.835283949
173.163005118 -42.836037046
173.163092465 -42.836934938
173.163663885 -42.837686174
173.164366925 -42.838408488
173.164759768 -42.839260988
173.165152620 -42.840113487
173.165437819 -42.840984007
173.165653234 -42.841862948
173.166183063 -42.842674315
173.166835967 -42.843431824
173.167744521 -42.843989923
173.168481580 -42.844618419
173.168161824 -42.845462687
173.167103142 -42.845880810
173.165976406 -42.846231428
173.164849657 -42.846582035
173.163677524 -42.846834016
173.162723265 -42.847327362
173.162085617 -42.848088162
173.161560761 -42.848901265
173.160965235 -42.849687057
173.160629166 -42.850536824
173.160502311 -42.851431984
173.159978407 -42.852190509
173.159131979 -42.852840507
173.158313732 -42.853504902
173.157998094 -42.854330085
173.158897320 -42.854840231
173.160030173 -42.855055272
173.159705854 -42.855852901
173.159487485 -42.856708807
173.159914057 -42.857480659
173.160976920 -42.857914668
173.162195260 -42.857984373
173.163418528 -42.857964174
173.164641796 -42.857943963
173.165758740 -42.858309109
173.166946731 -42.858144746
173.168088451 -42.857830797
173.168915232 -42.857209572
173.169588058 -42.856458008
173.170213558 -42.855684342
173.170786639 -42.854894569
173.171094921 -42.854023425
173.171403195 -42.853152280
173.171711460 -42.852281134
173.172610996 -42.851717668
173.173414815 -42.851084008
173.173907143 -42.850260000
173.174369733 -42.849426641
173.175125830 -42.848730609
173.175945924 -42.848063065
173.176834070 -42.847884000
173.177973145 -42.848126031
173.179195663 -42.848159846
173.180418181 -42.848193648
173.181640701 -42.848227437
173.182854940 -42.848246929
173.183667847 -42.847574210
173.184571343 -42.846984755
173.185641251 -42.846548251
173.186657778 -42.846048171
173.187579013 -42.845459750
173.188572014 -42.845113343
173.189586896 -42.845516634
173.189673763 -42.846226131
173.188949574 -42.846951244
173.188086362 -42.847589125
173.187150068 -42.848164350
173.186162184 -42.848695346
173.185270668 -42.849308980
173.184407385 -42.849946833
173.183317751 -42.850229215
173.182450818 -42.849792184
173.181288020 -42.849904438
173.180087986 -42.850079600
173.178887946 -42.850254749
173.177687898 -42.850429887
173.176522023 -42.850649004
173.175708044 -42.851321048
173.174846818 -42.851960344
173.174038154 -42.852634249
173.173374570 -42.853381524
173.172886345 -42.854206936
173.172398108 -42.855032348
173.172025577 -42.855877623
173.171966830 -42.856776770
173.171908083 -42.857675917
173.171849332 -42.858575065
173.171486402 -42.859422149
173.170999617 -42.860248036
173.170035531 -42.860037905
173.168996723 -42.860351082
173.168797943 -42.861185125
173.168889546 -42.862082783
173.168877221 -42.862982237
173.168843022 -42.863882070
173.168808821 -42.864781902
173.168489200 -42.865646151
173.167894030 -42.866422585
173.166881296 -42.866721036
173.166444879 -42.866164185
173.166455250 -42.865264417
173.166430523 -42.864364417
173.166405796 -42.863464417
173.166381071 -42.862564417
173.166356345 -42.861664417
173.165997071 -42.860822886
173.165127731 -42.860246703
173.164018131 -42.859882832
173.162835261 -42.859652481
173.161615882 -42.859581601
173.160562433 -42.859980104
173.159916242 -42.860631803
173.159879226 -42.861531525
173.160473462 -42.862318434
173.161067714 -42.863105340
173.161169678 -42.863953796
173.160962176 -42.864840945
173.160904454 -42.865734330
173.160974531 -42.866633036
173.160349120 -42.867394650
173.159677490 -42.868147153
173.159521543 -42.868981013
173.159103615 -42.869782823
173.158147598 -42.870293495
173.156964925 -42.870434309
173.155806379 -42.870587324
173.154835122 -42.871135014
173.153853516 -42.871672093
173.152836370 -42.872172707
173.151900458 -42.872743568
173.151065926 -42.873401963
173.150495509 -42.874198402
173.149925078 -42.874994836
173.149354633 -42.875791272
173.148874140 -42.876558063
173.147837783 -42.877036482
173.146849104 -42.877567142
173.146186186 -42.878315066
173.145597072 -42.879103823
173.145397696 -42.879967671
173.145316981 -42.880865435
173.145295164 -42.881764046
173.145519143 -42.882597648
173.146503330 -42.883115669
173.147635042 -42.883431977
173.148431182 -42.884115749
173.148688059 -42.884979400
173.148805523 -42.885875072
173.148902643 -42.886772417
173.148572958 -42.886873988
173.147810950 -42.886169478
173.146989095 -42.885502402
173.146784663 -42.884624018
173.146145863 -42.883890715
173.145165440 -42.883394852
173.144027429 -42.883063281
173.142828749 -42.883096417
173.142104277 -42.882370832
173.141379821 -42.881645242
173.140655383 -42.880919648
173.140220711 -42.880086365
173.139471554 -42.879504275
173.138316391 -42.879209109
173.137233273 -42.878789833
173.136307440 -42.878213299
173.135132938 -42.878074482
173.134048457 -42.878374876
173.133701634 -42.879138070
173.133716894 -42.880038186
173.134375943 -42.880151557
173.135461168 -42.880209508
173.136519651 -42.880658122
173.137512134 -42.881184979
173.138283334 -42.881865229
173.138953038 -42.882617197
173.139819922 -42.883252736
173.140686825 -42.883888269
173.141445148 -42.884566010
173.140833031 -42.885003856
173.139638689 -42.885164206
173.138499981 -42.885475428
173.137622567 -42.886082159
173.136883514 -42.886728018
173.135664569 -42.886794175
173.134440554 -42.886807370
173.133221783 -42.886883818
173.132012743 -42.887013378
173.130928742 -42.887405026
173.130083771 -42.888024134
173.129527123 -42.888821000
173.129120315 -42.889667636
173.128574389 -42.890473359
173.127380771 -42.890577138
173.126283980 -42.890974735
173.125146935 -42.891308369
173.123992340 -42.891603132
173.122809615 -42.891835578
173.121629219 -42.892074278
173.120450750 -42.892318154
173.119235882 -42.892357800
173.118011744 -42.892345408
173.116787605 -42.892333004
173.115563468 -42.892320586
173.114345791 -42.892364816
173.113171911 -42.892596874
173.112062653 -42.892977788
173.110988936 -42.893409771
173.109919965 -42.893848585
173.108913232 -42.894359788
173.107745035 -42.894511800
173.106522132 -42.894548870
173.105310851 -42.894679804
173.104134223 -42.894914453
173.103008652 -42.895254499
173.101986999 -42.895747364
173.100853201 -42.896039954
173.099630137 -42.896080905
173.098405827 -42.896082565
173.097467590 -42.895539474
173.096555740 -42.895430245
173.095651873 -42.896037443
173.094794238 -42.896676733
173.094021814 -42.897375169
173.092890453 -42.897474934
173.091691617 -42.897529865
173.090553702 -42.897862125
173.089462372 -42.898269670
173.088401993 -42.898712216
173.087482697 -42.899306800
173.086531334 -42.899873390
173.085479312 -42.900303336
173.084407236 -42.900710274
173.083432705 -42.901255269
173.082542131 -42.901872794
173.081911641 -42.902632704
173.081136077 -42.903311615
173.080312417 -42.903957482
173.080323943 -42.904808848
173.080144495 -42.905578630
173.079365711 -42.906273304
173.078586904 -42.906967972
173.077787417 -42.907649743
173.076981786 -42.908327688
173.076115579 -42.908960220
173.075177529 -42.909538889
173.074220317 -42.910100170
173.073255129 -42.910654216
173.072289924 -42.911208254
173.071152204 -42.911540569
173.070013117 -42.911871132
173.068857002 -42.912164419
173.067677257 -42.912405969
173.066497503 -42.912647506
173.065323382 -42.912903278
173.064151581 -42.913164920
173.062976827 -42.913418833
173.061790718 -42.913642981
173.060604601 -42.913867116
173.059407610 -42.914020944
173.058183313 -42.913998115
173.056959017 -42.913975273
173.055739705 -42.914021453
173.054560373 -42.914191198
173.053694849 -42.914828073
173.053041198 -42.915585460
173.052482113 -42.916380997
173.052137144 -42.917244735
173.051761832 -42.918101591
173.051384580 -42.918958008
173.051013583 -42.919815801
173.050689413 -42.920683882
173.050513711 -42.921570402
173.050431752 -42.922468566
173.050349790 -42.923366729
173.050271251 -42.924265057
173.050193000 -42.925163398
173.049679580 -42.925944688
173.048975427 -42.926680344
173.048302202 -42.927418737
173.047189577 -42.927795315
173.046076480 -42.928171138
173.044958288 -42.928538726
173.043831324 -42.928889965
173.042672449 -42.929181702
173.041513562 -42.929473425
173.040362009 -42.929779547
173.039227465 -42.930119051
173.038092906 -42.930458543
173.036952328 -42.930786969
173.035882548 -42.931187480
173.035098604 -42.931879207
173.034801363 -42.932727789
173.034725203 -42.933625208
173.034606979 -42.934519047
173.034402632 -42.935406616
173.033878920 -42.935982199
173.032661753 -42.935888340
173.031446618 -42.936003069
173.030255564 -42.936202316
173.029127985 -42.936492089
173.028721075 -42.937333905
173.027641261 -42.937759182
173.026474466 -42.938026120
173.025304140 -42.938291173
173.024146629 -42.938586193
173.022989106 -42.938881202
173.021907642 -42.939287434
173.021041095 -42.939899580
173.020386543 -42.940657555
173.020141187 -42.941539501
173.019728434 -42.942372138
173.019076525 -42.943134330
173.018121302 -42.943690147
173.017675720 -42.943239757
173.017247835 -42.942483817
173.016110168 -42.942149590
173.015334983 -42.941495043
173.015071625 -42.940615907
173.014636670 -42.939800891
173.013822019 -42.939194062
173.012955729 -42.939830630
173.011781488 -42.940075912
173.011153666 -42.940745500
173.011786994 -42.941516089
173.012420337 -42.942286675
173.011489168 -42.942703124
173.010877467 -42.943400924
173.011388341 -42.944126466
173.012430197 -42.944600240
173.013086055 -42.945301308
173.012827042 -42.946082450
173.011769282 -42.946489012
173.010543945 -42.946489051
173.009407494 -42.946326943
173.008524227 -42.945703034
173.007347258 -42.945721241
173.006283369 -42.946167848
173.005163520 -42.946338415
173.004134312 -42.945900035
173.003869363 -42.945059294
173.003847475 -42.944211244
173.003009775 -42.943590140
173.001867798 -42.943337460
173.000674475 -42.943441836
173.000914766 -42.944227407
173.001454109 -42.945023916
173.001306424 -42.945847257
173.001120615 -42.946728310
173.001831295 -42.947327379
173.002409748 -42.947912240
173.001856970 -42.948712123
173.001169637 -42.949457361
173.000024824 -42.949576098
172.999045791 -42.949148686
172.998499288 -42.948343055
172.998064835 -42.947501355
172.997630396 -42.946659655
172.997044431 -42.945872181
172.996328112 -42.945236628
172.995551172 -42.945776304
172.996004012 -42.946593941
172.996282434 -42.947463337
172.996019650 -42.948287933
172.995966234 -42.949177272
172.995108130 -42.949625889
172.994190256 -42.949146691
172.993021254 -42.949035033
172.991955252 -42.948591096
172.991265915 -42.947927087
172.991096816 -42.947035521
172.990451597 -42.946335134
172.989475116 -42.945794054
172.988749775 -42.945121360
172.988372462 -42.944271283
172.988291241 -42.943373084
172.988337442 -42.942473660
172.987684705 -42.941716566
172.986748228 -42.941160946
172.986111191 -42.941568484
172.986538184 -42.942412232
172.987009390 -42.943240541
172.987340942 -42.944070843
172.987302372 -42.944970577
172.987263800 -42.945870311
172.987961384 -42.946578544
172.988762082 -42.947259954
172.989190161 -42.948059382
172.989314917 -42.948954884
172.990299061 -42.949482444
172.991283921 -42.950017735
172.992252125 -42.950569517
172.993220346 -42.951121292
172.994238899 -42.951621720
172.995397335 -42.951912606
172.995102554 -42.952618394
172.994343812 -42.953321891
172.993226152 -42.953587923
172.992010425 -42.953533087
172.990871850 -42.953793706
172.989744074 -42.954110684
172.988522615 -42.954037742
172.987322228 -42.953870789
172.986171074 -42.954014994
172.986251152 -42.954888136
172.986338248 -42.955771506
172.985523515 -42.956208267
172.984334398 -42.955993472
172.983185286 -42.955680591
172.981985825 -42.955498123
172.980773186 -42.955380927
172.979550814 -42.955316502
172.978416936 -42.955618784
172.978034839 -42.956455520
172.977027916 -42.956769230
172.975837152 -42.956613267
172.974882357 -42.956993778
172.974789907 -42.957867356
172.973856055 -42.958323036
172.972671639 -42.958542620
172.971623164 -42.958259743
172.970505530 -42.958010033
172.969442478 -42.958402831
172.969372240 -42.959283023
172.969549154 -42.960173772
172.969726073 -42.961064521
172.969902997 -42.961955270
172.970079926 -42.962846017
172.970256860 -42.963736764
172.970433799 -42.964627512
172.970610744 -42.965518258
172.970787694 -42.966409004
172.970964650 -42.967299749
172.971141610 -42.968190494
172.971318576 -42.969081239
172.971495546 -42.969971983
172.971672522 -42.970862727
172.971849503 -42.971753470
172.972419418 -42.972530119
172.972949367 -42.973071431
172.973910705 -42.972623397
172.974810533 -42.972019114
172.975774724 -42.971463234
172.976837651 -42.971091381
172.978059037 -42.971014821
172.979283590 -42.970975998
172.980508525 -42.970941693
172.981573546 -42.971293150
172.982564705 -42.971822823
172.983597013 -42.971388383
172.984676986 -42.970983826
172.985867700 -42.970769930
172.987000130 -42.970485938
172.987906278 -42.970118117
172.989064250 -42.970077643
172.989958334 -42.969474196
172.991100023 -42.969288022
172.992323790 -42.969236340
172.993533963 -42.969317307
172.994723146 -42.969198244
172.995293902 -42.968436026
172.996410203 -42.968082085
172.997602041 -42.968087979
172.998252239 -42.968651476
172.998623296 -42.969484404
172.999629751 -42.969587974
173.000139998 -42.968836570
173.000119681 -42.967936521
173.000099365 -42.967036471
173.001072598 -42.966674316
173.002249328 -42.966422325
173.003444428 -42.966225729
173.004647114 -42.966052009
173.005848646 -42.965905863
173.007030790 -42.966141271
173.008151947 -42.966505085
173.009240299 -42.966895701
173.009851927 -42.967675799
173.010535866 -42.968419385
173.011308869 -42.969117997
173.012174193 -42.969752610
173.013192086 -42.970068947
173.013664266 -42.969403821
173.013355235 -42.968591991
173.012725870 -42.967823949
173.012439434 -42.967010104
173.013054252 -42.966235931
173.013135708 -42.965337748
173.014063983 -42.964960301
173.015253628 -42.964743572
173.016443266 -42.964526832
173.017632894 -42.964310078
173.018822514 -42.964093313
173.020012126 -42.963876534
173.021201730 -42.963659745
173.022391325 -42.963442942
173.023580911 -42.963226128
173.024770489 -42.963009301
173.025953337 -42.962799197
173.026030056 -42.963697605
173.026106779 -42.964596011
173.026256400 -42.965489392
173.027037122 -42.965943531
173.028042605 -42.965492873
173.027865533 -42.964624229
173.027633781 -42.963740296
173.028208776 -42.963056678
173.029381673 -42.962795401
173.030484478 -42.962937584
173.031246950 -42.963610230
173.032196160 -42.964136763
173.033308770 -42.964053541
173.033881725 -42.963401103
173.033929643 -42.962505199
173.033832803 -42.961607840
173.034592448 -42.961142515
173.035696205 -42.961022800
173.036044551 -42.960228627
173.036361646 -42.959482112
173.037534867 -42.959448020
173.038500181 -42.959848711
173.038818157 -42.959108943
173.038527231 -42.958237896
173.037491619 -42.957756532
173.036622132 -42.957146794
173.035915048 -42.956411559
173.036479505 -42.955845444
173.037484723 -42.955330646
173.038480429 -42.954805862
173.039476119 -42.954281068
173.040533802 -42.953830186
173.041619625 -42.953412859
173.042607210 -42.952890954
173.043523740 -42.952293416
173.044440253 -42.951695871
173.045442986 -42.951187027
173.046509840 -42.950744148
173.047576681 -42.950301260
173.048713572 -42.949990735
173.049907455 -42.949787888
173.051107967 -42.949613100
173.052325029 -42.949508318
173.053542087 -42.949403523
173.054761391 -42.949314474
173.055981557 -42.949231476
173.057201720 -42.949148464
173.058421879 -42.949065440
173.059642036 -42.948982403
173.060862188 -42.948899353
173.062082338 -42.948816290
173.063294108 -42.948685113
173.064503427 -42.948539882
173.065712741 -42.948394641
173.066920481 -42.948243814
173.068109047 -42.948024869
173.069297603 -42.947805912
173.070486152 -42.947586942
173.071681900 -42.947392734
173.072888438 -42.947235617
173.073866017 -42.946703818
173.074827633 -42.946145912
173.075821012 -42.945644805
173.077038718 -42.945544668
173.078256421 -42.945444517
173.079345698 -42.945130563
173.080267140 -42.944537215
173.081093451 -42.943876727
173.081981199 -42.943270585
173.082995454 -42.942765549
173.084141988 -42.942482590
173.085335135 -42.942277888
173.086443665 -42.941901282
173.087539034 -42.941497954
173.088551469 -42.940993010
173.089502739 -42.940442579
173.090039793 -42.939633492
173.090576834 -42.938824403
173.091027354 -42.937987356
173.091312693 -42.937137847
173.091145892 -42.936269678
173.092126762 -42.935791604
173.092021988 -42.934929397
173.091901440 -42.934071320
173.092215918 -42.933201308
173.092560235 -42.932337842
173.092946462 -42.931483574
173.093332678 -42.930629304
173.093700855 -42.929770974
173.094032193 -42.928904351
173.094363524 -42.928037727
173.094694844 -42.927171101
173.095056065 -42.926310990
173.095421026 -42.925451695
173.095785975 -42.924592398
173.096169688 -42.923738041
173.096630032 -42.922903856
173.097090363 -42.922069667
173.097664229 -42.921280217
173.098354792 -42.920536750
173.099183564 -42.919886317
173.100130664 -42.919315531
173.100952944 -42.918653089
173.101728790 -42.917956554
173.102603060 -42.917331965
173.103225937 -42.917231206
173.103171698 -42.918130502
173.103286375 -42.919016096
173.103526246 -42.919894351
173.103587301 -42.920793409
173.104097905 -42.921526739
173.104921685 -42.921028509
173.105133866 -42.920165911
173.105153575 -42.919265849
173.105180701 -42.918365958
173.105237552 -42.917466750
173.105590739 -42.917230755
173.106361869 -42.917930103
173.107133017 -42.918629447
173.108255329 -42.918920885
173.109426616 -42.918657759
173.110130129 -42.917922068
173.111176280 -42.917460502
173.112237209 -42.917010779
173.112960251 -42.916284212
173.113544622 -42.915504660
173.113938355 -42.914652268
173.114371175 -42.913810873
173.115207723 -42.913378273
173.116338466 -42.913538506
173.117139100 -42.914207608
173.117377793 -42.915089904
173.117547841 -42.915981363
173.118433535 -42.916391495
173.119520126 -42.915991407
173.119832709 -42.915121744
173.120521285 -42.914377319
173.121577531 -42.913947488
173.122682532 -42.913559374
173.123473110 -42.912882021
173.124140434 -42.912130030
173.124748995 -42.911348863
173.125426048 -42.910604626
173.126256805 -42.909943257
173.127233147 -42.909408562
173.128003589 -42.908727536
173.128681410 -42.907977831
173.129353998 -42.907225605
173.130252571 -42.906845397
173.131415117 -42.907098627
173.132447187 -42.907572362
173.133591774 -42.907710390
173.134154903 -42.906989764
173.134132138 -42.906090194
173.134103988 -42.905201052
173.134617653 -42.904391474
173.135630397 -42.903885488
173.136609946 -42.903347120
173.137550869 -42.902771069
173.138491775 -42.902195010
173.139496086 -42.901685601
173.140554785 -42.901233361
173.141460407 -42.900640578
173.142303400 -42.900039337
173.143192095 -42.900575316
173.143238539 -42.901474847
173.143284986 -42.902374380
173.143980458 -42.903074851
173.145169190 -42.903250762
173.145961636 -42.902945919
173.146232271 -42.902068002
173.146502898 -42.901190082
173.146786378 -42.900315421
173.147291902 -42.899496760
173.147603933 -42.898626300
173.148159023 -42.897824635
173.149177371 -42.897581123
173.150401681 -42.897588799
173.151598221 -42.897452219
173.152787075 -42.897288266
173.153283542 -42.898025687
173.153629640 -42.898881659
173.152832375 -42.899187569
173.151618609 -42.899255754
173.150729651 -42.899819995
173.149721666 -42.900327793
173.148696616 -42.900817659
173.148570438 -42.901684721
173.148527806 -42.902584355
173.148485174 -42.903483989
173.149250794 -42.902975519
173.150389418 -42.902693922
173.151054786 -42.903334377
173.151116995 -42.904233393
173.150921437 -42.905113141
173.151047656 -42.905978546
173.151595925 -42.906772083
173.152248474 -42.907533511
173.152292627 -42.908411932
173.152226148 -42.909310783
173.152188460 -42.910210284
173.152179802 -42.911110439
173.152170206 -42.912010517
173.151906575 -42.912889590
173.151642938 -42.913768663
173.151423339 -42.914654083
173.151215808 -42.915541242
173.151008271 -42.916428401
173.150800728 -42.917315559
173.150492601 -42.918184220
173.150041864 -42.918753138
173.149297204 -42.918038458
173.148566924 -42.917316918
173.147981333 -42.916526307
173.147395756 -42.915735694
173.146810195 -42.914945077
173.146243137 -42.914147328
173.145690845 -42.913343886
173.145138566 -42.912540442
173.144586303 -42.911736995
173.143966379 -42.910961338
173.143325079 -42.910194462
173.142305777 -42.909927367
173.141693046 -42.910706764
173.141080301 -42.911486159
173.140467539 -42.912265549
173.139903630 -42.913061686
173.139485292 -42.913907718
173.139066941 -42.914753747
173.138682500 -42.915608124
173.138323353 -42.916468727
173.137964197 -42.917329330
173.137605030 -42.918189930
173.137123625 -42.919014068
173.136565130 -42.919815212
173.136252304 -42.920679326
173.136011797 -42.921561977
173.135771282 -42.922444629
173.135530762 -42.923327279
173.135290234 -42.924209929
173.135020461 -42.925087795
173.134728797 -42.925962079
173.134437124 -42.926836363
173.134145443 -42.927710647
173.133853214 -42.928584831
173.133560891 -42.929458999
173.133268559 -42.930333166
173.132976219 -42.931207333
173.132668773 -42.932078575
173.132336901 -42.932945088
173.132005021 -42.933811600
173.131527113 -42.934638553
173.131014043 -42.935455982
173.130497811 -42.936272156
173.129847333 -42.937034968
173.129163479 -42.937773813
173.128140154 -42.938268774
173.127143835 -42.938790194
173.126210743 -42.939373550
173.125200577 -42.939831156
173.123987560 -42.939957737
173.122774539 -42.940084305
173.122327544 -42.940840502
173.121663247 -42.941429364
173.120457813 -42.941590496
173.119250081 -42.941741409
173.118038055 -42.941873205
173.116845806 -42.942055882
173.115721838 -42.942414231
173.114597856 -42.942772568
173.113516667 -42.943195847
173.112352622 -42.943414609
173.111132306 -42.943495413
173.109920475 -42.943543123
173.108800449 -42.943235826
173.107663256 -42.943481401
173.106661849 -42.943998542
173.105609941 -42.944460154
173.104853906 -42.945143310
173.104071507 -42.945830662
173.102963731 -42.946139273
173.101891782 -42.945854053
173.100902440 -42.945329219
173.100005587 -42.944866250
173.099139037 -42.945270386
173.099267349 -42.946106772
173.099939348 -42.946856822
173.100474606 -42.947641427
173.100352734 -42.948524925
173.100425459 -42.949419218
173.099755157 -42.950029118
173.098758805 -42.950546483
173.097869484 -42.951165784
173.096821579 -42.951626093
173.095942106 -42.952231865
173.094943485 -42.952711959
173.093818511 -42.953068939
173.092639622 -42.953293174
173.091432250 -42.953447278
173.090224871 -42.953601369
173.089302892 -42.954072539
173.088591041 -42.954802264
173.087765188 -42.955467242
173.086885780 -42.956094187
173.085859030 -42.956577003
173.084733714 -42.956861076
173.083508391 -42.956877683
173.082289769 -42.956965303
173.081073042 -42.957073039
173.079856310 -42.957180762
173.078738333 -42.957480649
173.077843430 -42.958068533
173.077297906 -42.958872380
173.076753313 -42.959670798
173.075988467 -42.960374172
173.074984093 -42.960875869
173.073902850 -42.961296936
173.072783549 -42.961662988
173.071636284 -42.961979705
173.070489006 -42.962296411
173.069332497 -42.962560579
173.068113356 -42.962467966
173.066894219 -42.962375341
173.065768191 -42.962082754
173.064601276 -42.962298061
173.063696706 -42.962905466
173.063132973 -42.963685973
173.062580574 -42.964480786
173.061828697 -42.965191695
173.061076802 -42.965902600
173.060843241 -42.966572262
173.061785010 -42.967148412
173.062726797 -42.967724556
173.063676704 -42.968282937
173.064901070 -42.968240017
173.066125432 -42.968197083
173.067349794 -42.968154136
173.068574812 -42.968131159
173.069800568 -42.968130500
173.070986871 -42.968268347
173.072109510 -42.968629736
173.073232162 -42.968991114
173.074354827 -42.969352481
173.075477505 -42.969713837
173.076650973 -42.969914845
173.077875581 -42.969954366
173.079100190 -42.969993873
173.080321818 -42.969946853
173.081542138 -42.969861897
173.082762452 -42.969776927
173.083982763 -42.969691944
173.085203071 -42.969606948
173.086423376 -42.969521940
173.087643677 -42.969436919
173.088857854 -42.969331315
173.090015203 -42.969034765
173.091172541 -42.968738203
173.092331186 -42.968444830
173.093518432 -42.968220963
173.094705672 -42.967997084
173.095892901 -42.967773192
173.097080123 -42.967549289
173.098267335 -42.967325373
173.099454540 -42.967101445
173.100641733 -42.966877505
173.101836300 -42.966677686
173.103039823 -42.966507150
173.104243338 -42.966336599
173.105425755 -42.966112321
173.106568138 -42.965786095
173.107710511 -42.965459858
173.108852869 -42.965133609
173.109852306 -42.964626038
173.110806435 -42.964060999
173.111749712 -42.963486544
173.112666717 -42.962889283
173.113583703 -42.962292015
173.114578968 -42.961783595
173.115696425 -42.961413851
173.116827746 -42.961078982
173.118040452 -42.960948715
173.119253154 -42.960818435
173.120254055 -42.960920664
173.120366986 -42.961812761
173.120405741 -42.962712477
173.120444497 -42.963612193
173.120483255 -42.964511909
173.120444100 -42.965410270
173.120347427 -42.966307632
173.120250750 -42.967204993
173.120154071 -42.968102353
173.119424171 -42.968811799
173.118390377 -42.969241432
173.117237227 -42.969546671
173.116050255 -42.969770507
173.114861450 -42.969989944
173.113672638 -42.970209368
173.112483817 -42.970428780
173.111277753 -42.970552601
173.110052136 -42.970567986
173.108826518 -42.970583357
173.107655758 -42.970829012
173.106495814 -42.971120106
173.105310604 -42.971346750
173.104117415 -42.971553050
173.102924217 -42.971759339
173.101731012 -42.971965614
173.100537800 -42.972171877
173.099409338 -42.972523324
173.098281159 -42.972875421
173.097148267 -42.973219011
173.096005256 -42.973544318
173.094840918 -42.973814779
173.093636281 -42.973981581
173.092431636 -42.974148369
173.091226984 -42.974315145
173.090038342 -42.974534926
173.088850637 -42.974757827
173.087847020 -42.975217764
173.087044937 -42.975896318
173.086291572 -42.976606453
173.085408044 -42.977202567
173.084324142 -42.977623144
173.083240223 -42.978043711
173.082143611 -42.978446020
173.081043718 -42.978843617
173.079940070 -42.979235243
173.078813630 -42.979590543
173.077634013 -42.979783908
173.076479082 -42.980077748
173.075329977 -42.980391518
173.074187251 -42.980716416
173.073078705 -42.981100904
173.071970145 -42.981485381
173.070861572 -42.981869848
173.071210568 -42.982666744
173.071596402 -42.983489001
173.070768687 -42.983945332
173.069680799 -42.983794749
173.068577497 -42.984133383
173.067414068 -42.983849342
173.066291693 -42.983489868
173.065235541 -42.983053338
173.064401947 -42.982393251
173.063567877 -42.982599028
173.062733536 -42.983258615
173.061899177 -42.983918197
173.061064801 -42.984577772
173.060230407 -42.985237341
173.059395996 -42.985896903
173.058561567 -42.986556459
173.057727120 -42.987216010
173.056892655 -42.987875555
173.056058173 -42.988535093
173.055223673 -42.989194626
173.054389155 -42.989854151
173.053554620 -42.990513672
173.052720067 -42.991173186
173.051885495 -42.991832694
173.051050906 -42.992492196
173.050826845 -42.993349488
173.050710577 -42.994244231
173.050306065 -42.995094010
173.049901541 -42.995943788
173.049497007 -42.996793565
173.048763024 -42.997509594
173.047997395 -42.998212779
173.047240740 -42.998920562
173.046606677 -42.999691081
173.045972597 -43.000461598
173.045338500 -43.001232112
173.045352742 -43.001735898
173.046579147 -43.001741007
173.047805553 -43.001746102
173.049031958 -43.001751184
173.050258363 -43.001756253
173.051484764 -43.001761311
173.052711168 -43.001766354
173.053937570 -43.001771385
173.055163972 -43.001776403
173.056390374 -43.001781407
173.057616776 -43.001786398
173.058843179 -43.001791377
173.060069582 -43.001796343
173.061295985 -43.001801295
173.062522387 -43.001806234
173.063748790 -43.001811160
173.064975192 -43.001816073
173.066201595 -43.001820973
173.067427999 -43.001825860
173.068654402 -43.001830734
173.069880804 -43.001835595
173.071107207 -43.001840443
173.072333610 -43.001845278
173.073560013 -43.001850100
173.074786417 -43.001854908
173.076012820 -43.001859703
173.077239223 -43.001864487
173.078465626 -43.001869256
173.079692029 -43.001874012
173.080918433 -43.001878756
173.082144837 -43.001883486
173.083371240 -43.001888203
173.084597644 -43.001892908
173.085824047 -43.001897599
173.087050450 -43.001902277
173.088276854 -43.001906941
173.089503258 -43.001911594
173.090729661 -43.001916232
173.091956065 -43.001920858
173.093182468 -43.001925471
173.094408871 -43.001930070
173.095635275 -43.001934656
173.096861680 -43.001939229
173.098088083 -43.001943791
173.099314487 -43.001948338
173.100540890 -43.001952873
173.101767292 -43.001957398
173.102993693 -43.001961910
173.104220097 -43.001966409
173.105446499 -43.001970894
173.106672901 -43.001975367
173.107899303 -43.001979827
173.109125705 -43.001984273
173.110352107 -43.001988707
173.111578510 -43.001993128
173.112804912 -43.001997535
173.114031314 -43.002001929
173.115257717 -43.002006311
173.116484119 -43.002010679
173.117710521 -43.002015034
173.118936924 -43.002019377
173.120163327 -43.002023706
173.121389729 -43.002028021
173.122616131 -43.002032324
173.123842533 -43.002036615
173.125068936 -43.002040891
173.126295339 -43.002045155
173.127521741 -43.002049406
173.128748143 -43.002053643
173.129974546 -43.002057868
173.131200948 -43.002062079
173.132427350 -43.002066278
173.133653754 -43.002070463
173.134880156 -43.002074635
173.136106558 -43.002078795
173.137332960 -43.002082941
173.138559363 -43.002087074
173.139785765 -43.002091194
173.141012168 -43.002095302
173.142238571 -43.002099396
173.143464973 -43.002103476
173.144691375 -43.002107545
173.145917777 -43.002111600
173.147144180 -43.002115641
173.148370583 -43.002119671
173.149596986 -43.002123686
173.150823388 -43.002127689
173.152049790 -43.002131678
173.153276192 -43.002135655
173.154502595 -43.002139619
173.155728998 -43.002143569
173.156955401 -43.002147507
173.158181803 -43.002151431
173.159408205 -43.002155342
173.160634607 -43.002159240
173.161861010 -43.002163126
173.163087413 -43.002166998
173.164313815 -43.002170857
173.165540217 -43.002174703
173.166766619 -43.002178536
173.167993022 -43.002182356
173.169219424 -43.002186163
173.170445827 -43.002189957
173.171672229 -43.002193738
173.172898631 -43.002197505
173.174125033 -43.002201261
173.175351435 -43.002205002
173.176577837 -43.002208730
173.177804240 -43.002212446
173.179030642 -43.002216149
173.180257044 -43.002219838
173.181483446 -43.002223514
173.182709848 -43.002227178
173.183936250 -43.002230828
173.185162653 -43.002234465
173.186389055 -43.002238089
173.187615457 -43.002241701
173.188841859 -43.002245299
173.190068261 -43.002248884
173.191294662 -43.002252457
173.192521065 -43.002256015
173.193747467 -43.002259561
173.194973869 -43.002263094
173.196200270 -43.002266614
173.197426672 -43.002270121
173.198653074 -43.002273614
173.199879477 -43.002277096
173.201105878 -43.002280565
173.202332278 -43.002284023
173.203558679 -43.002287468
173.204785080 -43.002290899
173.206011481 -43.002294317
173.207237883 -43.002297722
173.208464283 -43.002301115
173.209690684 -43.002304494
173.210917085 -43.002307860
173.212143485 -43.002311214
173.213369886 -43.002314554
173.214596288 -43.002317881
173.215822688 -43.002321194
173.217049088 -43.002324496
173.218275489 -43.002327784
173.219501889 -43.002331058
173.220728290 -43.002334321
173.221954691 -43.002337569
173.223181091 -43.002340805
173.224407492 -43.002344027
173.225633892 -43.002347238
173.226860292 -43.002350434
173.228086692 -43.002353617
173.229313093 -43.002356789
173.230539493 -43.002359946
173.231765893 -43.002363090
173.232992293 -43.002366221
173.234218693 -43.002369340
173.235445092 -43.002372445
173.236671493 -43.002375537
173.237897893 -43.002378617
173.239124293 -43.002381683
173.240350692 -43.002384736
173.241577092 -43.002387776
173.242803491 -43.002390804
173.244029892 -43.002393818
173.245256291 -43.002396819
173.246482690 -43.002399808
173.247709090 -43.002402782
173.248935489 -43.002405744
173.250161888 -43.002408693
173.251388288 -43.002411629
173.252614687 -43.002414552
173.253841086 -43.002417462
173.255067485 -43.002420359
173.256293884 -43.002423243
173.257520283 -43.002426113
173.258746682 -43.002428971
173.259973081 -43.002431816
173.261199480 -43.002434647
173.262425878 -43.002437465
173.263652277 -43.002440271
173.264878675 -43.002443064
173.266105074 -43.002445843
173.267331473 -43.002448610
173.268557871 -43.002451363
173.269784269 -43.002454103
173.271010667 -43.002456830
173.272237065 -43.002459545
173.273463464 -43.002462246
173.274689862 -43.002464933
173.275916260 -43.002467609
173.277142657 -43.002470271
173.278369055 -43.002472920
173.279595452 -43.002475556
173.280821851 -43.002478180
173.282048249 -43.002480790
173.283274646 -43.002483387
173.284501043 -43.002485971
173.285727440 -43.002488542
173.286953837 -43.002491100
173.288180236 -43.002493644
173.289406633 -43.002496177
173.290633029 -43.002498695
173.291859426 -43.002501201
173.293085823 -43.002503694
173.294312219 -43.002506174
173.295538617 -43.002508640
173.296765014 -43.002511094
173.297991410 -43.002513535
173.299217806 -43.002515962
173.300444202 -43.002518376
173.301670598 -43.002520777
173.302896996 -43.002523165
173.304123392 -43.002525539
173.305349787 -43.002527900
173.306576183 -43.002530249
173.307802579 -43.002532584
173.309028974 -43.002534906
173.310255371 -43.002537216
173.311481766 -43.002539512
173.312708161 -43.002541795
173.313934557 -43.002544066
173.315160952 -43.002546324
173.316387347 -43.002548568
173.317613743 -43.002550799
173.318840138 -43.002553018
173.320066533 -43.002555223
173.321292927 -43.002557415
173.322519322 -43.002559594
173.323745716 -43.002561760
173.324972112 -43.002563913
173.326198506 -43.002566053
173.327424900 -43.002568181
173.328651294 -43.002570294
173.329877688 -43.002572395
173.331104082 -43.002574484
173.332330477 -43.002576558
173.333556871 -43.002578620
173.334783264 -43.002580669
173.336009658 -43.002582705
173.337236051 -43.002584728
173.338462444 -43.002586737
173.339688838 -43.002588734
173.340915231 -43.002590718
173.342141624 -43.002592688
173.343368017 -43.002594645
173.344594410 -43.002596591
173.345820802 -43.002598522
173.347047196 -43.002600440
173.348273588 -43.002602346
173.349499980 -43.002604238
173.350726372 -43.002606118
173.351952765 -43.002607986
173.353179157 -43.002609841
173.354405550 -43.002611682
173.355631942 -43.002613510
173.356858334 -43.002615326
173.358084725 -43.002617128
173.359311117 -43.002618917
173.360537508 -43.002620693
173.361763901 -43.002622457
173.362990292 -43.002624207
173.364216683 -43.002625944
173.365443074 -43.002627669
173.366669465 -43.002629380
173.367895855 -43.002631077
173.369122247 -43.002632763
173.370348637 -43.002634435
173.371575028 -43.002636094
173.372801418 -43.002637739
173.374027808 -43.002639373
173.375254198 -43.002640993
173.376480589 -43.002642599
173.377706978 -43.002644194
173.378933368 -43.002645774
173.380159757 -43.002647342
173.381386146 -43.002648896
173.382612535 -43.002650439
173.383838925 -43.002651967
173.385065314 -43.002653483
173.386291703 -43.002654986
173.387518091 -43.002656475
173.388744480 -43.002657952
173.389970869 -43.002659415
173.391197258 -43.002660867
173.392423646 -43.002662304
173.393650034 -43.002663728
173.394876422 -43.002665141
173.396102810 -43.002666539
173.397329197 -43.002667924
173.398555586 -43.002669297
173.399781973 -43.002670657
173.401008361 -43.002672002
173.402234749 -43.002673334
173.403461136 -43.002674654
173.404687524 -43.002675959
173.405913912 -43.002677252
173.407140299 -43.002678532
173.408366686 -43.002679799
173.409593073 -43.002681053
173.410819460 -43.002682294
173.412045846 -43.002683522
173.413272234 -43.002684737
173.414498620 -43.002685938
173.415725006 -43.002687127
173.416951392 -43.002688303
173.418177778 -43.002689466
173.419404163 -43.002690615
173.420630550 -43.002691752
173.421856935 -43.002692876
173.423083320 -43.002693986
173.424309705 -43.002695083
173.425536090 -43.002696169
173.426762475 -43.002697240
173.427988861 -43.002698298
173.429215245 -43.002699345
173.430441630 -43.002700377
173.431668014 -43.002701397
173.432894398 -43.002702404
173.434120782 -43.002703397
173.435347167 -43.002704377
173.436573550 -43.002705345
173.437799934 -43.002706300
173.439026317 -43.002707241
173.440252700 -43.002708169
173.441479083 -43.002709085
173.442705467 -43.002709987
173.443931849 -43.002710876
173.445158232 -43.002711752
173.446384614 -43.002712616
173.447610996 -43.002713466
173.448837378 -43.002714303
173.450063761 -43.002715128
173.451290142 -43.002715939
173.452516523 -43.002716737
173.453742904 -43.002717522
173.454969285 -43.002718295
173.456195666 -43.002719054
173.457422048 -43.002719800
173.458648428 -43.002720533
173.459874809 -43.002721253
173.461101189 -43.002721960
173.462327569 -43.002722654
173.463553948 -43.002723336
173.464780329 -43.002724003
173.466006709 -43.002724658
173.467233088 -43.002725301
173.468459467 -43.002725930
173.469685846 -43.002726546
173.470912225 -43.002727148
173.472138605 -43.002727739
173.473364984 -43.002728316
173.474591362 -43.002728879
173.475817740 -43.002729431
173.477044118 -43.002729969
173.477675112 -43.002293005
173.477675796 -43.001392886
173.477676479 -43.000492767
173.477677163 -42.999592648
173.477677847 -42.998692527
173.477678530 -42.997792408
173.477679213 -42.996892288
173.477679896 -42.995992167
173.477680581 -42.995092047
173.477681264 -42.994191926
173.477681948 -42.993291806
173.477682632 -42.992391684
173.477683316 -42.991491562
173.477684000 -42.990591441
173.477684684 -42.989691318
173.477685369 -42.988791196
173.477686054 -42.987891074
173.477686739 -42.986990950
173.477687424 -42.986090828
173.477688111 -42.985190704
173.477688796 -42.984290581
173.477689482 -42.983390457
173.477690168 -42.982490333
173.477690854 -42.981590209
173.477691540 -42.980690083
173.477692227 -42.979789959
173.477692913 -42.978889834
173.477693600 -42.977989708
173.477694287 -42.977089582
173.477694975 -42.976189457
173.477695663 -42.975289331
173.477696351 -42.974389203
173.477697039 -42.973489077
173.477697727 -42.972588950
173.477698415 -42.971688822
173.477699103 -42.970788695
173.477699792 -42.969888568
173.477700481 -42.968988439
173.477701169 -42.968088311
173.477701857 -42.967188182
173.477702547 -42.966288053
173.477703235 -42.965387923
173.477703924 -42.964487794
173.477704613 -42.963587664
173.477705302 -42.962687533
173.477705991 -42.961787403
173.477706681 -42.960887273
173.477707371 -42.959987142
173.477708060 -42.959087010
173.477708750 -42.958186879
173.477709441 -42.957286748
173.477710132 -42.956386615
173.477710823 -42.955486483
173.477711514 -42.954586351
173.477712205 -42.953686218
173.477712896 -42.952786085
173.477713587 -42.951885952
173.477714279 -42.950985819
173.477714970 -42.950085684
173.477715662 -42.949185551
173.477716354 -42.948285417
173.477717046 -42.947385281
173.477717740 -42.946485147
173.477718433 -42.945585012
173.477719125 -42.944684876
173.477719818 -42.943784741
173.477720512 -42.942884605
173.477721205 -42.941984470
173.477721898 -42.941084333
173.477722592 -42.940184196
173.477723286 -42.939284060
173.477723980 -42.938383922
173.477724675 -42.937483785
173.477725369 -42.936583647
173.477726062 -42.935683509
173.477726756 -42.934783370
173.477727449 -42.933883232
173.477728143 -42.932983093
173.477728838 -42.932082953
173.477729532 -42.931182814
173.477730226 -42.930282674
173.477730921 -42.929382534
173.477731616 -42.928482394
173.477732312 -42.927582254
173.477733007 -42.926682113
173.477733703 -42.925781971
173.477734398 -42.924881830
173.477735094 -42.923981689
173.477735790 -42.923081547
173.477736486 -42.922181405
173.477737183 -42.921281263
173.477737879 -42.920381120
173.477738576 -42.919480977
173.477739273 -42.918580834
173.477739971 -42.917680691
173.477740668 -42.916780547
173.477741365 -42.915880404
173.477742063 -42.914980260
173.477742761 -42.914080115
173.477743458 -42.913179970
173.477744157 -42.912279826
173.477744855 -42.911379681
173.477745553 -42.910479535
173.477746252 -42.909579390
173.477746952 -42.908679244
173.477747651 -42.907779097
173.477748350 -42.906878951
173.477749049 -42.905978805
173.477749747 -42.905078657
173.477750445 -42.904178510
173.477751144 -42.903278362
173.477751842 -42.902378214
173.477752541 -42.901478065
173.477753240 -42.900577917
173.477753939 -42.899677769
173.477754640 -42.898777619
173.477755339 -42.897877469
173.477756038 -42.896977319
173.477756736 -42.896077167
173.477757435 -42.895177016
173.477758134 -42.894276865
173.477758833 -42.893376713
173.477759533 -42.892476561
173.477760232 -42.891576409
173.477760932 -42.890676257
173.477761632 -42.889776103
173.477762333 -42.888875950
173.477763033 -42.887975797
173.477763734 -42.887075644
173.477764434 -42.886175490
173.477765135 -42.885275336
173.477765836 -42.884375182
173.477766537 -42.883475027
173.477767238 -42.882574872
173.477767940 -42.881674717
173.477768641 -42.880774561
173.477769344 -42.879874406
173.477770046 -42.878974251
173.477770748 -42.878074095
173.477771451 -42.877173938
173.477772153 -42.876273782
173.477772856 -42.875373625
173.477773558 -42.874473467
173.477774259 -42.873573310
173.477774961 -42.872673152
173.477775662 -42.871772993
173.477776364 -42.870872835
173.477777067 -42.869972676
173.477777770 -42.869072517
173.477778472 -42.868172357
173.477779175 -42.867272198
173.477779877 -42.866372039
173.477780580 -42.865471878
173.477781283 -42.864571718
173.477781987 -42.863671558
173.477782690 -42.862771397
173.477783394 -42.861871236
173.477784097 -42.860971075
173.477784803 -42.860070913
173.477785507 -42.859170751
173.477786211 -42.858270589
173.477786915 -42.857370427
173.477787620 -42.856470264
173.477788325 -42.855570102
173.477789030 -42.854669939
173.477789735 -42.853769776
173.477790440 -42.852869612
173.477791145 -42.851969448
173.477791852 -42.851069284
173.477792558 -42.850169119
173.477793264 -42.849268955
173.477793970 -42.848368791
173.477794676 -42.847468625
173.477795383 -42.846568460
173.477796089 -42.845668295
173.477796796 -42.844768129
173.477797503 -42.843867963
173.477798220 -42.842967800
173.477798939 -42.842067638
173.477799660 -42.841167475
173.477800379 -42.840267313
173.477801098 -42.839367150
173.477801818 -42.838466988
173.477802538 -42.837566824
173.477803258 -42.836666660
173.477803978 -42.835766497
173.477804699 -42.834866332
173.477805419 -42.833966168
173.477806140 -42.833066003
173.477806861 -42.832165838
173.477807583 -42.831265673
173.477808304 -42.830365508
173.477809025 -42.829465343
173.477809747 -42.828565176
173.477810468 -42.827665010
173.477811190 -42.826764844
173.477811912 -42.825864677
173.477812634 -42.824964510
173.477813357 -42.824064344
173.477814079 -42.823164176
173.477814802 -42.822264008
173.477815526 -42.821363841
173.477816249 -42.820463673
173.477816972 -42.819563504
173.477817695 -42.818663336
173.477818418 -42.817763167
173.477819142 -42.816862997
173.477819866 -42.815962828
173.477820590 -42.815062659
173.477821314 -42.814162489
173.477822038 -42.813262319
173.477822764 -42.812362149
173.477823491 -42.811461979
173.477824218 -42.810561808
173.477824945 -42.809661638
173.477825672 -42.808761467
173.477826399 -42.807861296
173.477772308 -42.807014112
173.476593871 -42.807253692
173.475415425 -42.807493261
173.474236970 -42.807732818
173.473058506 -42.807972361
173.471880033 -42.808211894
173.470701551 -42.808451415
173.469523059 -42.808690923
173.468344559 -42.808930420
173.467166049 -42.809169905
173.465987530 -42.809409376
173.464809002 -42.809648837
173.463630464 -42.809888286
173.462451917 -42.810127723
173.461273361 -42.810367147
173.460094795 -42.810606560
173.458916220 -42.810845961
173.457737636 -42.811085349
173.456559043 -42.811324726
173.455380441 -42.811564091
173.454201829 -42.811803443
173.453023209 -42.812042784
173.451844579 -42.812282113
173.450665940 -42.812521429
173.449487291 -42.812760734
173.448308634 -42.813000026
173.447129967 -42.813239307
173.445951291 -42.813478575
173.444772605 -42.813717832
173.443593911 -42.813957076
173.442415207 -42.814196308
173.441236494 -42.814435529
173.440057772 -42.814674737
173.438879041 -42.814913933
173.437700300 -42.815153118
173.436521550 -42.815392290
173.435342791 -42.815631450
173.434164023 -42.815870598
173.432985245 -42.816109734
173.431806458 -42.816348858
173.430627662 -42.816587971
173.429448857 -42.816827071
173.428270043 -42.817066159
173.427091219 -42.817305234
173.425912386 -42.817544298
173.424733545 -42.817783351
173.423554698 -42.818022393
173.422375842 -42.818261423
173.421196976 -42.818500441
173.420018102 -42.818739448
173.418839218 -42.818978441
173.417660325 -42.819217423
173.416481423 -42.819456394
173.415302513 -42.819695352
173.414123593 -42.819934298
173.412944665 -42.820173233
173.411765727 -42.820412154
173.410586779 -42.820651064
173.409407823 -42.820889963
173.408228858 -42.821128849
173.407049883 -42.821367724
173.405870899 -42.821606586
173.404691907 -42.821845437
173.403512905 -42.822084274
173.402333894 -42.822323101
173.401154874 -42.822561915
173.399975845 -42.822800718
173.398796807 -42.823039507
173.397617760 -42.823278284
173.396438704 -42.823517048
173.395259638 -42.823755801
173.394080564 -42.823994543
173.392901480 -42.824233272
173.391722388 -42.824471989
173.390543286 -42.824710694
173.389364176 -42.824949388
173.388185056 -42.825188068
173.387005926 -42.825426737
173.385826785 -42.825665393
173.384647635 -42.825904038
173.383468476 -42.826142670
173.382289308 -42.826381290
173.381110131 -42.826619898
173.379930945 -42.826858494
173.378751749 -42.827097079
173.377572544 -42.827335651
173.376393331 -42.827574211
173.375214108 -42.827812759
173.374034875 -42.828051296
173.372855634 -42.828289819
173.371676384 -42.828528331
173.370497124 -42.828766831
173.369317856 -42.829005320
173.368138578 -42.829243796
173.366959291 -42.829482260
173.365779995 -42.829720711
173.364600690 -42.829959151
173.363421375 -42.830197579
173.362242052 -42.830435995
173.361062719 -42.830674399
173.359883377 -42.830912791
173.358704028 -42.831151171
173.357524668 -42.831389538
173.356345298 -42.831627894
173.355165920 -42.831866237
173.353986533 -42.832104569
173.352807136 -42.832342889
173.351627730 -42.832581197
173.350448315 -42.832819492
173.349268889 -42.833057779
173.348089451 -42.833296056
173.346910004 -42.833534321
173.345730548 -42.833772574
173.344551083 -42.834010815
173.343371608 -42.834249044
173.342192125 -42.834487260
173.341012632 -42.834725464
173.339833131 -42.834963657
173.338653620 -42.835201838
173.337474100 -42.835440007
173.336294570 -42.835678164
173.335115032 -42.835916308
173.333935485 -42.836154440
173.332755928 -42.836392561
173.331576362 -42.836630670
173.330714977 -42.836804542