172.652901659 -42.567304228
172.653055119 -42.566009352
172.654011401 -42.564770951
172.657087110 -42.563161291
172.661989991 -42.561179312
172.664912420 -42.560810357
172.666084127 -42.560166210
172.667697706 -42.558821724
172.673107721 -42.557434494
172.675003793 -42.557817877
172.678435295 -42.557773907
172.679747370 -42.558155517
172.680915450 -42.558158885
172.682378675 -42.557569384
172.684066821 -42.555847071
172.685385650 -42.554933281
172.686995039 -42.554290163
172.689333558 -42.553810990
172.689993334 -42.553273108
172.691819697 -42.553008341
172.693210526 -42.552256581
172.694456695 -42.551234540
172.695115034 -42.550966490
172.695046682 -42.550048760
172.694100755 -42.549452444
172.694250580 -42.548697235
172.695640193 -42.548161336
172.696662100 -42.548164142
172.697247132 -42.547949852
172.697542629 -42.547249010
172.697254459 -42.546492598
172.696527536 -42.545896902
172.695287786 -42.545677601
172.694415185 -42.545027517
172.694571016 -42.543084914
172.695158466 -42.542384882
172.693707666 -42.541274617
172.691944087 -42.539160907
172.690523365 -42.538172830
172.689390127 -42.536740347
172.688794082 -42.535590539
172.687533354 -42.534321697
172.685136205 -42.532276382
172.683622794 -42.530889621
172.683215756 -42.529974635
172.683131422 -42.527935869
172.682759906 -42.526294612
172.681720112 -42.525237218
172.680144091 -42.523756502
172.680057630 -42.522139489
172.680468789 -42.522257832
172.680750026 -42.522985015
172.682486766 -42.524020989
172.683844057 -42.524938694
172.684536290 -42.525831060
172.685195030 -42.527074796
172.686581426 -42.528508041
172.687364644 -42.530197311
172.688691428 -42.530927421
172.690110392 -42.532220125
172.690994319 -42.532831811
172.692480323 -42.533421734
172.693235778 -42.534384514
172.694754352 -42.534810478
172.696430176 -42.535471166
172.697059103 -42.536410142
172.697182416 -42.537089987
172.698191453 -42.538053427
172.699106874 -42.538735429
172.700116785 -42.539534836
172.700875922 -42.539794638
172.701984524 -42.539867928
172.703185754 -42.540433513
172.704767799 -42.540882946
172.705528005 -42.540931839
172.707050248 -42.540654714
172.708666962 -42.540494974
172.709682455 -42.540169613
172.711210626 -42.538650592
172.712193046 -42.538606297
172.713017269 -42.538514720
172.713780355 -42.537954353
172.714449603 -42.537135994
172.715024119 -42.536247093
172.715280910 -42.535544819
172.715189085 -42.534865076
172.714687517 -42.533739079
172.715387389 -42.533131675
172.716339366 -42.532806091
172.717291443 -42.532457068
172.717734923 -42.531903266
172.717926193 -42.531178147
172.717784649 -42.530205161
172.717390313 -42.529725558
172.716474018 -42.529275489
172.715432720 -42.528778774
172.714243055 -42.528760258
172.714223725 -42.528436000
172.714475661 -42.528127883
172.715124168 -42.527820791
172.715585478 -42.527374266
172.715945267 -42.526325377
172.715992994 -42.525059543
172.715975481 -42.524349327
172.715274275 -42.522572091
172.714552533 -42.520733042
172.714285847 -42.519759725
172.714332282 -42.518771780
172.715309188 -42.519607988
172.716428129 -42.521309108
172.717382633 -42.522484887
172.718459505 -42.524278509
172.718619965 -42.525668383
172.718928703 -42.526595481
172.719364271 -42.527183253
172.719822808 -42.527323366
172.720116242 -42.527061658
172.720307973 -42.526228467
172.720520283 -42.525457082
172.721002192 -42.525056903
172.721712034 -42.525012384
172.722107088 -42.525337589
172.722460190 -42.525709003
172.722394576 -42.526357254
172.722771883 -42.527375826
172.723170532 -42.528010494
172.723242811 -42.529753251
172.723911758 -42.529834139
172.724551934 -42.530350594
172.725434254 -42.530610224
172.726077164 -42.530532617
172.727148705 -42.530396665
172.728029690 -42.530953301
172.728641346 -42.531865702
172.729070437 -42.531708343
172.730676566 -42.531771693
172.731748119 -42.531635698
172.732929142 -42.530965305
172.734161139 -42.530869281
172.734507871 -42.531167148
172.734531396 -42.531899878
172.735144032 -42.532614226
172.737122675 -42.533213035
172.737955355 -42.532601163
172.737904495 -42.531987181
172.737660157 -42.530551103
172.737389261 -42.530054707
172.737416903 -42.529412135
172.737939819 -42.529046162
172.738607664 -42.529598586
172.738926217 -42.530554119
172.739669519 -42.530886383
172.740537512 -42.531090408
172.741354829 -42.531533003
172.742122902 -42.531883669
172.742520185 -42.531866240
172.743194013 -42.531041570
172.743224828 -42.529646200
172.743673554 -42.529206583
172.743974116 -42.528583007
172.743432637 -42.527498439
172.742738921 -42.527184677
172.742617649 -42.526523394
172.743191496 -42.525845377
172.744853372 -42.526143030
172.745544351 -42.527099412
172.746237689 -42.527504961
172.747354669 -42.527525900
172.748125435 -42.527233896
172.749217587 -42.527254759
172.749662638 -42.527678082
172.749735109 -42.528155635
172.749434607 -42.528779225
172.749159231 -42.529329428
172.748558660 -42.530466439
172.748429745 -42.531604531
172.748626877 -42.531953842
172.749443724 -42.532524904
172.750610363 -42.532564287
172.751628890 -42.532401350
172.752847230 -42.531945079
172.753595014 -42.531212321
172.755014249 -42.530187286
172.755860458 -42.529656705
172.758169555 -42.529551664
172.759338589 -42.528985049
172.760459946 -42.527922567
172.761359033 -42.526565815
172.762155308 -42.524657800
172.762721987 -42.524063172
172.762868777 -42.523214830
172.761820996 -42.522240127
172.761032966 -42.522061603
172.760940126 -42.521371863
172.761062324 -42.520700272
172.762018418 -42.520684677
172.762021242 -42.519977465
172.762263420 -42.519182371
172.762862539 -42.518777022
172.763770874 -42.518743628
172.764680047 -42.518498063
172.765254547 -42.518269453
172.765899074 -42.518465321
172.766374571 -42.519102836
172.767182399 -42.520324512
172.769404799 -42.520417630
172.769905888 -42.520630854
172.771484074 -42.520439684
172.775187715 -42.520694908
172.777197489 -42.520133259
172.779185893 -42.518881997
172.780423175 -42.518868645
172.783051286 -42.519723295
172.784080383 -42.519583779
172.786855793 -42.519412299
172.788533571 -42.518477717
172.791332276 -42.518465434
172.792123193 -42.518024565
172.793031713 -42.518150168
172.793723722 -42.518629262
172.794585030 -42.518577809
172.795519138 -42.518225665
172.797337357 -42.518140601
172.798388744 -42.518461078
172.799608725 -42.518445645
172.800038266 -42.518747261
172.800537415 -42.519686036
172.805260267 -42.521175680
172.808150073 -42.522690316
172.810427496 -42.522834744
172.811472763 -42.522450424
172.810907025 -42.521290999
172.810672580 -42.520412984
172.810770653 -42.519430239
172.811532947 -42.518483756
172.811963728 -42.517326067
172.811777972 -42.516061993
172.810977521 -42.514129865
172.810222527 -42.512829687
172.809254428 -42.511499073
172.807706444 -42.510832345
172.805873839 -42.509893451
172.804406712 -42.509468274
172.804328237 -42.508532508
172.805225653 -42.508534124
172.806490888 -42.508325121
172.807958988 -42.508448460
172.809794218 -42.508572426
172.810689689 -42.509177624
172.811382669 -42.509329742
172.811913741 -42.509089215
172.812773067 -42.508245627
172.813592538 -42.507100149
172.814004176 -42.505923781
172.814700940 -42.504868628
172.815071373 -42.503812912
172.815728256 -42.502455869
172.816180233 -42.501400288
172.816751534 -42.501310714
172.817116733 -42.501914963
172.817028095 -42.504178422
172.816332037 -42.505022320
172.815676373 -42.505987010
172.815428880 -42.506861849
172.815137164 -42.508823143
172.813991454 -42.509937890
172.813091904 -42.510600329
172.812641256 -42.511203178
172.813047363 -42.511777327
172.814025265 -42.512141191
172.814961717 -42.512716245
172.815326871 -42.513350679
172.815403902 -42.514799517
172.817072099 -42.516220880
172.818455629 -42.517370108
172.819922385 -42.518006373
172.821024110 -42.517947844
172.821392395 -42.517586278
172.821764997 -42.515806194
172.822340820 -42.514267894
172.822628127 -42.513694921
172.823524340 -42.514118932
172.823807088 -42.515055017
172.823639443 -42.516533630
172.823593366 -42.518284073
172.824122013 -42.518858384
172.825016956 -42.519735100
172.826117717 -42.520008515
172.827137693 -42.520010157
172.827672715 -42.518441586
172.827266610 -42.517807126
172.826985408 -42.516327787
172.827110122 -42.515543272
172.828293567 -42.515424442
172.829516214 -42.515848926
172.832004793 -42.515852844
172.832859265 -42.516638892
172.832938261 -42.517544455
172.833672271 -42.517666320
172.835101297 -42.517276167
172.836162196 -42.517217430
172.836612578 -42.516644671
172.836247192 -42.516010305
172.835555784 -42.515254714
172.835562524 -42.512870395
172.835240614 -42.511300470
172.834549700 -42.510393965
172.834512340 -42.509186652
172.835329889 -42.508584282
172.836346963 -42.509551643
172.836425746 -42.510547749
172.836872435 -42.511272782
172.838216180 -42.512150079
172.838418052 -42.512904918
172.839312607 -42.513962611
172.840126431 -42.514718364
172.840124935 -42.515261626
172.840367884 -42.515925978
172.840978755 -42.516319245
172.842079526 -42.516592507
172.843264430 -42.515930259
172.845267893 -42.514273204
172.845637386 -42.513398479
172.846537272 -42.512494334
172.847394031 -42.512465381
172.848498639 -42.511259700
172.849317813 -42.509993243
172.850626456 -42.508727466
172.850628955 -42.507761665
172.850468449 -42.506735273
172.850796177 -42.506192467
172.851693249 -42.506314445
172.852671443 -42.506617617
172.853446461 -42.506618687
172.853608165 -42.507192355
172.853239742 -42.507704932
172.853115292 -42.508519658
172.852215479 -42.509454035
172.851192170 -42.510810773
172.850414990 -42.511624582
172.850289322 -42.512892022
172.851020194 -42.514221026
172.851711930 -42.514916163
172.852730283 -42.515521203
172.854851303 -42.515675023
172.856524778 -42.515345300
172.858687860 -42.514986023
172.859629041 -42.513810200
172.859916227 -42.513146590
172.860733292 -42.512664764
172.862568819 -42.512757705
172.863792651 -42.512759286
172.863918549 -42.511280562
172.864246256 -42.510707536
172.864616107 -42.509561118
172.866085690 -42.509110269
172.867187285 -42.509021115
172.867471638 -42.509534555
172.867143966 -42.510107590
172.866613097 -42.510348371
172.866570544 -42.511102852
172.866405042 -42.512098628
172.867014423 -42.513185924
172.868847685 -42.514274745
172.870886221 -42.514820524
172.872150752 -42.514882428
172.874843471 -42.514795121
172.876557745 -42.514404792
172.878028394 -42.513470889
172.879457242 -42.512989641
172.881377944 -42.511392223
172.881788468 -42.510155253
172.882810982 -42.508858605
172.883832767 -42.507893943
172.884162137 -42.506415422
172.884775843 -42.505510660
172.885591699 -42.505481377
172.886691072 -42.506448381
172.887830971 -42.507566326
172.889135269 -42.508080806
172.889419618 -42.508684736
172.888888070 -42.509317978
172.888192680 -42.510283036
172.887619046 -42.511550034
172.887209171 -42.512515394
172.887289427 -42.513179470
172.888063864 -42.513512300
172.889777189 -42.513544311
172.890592969 -42.513605535
172.891081568 -42.514088949
172.890957831 -42.514782990
172.891365142 -42.515115411
172.892344477 -42.514995706
172.894344730 -42.514333777
172.895078934 -42.514394886
172.895404504 -42.514817754
172.896001066 -42.514115703
172.897485154 -42.513085133
172.899026575 -42.512463122
172.899520078 -42.512764620
172.899402621 -42.513431040
172.898471335 -42.514139663
172.897801356 -42.514977544
172.897044409 -42.515686329
172.896664472 -42.516825508
172.896632372 -42.518459559
172.896746636 -42.519534727
172.897122094 -42.520825167
172.897206111 -42.522545337
172.897640246 -42.523556318
172.898713483 -42.524782938
172.900570825 -42.526440324
172.901760557 -42.527602513
172.902922551 -42.528033629
172.904229866 -42.528486368
172.905535874 -42.529713128
172.905446340 -42.531067611
172.905269514 -42.532465016
172.905354880 -42.533540146
172.906088497 -42.534295476
172.907276151 -42.534516210
172.907669298 -42.534945868
172.907993591 -42.536064564
172.907548035 -42.536524686
172.907843454 -42.537182836
172.907782712 -42.538038033
172.907100211 -42.538322504
172.905766045 -42.538189719
172.905381120 -42.537860424
172.903898207 -42.538012565
172.902089608 -42.537879295
172.900992804 -42.537680889
172.899512267 -42.536517198
172.898206604 -42.537042227
172.896307580 -42.537720154
172.894824278 -42.538069529
172.892688970 -42.538220849
172.889514625 -42.538963126
172.889541039 -42.540607868
172.889864995 -42.541748547
172.891079643 -42.542363853
172.892649883 -42.543133020
172.893359561 -42.544208298
172.893268288 -42.545414327
172.892517137 -42.546874074
172.891434662 -42.547539168
172.889677392 -42.547703874
172.888279653 -42.548301982
172.887827952 -42.548901095
172.887872205 -42.549300875
172.889313509 -42.549468970
172.892106360 -42.549638461
172.897152228 -42.549576968
172.899089552 -42.549512258
172.899494348 -42.549879073
172.899177838 -42.550511673
172.898410738 -42.551177141
172.897419217 -42.551376027
172.897191923 -42.552475063
172.897010415 -42.553174413
172.896874019 -42.553840496
172.894981174 -42.554138392
172.893989659 -42.554303937
172.893898663 -42.554770197
172.894619354 -42.554870865
172.896691824 -42.554906264
172.899268569 -42.554622542
172.902046913 -42.554476367
172.905187089 -42.554628124
172.907321079 -42.554570525
172.910100038 -42.554037174
172.911912678 -42.553502931
172.913766348 -42.552462649
172.916708167 -42.550649279
172.918561314 -42.549847058
172.921421180 -42.548837221
172.923514952 -42.548600686
172.925367119 -42.548393701
172.926010753 -42.548751384
172.926251767 -42.549138537
172.926734910 -42.549109123
172.927057590 -42.548662847
172.927501202 -42.548097589
172.928427333 -42.547949418
172.929634986 -42.548009808
172.931165520 -42.547445295
172.931689677 -42.546820541
172.933380926 -42.546464480
172.933823149 -42.546941054
172.933822472 -42.547476866
172.933741280 -42.548012624
172.935150451 -42.547894486
172.936197916 -42.547270054
172.936840530 -42.546591930
172.936740338 -42.545579414
172.936842489 -42.544979509
172.937553521 -42.544080005
172.939329336 -42.543256158
172.940394795 -42.542769336
172.943995080 -42.542808973
172.946631424 -42.543297945
172.947441674 -42.544348342
172.947795748 -42.545210994
172.948708428 -42.545323983
172.949568805 -42.547011861
172.948909240 -42.547311494
172.947793838 -42.547048404
172.947387434 -42.547723149
172.946676898 -42.548247731
172.944850692 -42.548734179
172.942720257 -42.549145423
172.942314121 -42.549520164
172.942363907 -42.550345153
172.942616640 -42.551095266
172.943376167 -42.552183158
172.943527070 -42.553308190
172.943171756 -42.553570469
172.942258882 -42.553532433
172.941398225 -42.552181986
172.941094570 -42.551619331
172.938965738 -42.550568078
172.937037837 -42.551166833
172.935820199 -42.551541030
172.934500975 -42.552027641
172.933080917 -42.552026694
172.932572551 -42.552963804
172.931709631 -42.553525688
172.930390630 -42.553787263
172.928818530 -42.553673663
172.927195667 -42.553597502
172.927093255 -42.554309892
172.926179705 -42.554759204
172.923845957 -42.555244944
172.922120806 -42.555731106
172.921156315 -42.556292832
172.920242193 -42.557079579
172.917300465 -42.557039735
172.914966504 -42.557562792
172.911871383 -42.558272643
172.908574367 -42.558344763
172.904262910 -42.558415856
172.902385154 -42.559014075
172.899695192 -42.559948964
172.897665667 -42.560284456
172.895330937 -42.561069583
172.893502390 -42.562380155
172.893499531 -42.563880076
172.893851332 -42.565605349
172.892632728 -42.566204066
172.891921527 -42.566728302
172.889994744 -42.566276306
172.888624948 -42.566349847
172.887106278 -42.564773294
172.885226953 -42.565971185
172.885121597 -42.567883473
172.885055925 -42.570557456
172.885128146 -42.572589591
172.884631059 -42.572927720
172.884135069 -42.572729610
172.883107018 -42.571317319
172.881733066 -42.571005323
172.879405455 -42.570268876
172.877572317 -42.570436094
172.876196935 -42.570801384
172.875393481 -42.571534234
172.874932297 -42.572888392
172.874433843 -42.573819158
172.872525925 -42.573224185
172.871532426 -42.573533434
172.870692618 -42.573419517
172.870350176 -42.572882860
172.870198403 -42.572459328
172.869053982 -42.571978126
172.867832101 -42.571976606
172.866455771 -42.572708677
172.863554173 -42.572535644
172.861914772 -42.571489271
172.860884776 -42.571092804
172.859700543 -42.571317031
172.859126546 -42.571824286
172.858474573 -42.572980565
172.858586139 -42.574194303
172.859309444 -42.575098399
172.859994377 -42.576087109
172.860793687 -42.577160633
172.860216486 -42.577704746
172.859250299 -42.577734515
172.858330096 -42.576150027
172.856945052 -42.575713552
172.856229287 -42.576395565
172.855639753 -42.576984612
172.854422019 -42.576827733
172.854088973 -42.575647588
172.853628434 -42.575057112
172.853842545 -42.573443095
172.854222998 -42.572481238
172.853889663 -42.571425269
172.852756202 -42.571206398
172.851493870 -42.572104938
172.851741967 -42.573626462
172.852243686 -42.574527448
172.851989757 -42.575272163
172.851149133 -42.575488305
172.850268029 -42.575114539
172.850188212 -42.573500115
172.850107351 -42.572289267
172.849144161 -42.571201354
172.848305130 -42.570827633
172.846102438 -42.570768052
172.845121176 -42.570321558
172.844710628 -42.569782183
172.842587298 -42.569779083
172.840210179 -42.569869267
172.839131887 -42.570148758
172.839288400 -42.570851748
172.839252882 -42.572233781
172.839346274 -42.572842975
172.840041971 -42.573406219
172.840103614 -42.574038791
172.839817208 -42.574460017
172.839150923 -42.574716697
172.838645383 -42.574153734
172.837761621 -42.572840591
172.836939969 -42.571996040
172.835515590 -42.571361389
172.833834628 -42.571803882
172.832946163 -42.572177308
172.832722160 -42.572926567
172.832782452 -42.574004219
172.832370097 -42.574120702
172.831514639 -42.574025666
172.830978225 -42.573204943
172.830092522 -42.572617920
172.829552305 -42.573108995
172.829329287 -42.573506870
172.828663450 -42.573599513
172.827523180 -42.573363443
172.826733003 -42.572635994
172.825274707 -42.572774193
172.824638809 -42.573452491
172.824446256 -42.574248635
172.824759539 -42.575467254
172.825231942 -42.576475302
172.825641248 -42.577389547
172.825860600 -42.578233207
172.825732140 -42.578795203
172.825382923 -42.578982040
172.824812603 -42.578910839
172.824275672 -42.578277487
172.823678116 -42.576730450
172.823460000 -42.575488560
172.822036534 -42.574572640
172.821150036 -42.574266648
172.820546705 -42.574640451
172.820544478 -42.575366627
172.820383490 -42.576186241
172.819811182 -42.576770918
172.818891520 -42.576933357
172.817656651 -42.576533053
172.816263543 -42.576062191
172.814743606 -42.575614521
172.813918287 -42.576011333
172.813061414 -42.576361235
172.811826142 -42.576101419
172.810496402 -42.575654023
172.809387932 -42.575394402
172.807929381 -42.575579229
172.806945932 -42.575858585
172.806943086 -42.576725313
172.806718757 -42.577474519
172.806842462 -42.578411747
172.808200110 -42.580030493
172.809117486 -42.580594316
172.809273537 -42.581344197
172.808702451 -42.581507166
172.808131899 -42.581506158
172.807718760 -42.581833380
172.806861233 -42.582347210
172.806259129 -42.582299286
172.805753743 -42.581759603
172.805789617 -42.580494709
172.805250925 -42.580446893
172.804426105 -42.580656236
172.802905044 -42.580536360
172.801955318 -42.580183255
172.801162108 -42.580416059
172.800274835 -42.580344155
172.799578540 -42.580038346
172.799295743 -42.579311642
172.799269470 -42.577718681
172.798795317 -42.577343001
172.797463392 -42.577551351
172.795338175 -42.578015873
172.792674674 -42.578315354
172.790043925 -42.578310309
172.788204396 -42.578634699
172.787441842 -42.579148567
172.786280940 -42.579209899
172.784367303 -42.579103427
172.783301520 -42.579424103
172.782835907 -42.579846837
172.783516288 -42.580413072
172.784114050 -42.581180883
172.784111844 -42.581786108
172.783945402 -42.582512054
172.783561152 -42.583076173
172.783450627 -42.583439091
172.783365703 -42.584266070
172.783145534 -42.584749817
172.782678104 -42.585656730
172.782401618 -42.586604371
172.782423805 -42.587996444
172.782366165 -42.588823475
172.781680797 -42.589588729
172.781077544 -42.590293620
172.780966098 -42.590898626
172.781318872 -42.591484388
172.782053897 -42.592070913
172.781996544 -42.592817247
172.781802003 -42.593744876
172.781034364 -42.594590657
172.780867331 -42.595457817
172.780155840 -42.595880046
172.779499700 -42.596100639
172.778161082 -42.596279495
172.777067975 -42.596519360
172.775684601 -42.597815621
172.770542109 -42.596884444
172.771735653 -42.596406681
172.772011101 -42.595206602
172.772826817 -42.594367842
172.773534027 -42.593568873
172.773483220 -42.592688288
172.772454709 -42.592526064
172.771320954 -42.591563175
172.771758876 -42.590363435
172.771708712 -42.589322762
172.770576264 -42.588039692
172.769710781 -42.587757718
172.769173220 -42.586716016
172.769502212 -42.585676142
172.769345949 -42.584074936
172.767564240 -42.582670397
172.765672253 -42.581785879
172.764048869 -42.581462215
172.762153451 -42.581458114
172.760960758 -42.581775692
172.760361188 -42.582734908
172.759059180 -42.583292360
172.758137872 -42.583450418
172.756026258 -42.583325672
172.755054402 -42.582603110
172.754460006 -42.582281605
172.753809809 -42.582360191
172.753264446 -42.583279471
172.752448945 -42.584038049
172.751469452 -42.585156450
172.750979860 -42.585675624
172.750059165 -42.585673531
172.750008024 -42.584953020
172.750282497 -42.584073162
172.751099193 -42.583034447
172.749963589 -42.582631646
172.748555693 -42.582588411
172.747147121 -42.582705245
172.745574199 -42.583261924
172.744650452 -42.583980178
172.744590993 -42.585220720
172.744044263 -42.586420108
172.742744433 -42.586417076
172.742638526 -42.585856521
172.742645591 -42.584215637
172.742267868 -42.583894576
172.742216127 -42.583334148
172.742922577 -42.582775494
172.743086938 -42.582335636
172.742384635 -42.581933774
172.741519700 -42.581571546
172.740331061 -42.580928395
172.738327682 -42.580843606
172.737242829 -42.581241241
172.736590853 -42.581719948
172.736207354 -42.582719580
172.736094451 -42.583759881
172.735550580 -42.584278863
172.735385098 -42.584958839
172.735379966 -42.586119464
172.735375365 -42.587160024
172.734831281 -42.587719023
172.734019759 -42.587516957
172.732938333 -42.587114121
172.732560999 -42.586712986
172.732942796 -42.586113582
172.733759280 -42.585195052
172.733817354 -42.584314709
172.733498286 -42.582993211
172.733718295 -42.582233325
172.732747060 -42.581430533
172.733131142 -42.580310847
172.732699158 -42.580029645
172.730281975 -42.580045912
172.729476433 -42.579865160
172.727566722 -42.580158419
172.726973316 -42.580613827
172.725680145 -42.581266135
172.724630044 -42.581660802
172.723203440 -42.582094242
172.722289638 -42.582072082
172.721457489 -42.581831615
172.721676025 -42.581077327
172.722297548 -42.580363783
172.722461393 -42.579807998
172.722329393 -42.579291196
172.721334261 -42.579427737
172.720553502 -42.579703861
172.720040314 -42.580238893
172.719527210 -42.580754059
172.719363709 -42.581230384
172.719332648 -42.582124193
172.719787089 -42.582661681
172.720350262 -42.582941208
172.720480773 -42.583775833
172.719617273 -42.584488753
172.719558962 -42.585461950
172.719555527 -42.586196915
172.718641015 -42.586313773
172.717729584 -42.585775114
172.716922879 -42.585832642
172.715468962 -42.586325509
172.714391737 -42.586739877
172.712368607 -42.588204577
172.711016298 -42.589909367
172.710449466 -42.590384623
172.709156499 -42.590917561
172.709084313 -42.589169324
172.709279122 -42.587799208
172.709503011 -42.585972293
172.709886537 -42.584483486
172.710508419 -42.583730278
172.712259133 -42.582999876
172.714015957 -42.580978291
172.714852027 -42.580384527
172.716628820 -42.579793176
172.718335935 -42.578277012
172.718785333 -42.576783499
172.718791023 -42.575569103
172.718223792 -42.575240700
172.717402243 -42.575238599
172.716831276 -42.575704216
172.716449891 -42.576170319
172.716068057 -42.576729835
172.715435640 -42.576821622
172.714237108 -42.576351446
172.711521873 -42.575877306
172.708636411 -42.575834606
172.706322731 -42.575111036
172.703979160 -42.574109616
172.702415371 -42.573735123
172.701316685 -42.574287603
172.700029526 -42.574955280
172.698742572 -42.575576657
172.697302169 -42.575572728
172.694483989 -42.575564988
172.693135520 -42.575954699
172.692444619 -42.576346221
172.691564641 -42.576968648
172.690594151 -42.576919655
172.689972401 -42.576038465
172.688724651 -42.575109228
172.688666569 -42.574229613
172.688294532 -42.573511120
172.687452826 -42.572791301
172.686137975 -42.572741298
172.684505287 -42.573592972
172.683591891 -42.574608682
172.682902770 -42.574653000
172.682498388 -42.574142687
172.682722567 -42.573194445
172.683383519 -42.572548317
172.683542751 -42.572039614
172.683075148 -42.571644840
172.681917125 -42.571548949
172.681386548 -42.571223417
172.681107442 -42.570713457
172.681893505 -42.570090841
172.682864978 -42.569931619
172.682679796 -42.569421933
172.681802627 -42.569511992
172.680643910 -42.569554948
172.679235078 -42.569527739
172.677793457 -42.569778139
172.676194898 -42.570097493
172.675065731 -42.570464488
172.674405714 -42.570925423
172.672399943 -42.571266673
172.670480035 -42.571377833
172.669306668 -42.571807115
172.667994958 -42.572337800
172.666441150 -42.573045944
172.665679763 -42.573705541
172.665021828 -42.574339988
172.663919237 -42.574413028
172.662163795 -42.574204046
172.660718633 -42.573945070
172.659271331 -42.574067927
172.657304931 -42.574621938
172.655270045 -42.575099332
172.652821077 -42.575702684
172.650854716 -42.576231128
172.649195807 -42.577193281
172.646758107 -42.577951365
172.645494360 -42.578844248
172.643872168 -42.579536659
172.641845999 -42.580128092
172.639368529 -42.581016996
172.638375499 -42.581711366
172.637785004 -42.582739223
172.637376087 -42.583468700
172.637366340 -42.585096379
172.636819354 -42.586356902
172.636325280 -42.586288853
172.635386285 -42.585455318
172.635213680 -42.584258884
172.634636936 -42.582994686
172.634145299 -42.582528012
172.632660961 -42.582689218
172.630272960 -42.583611440
172.628424097 -42.584568628
172.626392503 -42.585990235
172.624228636 -42.586979519
172.622918398 -42.588038090
172.621788555 -42.588997602
172.621195643 -42.590357552
172.620875350 -42.591253365
172.620335882 -42.591251530
172.620251796 -42.590321123
172.619858863 -42.588459542
172.618874894 -42.587658937
172.616853265 -42.587452697
172.616700209 -42.579180479
172.619227202 -42.579111843
172.621630920 -42.579080554
172.621898957 -42.578923568
172.621474385 -42.578487916
172.620621555 -42.578208699
172.620948922 -42.577104547
172.621486951 -42.576474795
172.622935110 -42.575492858
172.624861929 -42.574828307
172.625293576 -42.574119231
172.625996867 -42.572661062
172.627604837 -42.571719077
172.631242327 -42.570744335
172.634661332 -42.570558236
172.639200603 -42.570573042
172.643578981 -42.570705573
172.646093330 -42.569963599
172.648177418 -42.569733368
172.649568631 -42.569264075
172.651283873 -42.568164202
172.652569359 -42.567497172
172.652901659 -42.567304228