172.853230475 -42.717175511
172.851943866 -42.716560262
172.851165096 -42.716757083
172.848696014 -42.716793213
172.844295264 -42.716608826
172.842713396 -42.716052415
172.841640851 -42.715714418
172.840513565 -42.715772125
172.839680933 -42.716028159
172.838363485 -42.716916733
172.837476768 -42.717311196
172.836054464 -42.717289257
172.834418082 -42.717049284
172.832836289 -42.716492737
172.830986847 -42.715698272
172.830344151 -42.715222312
172.828197846 -42.715021029
172.825702333 -42.714937885
172.824734998 -42.715351910
172.823821502 -42.715706645
172.822881635 -42.715903010
172.820681478 -42.715760866
172.819635591 -42.715521654
172.817973646 -42.714905396
172.816578240 -42.714883258
172.816066811 -42.715377138
172.814993117 -42.715454474
172.813812640 -42.715353509
172.812417162 -42.715351110
172.810941112 -42.715368344
172.809787223 -42.715346542
172.808367352 -42.714592039
172.806112821 -42.714686997
172.804395328 -42.714683926
172.802570359 -42.714720215
172.800825964 -42.714736833
172.799162074 -42.714753571
172.797927489 -42.714790871
172.796102037 -42.714965583
172.794034913 -42.715179391
172.790599711 -42.715548732
172.786344900 -42.716672446
172.784454702 -42.716929956
172.783302165 -42.717275970
172.780467621 -42.717444468
172.777958187 -42.717504714
172.774780544 -42.717534976
172.772194427 -42.717127132
172.770416918 -42.716735831
172.767083233 -42.716236860
172.762433631 -42.716226902
172.758917132 -42.715965819
172.756632590 -42.716005509
172.753645618 -42.715888174
172.750841881 -42.715270439
172.745357260 -42.715163849
172.740127967 -42.715010568
172.738980045 -42.714984345
172.739014397 -42.714420034
172.739623057 -42.713786530
172.740614062 -42.713224470
172.741795872 -42.712780429
172.743677393 -42.712761296
172.746515264 -42.712814883
172.744541797 -42.711963744
172.743269710 -42.711161238
172.741838523 -42.710287796
172.738496695 -42.709559659
172.739040204 -42.707977976
172.739081499 -42.706711698
172.740587009 -42.706002909
172.741912034 -42.705663037
172.743134153 -42.704293980
172.744065317 -42.704032315
172.744032144 -42.703425433
172.743212720 -42.702658427
172.743252001 -42.701840651
172.742359819 -42.701363680
172.742362889 -42.700651350
172.745298036 -42.700156889
172.745906879 -42.699973614
172.746480735 -42.699605574
172.746768108 -42.699316022
172.746769786 -42.698920283
172.746199748 -42.698391314
172.744664243 -42.697807350
172.743735778 -42.697462221
172.743415805 -42.697012970
172.743740306 -42.696406919
172.746744090 -42.696545769
172.747893284 -42.695440325
172.751866847 -42.694578714
172.752334963 -42.693814668
172.752197937 -42.692363304
172.752133865 -42.690569128
172.752708031 -42.690095530
172.754638088 -42.690363680
172.756314701 -42.691396338
172.758710267 -42.691533537
172.758748059 -42.691032346
172.758427694 -42.690662282
172.758466238 -42.689976415
172.760043799 -42.688977323
172.763870364 -42.688959234
172.764550559 -42.688776014
172.765446877 -42.688197512
172.766127993 -42.687776840
172.767486690 -42.687832493
172.769415002 -42.688548899
172.770161189 -42.689790457
172.770977406 -42.691427898
172.771440190 -42.691982903
172.772689675 -42.692565921
172.774120008 -42.692621645
172.775405794 -42.693072795
172.776367452 -42.693046754
172.777320436 -42.692368187
172.778692542 -42.691731703
172.780569071 -42.690745650
172.781493565 -42.690190719
172.784124409 -42.689288598
172.787005778 -42.688654983
172.788487594 -42.688554754
172.790448019 -42.687486215
172.791009595 -42.686765540
172.790424596 -42.686207638
172.789924412 -42.685381817
172.789369882 -42.684122839
172.788425485 -42.682471293
172.787842028 -42.681500951
172.786421184 -42.680240270
172.784944801 -42.678896976
172.782878501 -42.678397974
172.781190393 -42.676504996
172.780136645 -42.675769176
172.777962619 -42.675489645
172.776285591 -42.675256948
172.774549219 -42.674290395
172.772629105 -42.672635584
172.772507632 -42.671901623
172.771456357 -42.670569590
172.769470391 -42.669923436
172.767484107 -42.669368960
172.769913172 -42.667906667
172.772585222 -42.667866389
172.774450537 -42.667549249
172.776936677 -42.667370917
172.778178370 -42.667648581
172.780171322 -42.666414471
172.780361294 -42.665451861
172.780860909 -42.664765012
172.780801488 -42.664031183
172.780721798 -42.663480824
172.780494067 -42.663085668
172.780674343 -42.662540971
172.780955575 -42.662240812
172.781694070 -42.662242289
172.783067825 -42.662620928
172.785001773 -42.663019449
172.785919013 -42.662889685
172.786609295 -42.662139230
172.787300100 -42.661238411
172.787944250 -42.660753089
172.788724259 -42.661001615
172.788632016 -42.661841280
172.788583333 -42.662977445
172.786681893 -42.664340550
172.785584232 -42.665540528
172.784620828 -42.666625488
172.784483174 -42.667662670
172.784725752 -42.668453588
172.785548983 -42.669113907
172.786641130 -42.669461864
172.788335484 -42.669893315
172.789250083 -42.669977422
172.789983713 -42.670752808
172.790067713 -42.672235043
172.790417990 -42.674145944
172.792330049 -42.676175098
172.793556489 -42.676457372
172.797149152 -42.676562919
172.798913246 -42.676253308
172.800453043 -42.676272607
172.801478948 -42.676472090
172.802547783 -42.677182134
172.803392372 -42.678221110
172.803680196 -42.678913262
172.804725307 -42.680067863
172.805906321 -42.680629869
172.807601434 -42.680962228
172.808626956 -42.681309854
172.809471436 -42.682431121
172.810363291 -42.682712627
172.812062986 -42.682742454
172.812468432 -42.682306623
172.813537803 -42.681829344
172.814881062 -42.681437699
172.816108964 -42.681013902
172.816471047 -42.680588631
172.816863015 -42.679833348
172.817155159 -42.678694600
172.817588053 -42.677437105
172.818797390 -42.676481780
172.820368814 -42.676198871
172.820280444 -42.675325351
172.820396410 -42.674620127
172.821331398 -42.674033825
172.822037388 -42.673900622
172.824859808 -42.673871635
172.825747872 -42.673738704
172.826795904 -42.673387678
172.828414015 -42.672668046
172.829622410 -42.671947744
172.829829009 -42.671343427
172.829715749 -42.671158496
172.829261587 -42.670805071
172.829151027 -42.669696384
172.829698764 -42.669176583
172.831135051 -42.668322260
172.832066126 -42.669029130
172.833519197 -42.670257464
172.834449803 -42.671149065
172.835564978 -42.671167566
172.836223640 -42.671655643
172.837519685 -42.672111087
172.838475000 -42.672330866
172.840478070 -42.672266671
172.841845135 -42.671731229
172.843007700 -42.671061107
172.844056626 -42.670323627
172.844402962 -42.668476609
172.843586543 -42.667400503
172.842815486 -42.666391638
172.843090847 -42.665552258
172.843887454 -42.665519827
172.844841746 -42.666092262
172.845887580 -42.666480069
172.847662964 -42.666381830
172.848938193 -42.666081312
172.849781190 -42.665712992
172.850237515 -42.665260149
172.850626124 -42.664588865
172.851675022 -42.663784133
172.852801936 -42.663691933
172.853218192 -42.662851988
172.853924201 -42.662058282
172.854049940 -42.661462450
172.854569422 -42.660729615
172.855109941 -42.659859267
172.857679352 -42.659052767
172.860717557 -42.657304573
172.861729614 -42.656417090
172.862548459 -42.655099282
172.862589559 -42.654153191
172.862941109 -42.653322184
172.863680918 -42.652549016
172.864924817 -42.652120537
172.866561560 -42.649771579
172.866951473 -42.649112633
172.866877119 -42.647678987
172.866607124 -42.646875858
172.866764865 -42.645843896
172.868282896 -42.644354894
172.869370804 -42.644126871
172.872049973 -42.644330839
172.872669293 -42.645249060
172.873948659 -42.646254080
172.874257520 -42.647085909
172.875073660 -42.646828837
172.876239630 -42.646428814
172.877984413 -42.645948099
172.879039752 -42.644597114
172.879200021 -42.642274940
172.877996882 -42.640123040
172.877070460 -42.639348027
172.876877785 -42.638659695
172.877189859 -42.638000623
172.878472328 -42.637514700
172.879286501 -42.638117730
172.880139400 -42.638778140
172.882158709 -42.638751751
172.883441568 -42.638065075
172.884026673 -42.636775523
172.886048107 -42.635659565
172.886672425 -42.634140672
172.887993401 -42.633740698
172.888770932 -42.633254118
172.890168582 -42.633341610
172.890788669 -42.633944354
172.890981427 -42.634661333
172.892222863 -42.635236046
172.892492261 -42.636497853
172.893345223 -42.637186835
172.894430275 -42.638363456
172.895399887 -42.638995199
172.899205354 -42.639027635
172.901108939 -42.638570725
172.902080845 -42.637940879
172.902820394 -42.636938084
172.902744033 -42.636192565
172.901659710 -42.634528622
172.901428910 -42.633295547
172.900187520 -42.632663601
172.899102663 -42.631372350
172.898212141 -42.629995265
172.896893842 -42.629019144
172.895884641 -42.628874782
172.894253968 -42.628873136
172.892701707 -42.628947476
172.891910850 -42.628639574
172.890140897 -42.628261299
172.888879619 -42.628685383
172.887441679 -42.629019723
172.884949236 -42.628990145
172.883894787 -42.628612800
172.880419784 -42.628649208
172.879529306 -42.628177964
172.879385127 -42.627532913
172.879259628 -42.626659487
172.878026246 -42.626404945
172.875039355 -42.626453043
172.873747942 -42.626330592
172.873366702 -42.625967387
172.873404336 -42.625403157
172.875115476 -42.624921530
172.877135016 -42.624829856
172.878444683 -42.624911986
172.878209018 -42.624522095
172.878228332 -42.623998147
172.878666000 -42.623501552
172.878794945 -42.622749334
172.877867059 -42.622802003
172.875393059 -42.622772238
172.872955921 -42.622527502
172.871811000 -42.622015585
172.871776065 -42.621370656
172.872122539 -42.620994892
172.873159133 -42.621130492
172.874741052 -42.621454823
172.876068573 -42.621657918
172.878378751 -42.621714350
172.880162037 -42.621461127
172.881999713 -42.621288550
172.883126790 -42.621665994
172.884417274 -42.622204828
172.884998990 -42.622406995
172.887655135 -42.622315833
172.890823839 -42.623499527
172.893549374 -42.623077644
172.894933211 -42.622636604
172.896289012 -42.622754078
172.897014176 -42.623828837
172.897543099 -42.624758257
172.900078243 -42.624818789
172.901748593 -42.624921976
172.903596056 -42.624894677
172.904676316 -42.625287552
172.904776650 -42.624082982
172.903894198 -42.622964591
172.903859191 -42.620482663
172.903388151 -42.620133889
172.902959005 -42.618304724
172.902390291 -42.617636547
172.902529096 -42.616925489
172.903236980 -42.616664898
172.904238314 -42.617159303
172.905218202 -42.618713203
172.906256947 -42.620354232
172.908083363 -42.621081570
172.909774157 -42.620647640
172.912232162 -42.619706353
172.913902486 -42.619751307
172.916789889 -42.620668074
172.919619622 -42.620771938
172.921369030 -42.620512052
172.922135936 -42.620178820
172.923631467 -42.618772099
172.924183442 -42.617538822
172.924440228 -42.616595604
172.924205849 -42.615579447
172.925208400 -42.615304427
172.925915591 -42.615464603
172.926701286 -42.615697400
172.927860524 -42.615799836
172.928239395 -42.615933542
172.931178296 -42.613876682
172.933038192 -42.612628869
172.934339806 -42.611970882
172.937891818 -42.609667182
172.941759419 -42.607391011
172.942020248 -42.606773490
172.941296257 -42.606182833
172.940070633 -42.605564414
172.939495414 -42.604891480
172.939663641 -42.604026835
172.939664819 -42.603011101
172.938885057 -42.602502751
172.938160984 -42.602049335
172.938180473 -42.601280682
172.938292582 -42.600745431
172.939147355 -42.600636154
172.940243134 -42.600979982
172.941784584 -42.601543683
172.943455997 -42.602217250
172.944978718 -42.602973064
172.946241298 -42.603783618
172.946630632 -42.604593676
172.947448069 -42.604690210
172.948117301 -42.604361146
172.948694100 -42.603565339
172.948750410 -42.603002597
172.947339889 -42.601505681
172.946764644 -42.600819057
172.945502485 -42.599665354
172.945300559 -42.597671612
172.944480767 -42.596934954
172.943456090 -42.595981645
172.943046599 -42.595266867
172.943310855 -42.594812315
172.943897159 -42.594639434
172.945010043 -42.595311305
172.946210755 -42.596091478
172.947294677 -42.596481825
172.947880267 -42.597001809
172.948376372 -42.599059085
172.949195784 -42.600250427
172.949575706 -42.601333266
172.950131862 -42.602048099
172.950717659 -42.602438154
172.951978559 -42.601810870
172.953268763 -42.601161935
172.953972592 -42.600707574
172.958135336 -42.599605247
172.962063492 -42.598481019
172.962767040 -42.598264784
172.963881356 -42.597442438
172.964790049 -42.597204622
172.965845076 -42.597226688
172.966314305 -42.596793816
172.966607657 -42.596404180
172.967721453 -42.596188071
172.968894521 -42.595019256
172.968953631 -42.594304738
172.969452495 -42.593330547
172.970625027 -42.592832946
172.970010264 -42.591901667
172.969688587 -42.590927183
172.970187221 -42.590234472
172.970656034 -42.590299593
172.971183266 -42.590646217
172.971798827 -42.590364940
172.971852906 -42.590003333
172.971693200 -42.589589547
172.973559862 -42.589137025
172.974226301 -42.589334251
172.974305587 -42.590476963
172.974784326 -42.592447261
172.975183149 -42.594338726
172.976276099 -42.594851293
172.976889107 -42.595344009
172.977128780 -42.595895720
172.977222360 -42.600424918
172.978131685 -42.600425176
172.980037711 -42.601639274
172.980858759 -42.602224606
172.984173491 -42.602225406
172.985405608 -42.602008968
172.986139115 -42.601619045
172.986696709 -42.600990699
172.986755527 -42.600622303
172.988926567 -42.599582514
172.989015897 -42.596028480
172.987315674 -42.593622671
172.987843784 -42.593189355
172.989280734 -42.593731402
172.990688600 -42.593644966
172.991363129 -42.593818448
172.991861587 -42.594273620
172.992154640 -42.595032152
172.992740623 -42.597004304
172.993180433 -42.597524474
172.994089562 -42.598044709
172.994910740 -42.598456572
172.995907970 -42.598695083
172.996875812 -42.599193635
172.997902285 -42.599908896
172.998547412 -42.600797478
172.999104857 -42.600255756
173.000336965 -42.599605737
173.001950283 -42.599475840
173.002889244 -42.597373812
173.003740091 -42.595748540
173.003799296 -42.591912776
173.004356602 -42.591501058
173.005031157 -42.591566104
173.005764327 -42.592042897
173.006556009 -42.594145014
173.007201159 -42.595423621
173.007934401 -42.595770375
173.008696957 -42.596507203
173.009342203 -42.597265695
173.010574088 -42.598544287
173.012158023 -42.599432786
173.012774006 -42.599237735
173.013477963 -42.598132494
173.013477919 -42.594990202
173.013331252 -42.593624933
173.013037949 -42.592909798
173.013272580 -42.592454701
173.014093792 -42.592129612
173.015120315 -42.592194587
173.016088199 -42.592584620
173.016645491 -42.593126366
173.016674774 -42.592411221
173.016498750 -42.591631075
173.015912122 -42.590655910
173.014826953 -42.590179195
173.013272551 -42.589594128
173.011278271 -42.588727321
173.010339819 -42.587947168
173.009811974 -42.586971970
173.009225495 -42.585975098
173.009548123 -42.585194943
173.011923529 -42.584371437
173.013184528 -42.584674808
173.013859031 -42.585346591
173.014797493 -42.586300084
173.016381257 -42.588640483
173.017642441 -42.589918999
173.018580940 -42.589918936
173.019578038 -42.589398755
173.020428461 -42.588726883
173.021161497 -42.587599923
173.021628445 -42.587381121
173.021601293 -42.588470814
173.021410348 -42.590024649
173.021164813 -42.591861001
173.020564192 -42.593495589
173.020100097 -42.595109983
173.019963684 -42.596361119
173.020837925 -42.598237727
173.023262875 -42.599011280
173.022775278 -42.599961376
173.022420678 -42.600796794
173.022376479 -42.601681320
173.022930973 -42.602844241
173.023041963 -42.603581329
173.023086407 -42.604154624
173.022731730 -42.604646063
173.023020027 -42.604940871
173.023685241 -42.605088216
173.024793723 -42.604269081
173.026389814 -42.602778288
173.028074336 -42.600583119
173.030179848 -42.597912832
173.032551134 -42.594947627
173.034729830 -42.591754666
173.035602827 -42.588343716
173.036161908 -42.587258349
173.036335621 -42.584286809
173.036370049 -42.582865649
173.036788564 -42.580100765
173.036857533 -42.577620188
173.037031360 -42.575087908
173.037135798 -42.573950959
173.036576340 -42.573692696
173.035702392 -42.573822087
173.034793606 -42.574313229
173.033395387 -42.574881979
173.031752408 -42.575424918
173.030668690 -42.575657668
173.029410116 -42.575735400
173.028151445 -42.575425531
173.027382149 -42.574753828
173.026717721 -42.573952909
173.025528987 -42.573487965
173.024515017 -42.572764596
173.025249003 -42.571963488
173.026367559 -42.571369036
173.027101575 -42.570877987
173.027573564 -42.569963440
173.025596291 -42.569891841
173.023100381 -42.569724430
173.021447030 -42.567999548
173.020085658 -42.567807998
173.019178137 -42.568215374
173.019016136 -42.568862281
173.019178265 -42.569461246
173.017460586 -42.572839590
173.015418493 -42.574924132
173.012954827 -42.574828377
173.011885076 -42.575020068
173.011269140 -42.575762804
173.010491125 -42.575906562
173.009615878 -42.575571133
173.008964400 -42.574662255
173.008172224 -42.574276333
173.007091865 -42.575234427
173.005794369 -42.575412323
173.003050335 -42.574141479
173.002025423 -42.574019225
173.004075461 -42.572748656
173.007348770 -42.570305133
173.009927517 -42.569352147
173.011712771 -42.567885946
173.014073115 -42.566311945
173.017503602 -42.564959182
173.022455812 -42.563112646
173.022243989 -42.561892346
173.021862820 -42.560327871
173.022116478 -42.558325266
173.022412490 -42.556635559
173.022327435 -42.553944598
173.021311248 -42.550471469
173.020252979 -42.548030914
173.019787175 -42.545214817
173.019829199 -42.542586419
173.020675155 -42.539989241
173.021140435 -42.538831452
173.018826903 -42.537838610
173.016798666 -42.537838738
173.014727277 -42.537870746
173.012440117 -42.537806978
173.010584519 -42.537200626
173.008642692 -42.535987874
173.007002935 -42.535509122
173.004672702 -42.535540941
173.002342510 -42.535317399
172.998890573 -42.534232020
172.996646994 -42.533082863
172.998330102 -42.532093715
173.000099384 -42.531455606
173.002774726 -42.531040934
173.006917139 -42.530211373
173.009851287 -42.529509318
173.012655926 -42.528583791
173.015374175 -42.527275230
173.017660893 -42.526541085
173.020120101 -42.525455826
173.023830552 -42.525136317
173.029266291 -42.522997312
173.034529210 -42.521209142
173.039619276 -42.519452689
173.043630726 -42.518047382
173.047340091 -42.516769688
173.051481050 -42.516066175
173.056101120 -42.515643675
173.060134329 -42.515431372
173.063407729 -42.514517187
173.065067652 -42.513498375
173.066489708 -42.511812665
173.067817253 -42.510653555
173.070425713 -42.509388454
173.072511766 -42.507702320
173.076780634 -42.506506375
173.082709315 -42.504817773
173.088826553 -42.502391537
173.091766547 -42.501301247
173.094043145 -42.500878356
173.094729946 -42.500328750
173.094493003 -42.499580572
173.093919616 -42.499331540
173.093497370 -42.498725212
173.093735694 -42.497785574
173.095171393 -42.496650073
173.095170556 -42.496011943
173.095505050 -42.495373567
173.096346906 -42.494944558
173.098034646 -42.494828232
173.097944763 -42.494055808
173.098010363 -42.493299702
173.098698784 -42.493266302
173.100366054 -42.494431967
173.103564066 -42.494380105
173.104586323 -42.494823041
173.107229149 -42.494787968
173.108249540 -42.493981737
173.109336177 -42.492945337
173.111999806 -42.492071899
173.113532005 -42.491971916
173.114930468 -42.491576186
173.116528160 -42.490802227
173.117726080 -42.490028619
173.118368077 -42.489908338
173.119005044 -42.489100014
173.119395370 -42.488566243
173.120464558 -42.487666059
173.121328418 -42.487116585
173.121966749 -42.487131206
173.122441446 -42.487770826
173.122957362 -42.488425643
173.122032548 -42.489447630
173.121047672 -42.490549975
173.122332371 -42.490641244
173.124926519 -42.490405138
173.127205093 -42.490169296
173.129517989 -42.489544131
173.132460300 -42.488061920
173.135648549 -42.486916709
173.138169369 -42.485175315
173.138760944 -42.482968949
173.139109640 -42.482034378
173.139670288 -42.481904000
173.140827320 -42.481980540
173.141564523 -42.482472740
173.142790018 -42.481744748
173.143385928 -42.481718110
173.144890747 -42.480470781
173.146219395 -42.480469407
173.146604093 -42.481225148
173.145902607 -42.481627706
173.145842159 -42.483234693
173.147755755 -42.482334438
173.150244092 -42.481504346
173.152381408 -42.480769159
173.154836523 -42.479419123
173.157961256 -42.477784604
173.161212341 -42.475653580
173.163894419 -42.475074219
173.167015403 -42.473432415
173.169329718 -42.472207541
173.170873545 -42.471789499
173.171821134 -42.471632211
173.170482898 -42.470022483
173.168937111 -42.469634723
173.166969714 -42.469117550
173.166686935 -42.468338129
173.167632052 -42.467193123
173.167384636 -42.466517628
173.166329949 -42.465921212
173.166925754 -42.465504505
173.168189413 -42.465424796
173.170297653 -42.466149703
173.170580598 -42.466981102
173.171845203 -42.467265262
173.173258705 -42.467578390
173.175155344 -42.467477703
173.176918357 -42.466887261
173.178947482 -42.466851642
173.180933625 -42.467240646
173.182608263 -42.466617587
173.184502451 -42.465634899
173.186529365 -42.464815282
173.189923949 -42.464091485
173.192611751 -42.463042098
173.194769765 -42.461862855
173.197723195 -42.461204858
173.201469242 -42.460120875
173.203450553 -42.458941764
173.205652322 -42.457762244
173.209088666 -42.456482573
173.220893770 -42.451856346
173.228865548 -42.448706006
173.231447828 -42.447865314
173.234171313 -42.448620464
173.237459709 -42.449412456
173.242132373 -42.449669284
173.247524652 -42.450152565
173.251735512 -42.450447975
173.254788987 -42.450748383
173.255597219 -42.450642513
173.256156224 -42.449730002
173.257631922 -42.449492501
173.258190787 -42.448553943
173.258151371 -42.447460446
173.257516336 -42.446888982
173.256461259 -42.446787093
173.255301220 -42.446815605
173.253892897 -42.446271803
173.253571621 -42.444996636
173.254723929 -42.442963253
173.256020995 -42.442023135
173.256581328 -42.441475146
173.256580119 -42.441162695
173.255629092 -42.440670010
173.255100006 -42.440202457
173.255202156 -42.439342994
173.255481564 -42.438873721
173.258007597 -42.437618502
173.260323345 -42.436545948
173.262642937 -42.436462774
173.265452534 -42.435857713
173.268574087 -42.434184337
173.273168992 -42.431856576
173.273164260 -42.430710925
173.272739601 -42.430008875
173.273262493 -42.428966170
173.273572990 -42.427559420
173.273112235 -42.426623113
173.272615708 -42.425530657
173.272648276 -42.424905676
173.273667007 -42.424799199
173.274231677 -42.425370738
173.275220795 -42.426592242
173.276242485 -42.427188757
173.276666837 -42.427812682
173.277200675 -42.429399750
173.279268235 -42.427962861
173.282424398 -42.426341102
173.284108634 -42.425712202
173.284527781 -42.425112336
173.286071615 -42.424535817
173.290677434 -42.423566164
173.292944095 -42.423212922
173.296221513 -42.421524279
173.299270969 -42.421342816
173.303492498 -42.420926496
173.307400589 -42.420394931
173.306075064 -42.421267593
173.304279425 -42.421967591
173.302641768 -42.423014860
173.301002205 -42.423656461
173.299209381 -42.424400423
173.297624758 -42.426244133
173.296924319 -42.426766561
173.294302427 -42.427189604
173.292761054 -42.428269472
173.293327934 -42.429309444
173.293237621 -42.430073333
173.292395767 -42.430422520
173.291130517 -42.430390901
173.290097561 -42.429907446
173.287989084 -42.429912551
173.286773566 -42.430540295
173.285745599 -42.431202289
173.285233933 -42.432071315
173.283831366 -42.432803611
173.282475328 -42.433466355
173.281542169 -42.434405784
173.280652596 -42.434581437
173.280562712 -42.435484162
173.280520128 -42.436490914
173.281417569 -42.438154983
173.281280533 -42.438988395
173.280954717 -42.439509843
173.281053760 -42.440759244
173.281664610 -42.441139639
173.281717546 -42.442562707
173.282050047 -42.443603283
173.283278676 -42.445960793
173.283378522 -42.447383749
173.284414107 -42.448422647
173.286249977 -42.450257994
173.286564541 -42.449988007
173.286662086 -42.449215576
173.287047792 -42.448965554
173.287451395 -42.448964583
173.287721986 -42.449312665
173.287743423 -42.450371269
173.288437888 -42.451502976
173.288046676 -42.453673101
173.287482597 -42.456230378
173.287224364 -42.457526704
173.287003951 -42.459860689
173.285323624 -42.462311998
173.283794939 -42.464307612
173.282259337 -42.464709645
173.280046711 -42.464882954
173.278190205 -42.466218504
173.276904361 -42.465841144
173.276611522 -42.464914727
173.275487829 -42.464917322
173.274486431 -42.463445782
173.273356468 -42.461926984
173.272901611 -42.460620580
173.271103141 -42.460458268
173.269529692 -42.460366736
173.267795251 -42.460156684
173.265708261 -42.460090020
173.264625788 -42.462350728
173.263351363 -42.464802021
173.261749753 -42.465732627
173.258929167 -42.466951112
173.255204799 -42.466959099
173.252894481 -42.467320568
173.251259014 -42.467846981
173.249656254 -42.468539704
173.248215154 -42.469541104
173.246940564 -42.472158614
173.245566196 -42.473872991
173.243899959 -42.474827251
173.241304693 -42.476401419
173.237939028 -42.478095913
173.234410605 -42.479220108
173.230114042 -42.481130127
173.227581670 -42.482489921
173.226170965 -42.483181954
173.224701128 -42.485395460
173.223676760 -42.486395773
173.222089691 -42.487255748
173.222125372 -42.485851828
173.222607533 -42.485223685
173.224292660 -42.482323243
173.224652108 -42.481217411
173.222315001 -42.482207429
173.219172628 -42.483766380
173.218165944 -42.484425328
173.217887756 -42.485740078
173.215193526 -42.488701965
173.212012851 -42.491067257
173.210122313 -42.493071796
173.208150748 -42.495016704
173.206539645 -42.496094756
173.203637725 -42.497443786
173.200734698 -42.498464183
173.198152799 -42.498916469
173.195610267 -42.499040074
173.193232524 -42.500328255
173.190856544 -42.502273505
173.188279837 -42.504667054
173.186791805 -42.506670579
173.185265606 -42.509510474
173.184145352 -42.513215935
173.183104096 -42.516323884
173.181169568 -42.517611146
173.179032923 -42.518838934
173.177785191 -42.520334210
173.177429084 -42.523112542
173.177433786 -42.524904673
173.178123788 -42.526247769
173.180029250 -42.529082515
173.180353587 -42.529559938
173.180237940 -42.531621063
173.179069170 -42.532518854
173.178181492 -42.532818844
173.176809024 -42.533059795
173.176285574 -42.533657930
173.175401040 -42.535182519
173.174353219 -42.536050218
173.171777151 -42.539488790
173.170689572 -42.540655200
173.169037968 -42.542419757
173.169001150 -42.543853511
173.168116814 -42.545587122
173.167029282 -42.546843103
173.165980640 -42.547501643
173.164811661 -42.548518763
173.164048334 -42.550252177
173.163890782 -42.551925039
173.163331821 -42.554673711
173.162849105 -42.555540548
173.160751916 -42.557066623
173.160429907 -42.557574813
173.160273226 -42.559665828
173.160321298 -42.562921453
173.160931394 -42.564623168
173.161702655 -42.566115586
173.161625250 -42.567549384
173.161263566 -42.568386182
173.161083247 -42.568732897
173.161552851 -42.569165226
173.162373745 -42.569532145
173.162637995 -42.569813210
173.162609900 -42.570311136
173.161966315 -42.570615052
173.160502534 -42.570855100
173.159624281 -42.571007779
173.159127211 -42.571354782
173.157926335 -42.571313040
173.157340041 -42.571075673
173.156286600 -42.571466671
173.154531423 -42.572378081
173.153215615 -42.573332212
173.152046499 -42.574416030
173.151229481 -42.575802467
173.150588121 -42.577167035
173.150269310 -42.578704384
173.148732683 -42.580992750
173.147822640 -42.583021184
173.146266937 -42.585010626
173.144494365 -42.586245019
173.143260338 -42.587796774
173.141596778 -42.589786276
173.139500222 -42.590543942
173.137941998 -42.591499729
173.137298554 -42.592573738
173.135311636 -42.594444252
173.133269876 -42.595837769
173.130959761 -42.597629051
173.130046588 -42.598425043
173.129778462 -42.598902343
173.128542724 -42.599857668
173.126876056 -42.600574910
173.125908913 -42.601331174
173.125372282 -42.602126748
173.124943325 -42.602961965
173.124354499 -42.604671875
173.123980603 -42.606222563
173.123660712 -42.607892449
173.123286850 -42.609482884
173.123504089 -42.610595715
173.125439558 -42.609560241
173.128234720 -42.607848073
173.131676147 -42.606492918
173.135601325 -42.604938373
173.145711954 -42.600644742
173.152668993 -42.597629142
173.156734923 -42.595776246
173.159182355 -42.593889091
173.162462870 -42.591855856
173.166088529 -42.590691598
173.169371282 -42.589708857
173.171378198 -42.588365513
173.173482902 -42.586949534
173.174953706 -42.586911201
173.175153777 -42.588432608
173.176039743 -42.589735640
173.175896616 -42.591257541
173.175556214 -42.592344956
173.175657587 -42.593612888
173.176203606 -42.596148253
173.179486773 -42.595273916
173.183014337 -42.594145501
173.185999079 -42.591822197
173.189231213 -42.590367968
173.192806103 -42.588804410
173.196429311 -42.587059508
173.197502511 -42.585209990
173.198722945 -42.583432680
173.198038452 -42.582846992
173.198035588 -42.581880151
173.198906527 -42.581457278
173.200381864 -42.581231724
173.201726600 -42.582196336
173.204476145 -42.581795064
173.207093168 -42.581939353
173.210817135 -42.582056865
173.214540317 -42.581926348
173.219775626 -42.581350860
173.223407609 -42.580615787
173.226298607 -42.579381226
173.228695454 -42.577783338
173.230592126 -42.574092233
173.232799245 -42.571174410
173.234639699 -42.569122227
173.238205602 -42.567385275
173.241461051 -42.565011493
173.244100770 -42.562729922
173.246185910 -42.560403905
173.245509818 -42.559781330
173.245134280 -42.557982320
173.244320290 -42.557302248
173.244429331 -42.556865715
173.246235953 -42.556671135
173.248670415 -42.556693380
173.249006693 -42.557837995
173.249633530 -42.557782152
173.250699566 -42.556825500
173.252611600 -42.555267130
173.254670963 -42.553681146
173.258772160 -42.550698780
173.261963427 -42.548540987
173.264111303 -42.547374806
173.265118470 -42.547627543
173.264692430 -42.545670173
173.262809498 -42.545365119
173.262041552 -42.545031828
173.261759713 -42.544259426
173.263012813 -42.543921703
173.264754664 -42.543814792
173.266390305 -42.543295813
173.268269097 -42.542595896
173.269243478 -42.542284497
173.270776844 -42.542332567
173.272100610 -42.542252259
173.272898501 -42.541400119
173.274531214 -42.540211081
173.275780381 -42.538971372
173.277310732 -42.538323646
173.278958780 -42.537407523
173.281385375 -42.537446134
173.283451548 -42.537264014
173.288449640 -42.536232954
173.291381788 -42.535450439
173.294437758 -42.535575851
173.296266296 -42.535859318
173.297291797 -42.537407532
173.297301950 -42.539645044
173.296917935 -42.540842308
173.297138389 -42.543212216
173.294842063 -42.545544072
173.294037830 -42.546587287
173.293833574 -42.547806249
173.292730477 -42.549027422
173.290700194 -42.550627463
173.291271046 -42.550980530
173.292591849 -42.551531138
173.293075011 -42.552371793
173.294067163 -42.553122577
173.294520793 -42.554051913
173.294012805 -42.554363320
173.292514622 -42.554367008
173.289277664 -42.554175525
173.290335223 -42.556166791
173.288962518 -42.557455043
173.287260521 -42.558832687
173.287272753 -42.561624026
173.287006152 -42.562333587
173.287550331 -42.563417806
173.287557816 -42.565123623
173.288996417 -42.565142297
173.290019576 -42.566092420
173.290831304 -42.566666438
173.290836420 -42.567818416
173.289164254 -42.569218166
173.288447004 -42.569685131
173.284795737 -42.570890206
173.284711981 -42.572308240
173.284601807 -42.574546021
173.284092932 -42.574702309
173.280285832 -42.574600549
173.278732393 -42.575822637
173.278018369 -42.577087060
173.277002787 -42.577931259
173.275533918 -42.577912505
173.274816467 -42.578379385
173.273263288 -42.579712167
173.271796671 -42.580247200
173.270271445 -42.580637998
173.269729087 -42.580884920
173.268700128 -42.580969475
173.267394233 -42.581363026
173.265477711 -42.582107423
173.264254817 -42.582397959
173.263811520 -42.582851236
173.262266171 -42.582855695
173.260618899 -42.583766480
173.258502495 -42.583802354
173.257359691 -42.583836099
173.256091721 -42.584339334
173.256178330 -42.584839665
173.255502608 -42.585247778
173.254743181 -42.585906323
173.253942491 -42.586846490
173.254072747 -42.587690833
173.253188680 -42.588975275
173.252430622 -42.590009187
173.251088306 -42.593265353
173.249565360 -42.593581358
173.248590541 -42.593301845
173.245713721 -42.593870856
173.243428077 -42.594031930
173.242921407 -42.594408343
173.241693039 -42.594254414
173.240381822 -42.594601152
173.239647343 -42.595265904
173.238707557 -42.595504710
173.236869020 -42.595508352
173.234613144 -42.596160663
173.234211542 -42.597033546
173.232899084 -42.597833447
173.231520017 -42.598882634
173.230982584 -42.599506599
173.230988859 -42.601300628
173.230518853 -42.601924462
173.229845173 -42.602174923
173.228462515 -42.602227394
173.227452146 -42.602652903
173.225642876 -42.604202889
173.224236032 -42.605082580
173.222871420 -42.607497033
173.221242486 -42.608568956
173.219501731 -42.609504019
173.218764186 -42.610875767
173.218101633 -42.612494047
173.216918567 -42.613811772
173.215956308 -42.614580928
173.214139941 -42.615159738
173.211507091 -42.615712547
173.210359458 -42.616564205
173.208512308 -42.618101626
173.205498210 -42.619109603
173.203839862 -42.619483824
173.203137763 -42.620116404
173.201178653 -42.620825361
173.197559935 -42.621537010
173.196944503 -42.622199716
173.195929022 -42.623919802
173.193815812 -42.627209328
173.191737830 -42.628629586
173.189699637 -42.629718117
173.187213968 -42.631410261
173.185544316 -42.632950367
173.184322374 -42.634007403
173.181102179 -42.635971857
173.179757124 -42.636848141
173.178293634 -42.639262121
173.177238695 -42.641796076
173.176589562 -42.643394852
173.174882589 -42.646502535
173.173583606 -42.649519167
173.171633278 -42.653410985
173.170280979 -42.651634170
173.168354582 -42.648893407
173.167004048 -42.647749650
173.165897397 -42.646123182
173.166176771 -42.643499948
173.166826471 -42.642021821
173.166334218 -42.641118059
173.165352797 -42.640546585
173.161715068 -42.639074214
173.163102352 -42.638650301
173.165509453 -42.637833071
173.167100092 -42.637107357
173.167257940 -42.634906349
173.166726181 -42.634515155
173.163459156 -42.634248243
173.161378227 -42.634823817
173.159827623 -42.635217775
173.157949229 -42.635129770
173.155864256 -42.633986823
173.158389587 -42.631390868
173.159978716 -42.630062294
173.159976643 -42.629188009
173.158913034 -42.628284959
173.157970663 -42.626839079
173.156867838 -42.626599313
173.155477105 -42.625425317
173.154660217 -42.625245463
173.153190774 -42.625337750
173.151681311 -42.625791844
173.152009526 -42.626514987
173.151276234 -42.627209295
173.149767245 -42.627904545
173.147867767 -42.627929107
173.145658063 -42.628683426
173.143798879 -42.629229933
173.142114952 -42.629672528
173.138241537 -42.630323259
173.135306917 -42.631636046
173.133091936 -42.632579679
173.130379102 -42.634055794
173.126835236 -42.635778234
173.125174895 -42.637089455
173.123291757 -42.637827949
173.120134833 -42.639181492
173.117864413 -42.640411345
173.115982318 -42.641886335
173.114266158 -42.643197449
173.111887043 -42.645941437
173.111556866 -42.647455883
173.111003629 -42.648152065
173.110838820 -42.649093440
173.109842712 -42.650199235
173.108293143 -42.651919343
173.107961649 -42.652656242
173.109237129 -42.652900680
173.110955223 -42.652571793
173.113781668 -42.651996341
173.115112392 -42.652117896
173.116111038 -42.652567127
173.117163892 -42.652279685
173.119656292 -42.650926865
173.122147788 -42.649123840
173.124141192 -42.647853257
173.125611353 -42.646989284
173.129602923 -42.646421694
173.131364695 -42.646593222
173.133841740 -42.652225470
173.135192131 -42.652137311
173.135898151 -42.652830062
173.135283185 -42.654775939
173.134110183 -42.656039276
173.133203837 -42.657065677
173.133792524 -42.657538314
173.135878067 -42.658364265
173.137163494 -42.659861538
173.138556820 -42.661831946
173.139573899 -42.662698463
173.143527779 -42.662457285
173.145343465 -42.661903004
173.147267621 -42.662097910
173.147910071 -42.662649288
173.147537124 -42.663162447
173.146415609 -42.663479302
173.145561276 -42.663795830
173.144921361 -42.664427613
173.145349803 -42.664860939
173.146044516 -42.664860116
173.146633544 -42.665411564
173.146155306 -42.666674188
173.145086909 -42.666872649
173.144070941 -42.666597769
173.142414521 -42.666718014
173.141132265 -42.666877247
173.139082005 -42.666780990
173.136316316 -42.666523563
173.134372515 -42.665353386
173.133372793 -42.665571562
173.131783152 -42.664965402
173.129428654 -42.664316602
173.127192267 -42.663884728
173.124663177 -42.664234640
173.122958316 -42.664931036
173.121134761 -42.665063079
173.119664716 -42.665498685
173.118077505 -42.666238315
173.116255722 -42.667455747
173.115021286 -42.668108168
173.112551280 -42.668761692
173.111552609 -42.669717796
173.110555356 -42.671585682
173.109146232 -42.673497337
173.107794791 -42.674714225
173.104796043 -42.676149570
173.103149733 -42.677019298
173.102093141 -42.678800320
173.100683223 -42.680451357
173.099684553 -42.681667868
173.097803890 -42.683449491
173.096452131 -42.684753080
173.095925357 -42.686880988
173.095045946 -42.689399923
173.094106110 -42.690790013
173.094167330 -42.692570128
173.093756644 -42.693569056
173.093288054 -42.695306139
173.093231361 -42.696956083
173.092055242 -42.697825304
173.089937219 -42.698651760
173.088996759 -42.699737882
173.088409624 -42.700954008
173.086997745 -42.701693088
173.085349790 -42.701954701
173.084467557 -42.702606561
173.083644224 -42.703301794
173.083529680 -42.706037238
173.081116714 -42.706690051
173.080764949 -42.707992827
173.079765702 -42.709426256
173.078178736 -42.711858657
173.078298466 -42.713682163
173.078299879 -42.714984717
173.077770854 -42.715809985
173.077241027 -42.715897137
173.077004213 -42.714681559
173.076826194 -42.713379108
173.075824503 -42.712641579
173.073822465 -42.712425628
173.071055086 -42.712253476
173.069760540 -42.713035699
173.067524109 -42.714035482
173.066144712 -42.716120695
173.065442532 -42.717417616
173.065531990 -42.719167948
173.064478585 -42.721048492
173.064479987 -42.722669207
173.065272784 -42.724354367
173.065450066 -42.725974995
173.064659831 -42.727271951
173.062726388 -42.728504612
173.060088826 -42.729024441
173.057803155 -42.729803375
173.057917356 -42.731276109
173.057021897 -42.731276486
173.055862361 -42.730306153
173.052755113 -42.731006360
173.052387257 -42.732287969
173.049806627 -42.732987896
173.046014595 -42.734037653
173.045699570 -42.735862877
173.045805631 -42.737105480
173.046069336 -42.737649049
173.045648319 -42.738386999
173.044015950 -42.739707810
173.044068966 -42.740329112
173.044964964 -42.741066650
173.045966504 -42.742075973
173.046283185 -42.743085511
173.046019898 -42.743318590
173.044649852 -42.742853037
173.042858158 -42.741999267
173.041541101 -42.742038481
173.040118712 -42.742155373
173.039539451 -42.742699182
173.037958992 -42.742816089
173.037326904 -42.743088075
173.037274521 -42.743787070
173.036431908 -42.744602755
173.035746840 -42.744214593
173.034113680 -42.744409125
173.033429103 -42.745302418
173.032428222 -42.745729784
173.031269151 -42.745807680
173.030584315 -42.746079639
173.030479155 -42.746739809
173.030742895 -42.747671736
173.030585486 -42.749691049
173.029795447 -42.750662002
173.028952553 -42.751166971
173.027161062 -42.751167271
173.026928518 -42.752872907
173.026623804 -42.754350552
173.026493447 -42.755892414
173.025883463 -42.756920400
173.025883978 -42.758944065
173.025491716 -42.759168975
173.024663453 -42.759040606
173.024140142 -42.758077027
173.024357763 -42.756631522
173.024226665 -42.755186065
173.022613708 -42.754254740
173.021349676 -42.754319129
173.019301184 -42.755218743
173.019301470 -42.757146045
173.018386180 -42.757852801
173.016381035 -42.757917196
173.015945162 -42.758238440
173.015814618 -42.760679696
173.015989058 -42.761418483
173.015248011 -42.761771866
173.013286326 -42.761771960
173.011847769 -42.762157468
173.010060445 -42.763089029
173.008011498 -42.764116927
173.005875303 -42.764984178
173.005526498 -42.765594479
173.002736070 -42.768196220
173.000730321 -42.769962788
172.997677890 -42.772596507
172.995044812 -42.775772884
172.994243820 -42.776952507
172.993843008 -42.778722037
172.993922748 -42.780019739
172.996502717 -42.781019857
172.996673244 -42.781858171
172.996160986 -42.782486837
172.995421339 -42.782109521
172.994169644 -42.781480649
172.992405642 -42.781648071
172.991096746 -42.782150856
172.989730723 -42.783282338
172.988307645 -42.784707198
172.986599925 -42.786257729
172.984550435 -42.788394970
172.983297655 -42.790280864
172.983638798 -42.791035403
172.983467694 -42.791915575
172.983068938 -42.792795696
172.982215051 -42.793256565
172.981432578 -42.793805805
172.980410107 -42.793253206
172.979966915 -42.793278203
172.978397981 -42.794784221
172.978772702 -42.795361780
172.979351848 -42.796215565
172.979147122 -42.796567010
172.977647074 -42.796516403
172.976726628 -42.796415724
172.976079238 -42.795737654
172.974374743 -42.795536305
172.972806194 -42.796063077
172.972669451 -42.796690709
172.972123513 -42.797443747
172.971100407 -42.797945560
172.969361560 -42.798070518
172.968270519 -42.798145464
172.968372169 -42.799099568
172.968030794 -42.799752233
172.967212085 -42.800404726
172.966120632 -42.801006900
172.965468324 -42.801387410
172.964276324 -42.801339512
172.963632366 -42.800817335
172.962279185 -42.800911698
172.961215677 -42.801362024
172.959862254 -42.801741045
172.958605680 -42.801859130
172.956640397 -42.801881988
172.955640550 -42.803162632
172.954931315 -42.803660509
172.953997066 -42.803565176
172.953320632 -42.803398787
172.951870065 -42.804204702
172.952127268 -42.804797928
172.952158898 -42.805438493
172.951932902 -42.805936587
172.951546135 -42.806078741
172.950676408 -42.805864793
172.949130745 -42.804962495
172.948003195 -42.804843290
172.946714268 -42.805008675
172.946713646 -42.805625500
172.946455627 -42.805886326
172.944683627 -42.805814188
172.943522669 -42.806809950
172.944198444 -42.807616946
172.944132933 -42.808637043
172.943745680 -42.809206203
172.942875707 -42.809205712
172.942231845 -42.808683416
172.941555619 -42.808303442
172.941040216 -42.808184521
172.940492175 -42.808445164
172.940588023 -42.809180667
172.940941543 -42.810011215
172.941584788 -42.811102895
172.942550817 -42.811696551
172.944774297 -42.811579178
172.946418051 -42.811176764
172.949414653 -42.811249506
172.950477315 -42.811961765
172.952055921 -42.812294682
172.952828689 -42.812935601
172.952860335 -42.813576159
172.952054270 -42.814097693
172.950572087 -42.813978341
172.948607361 -42.813028388
172.947318973 -42.812482065
172.945771862 -42.812884541
172.943515443 -42.813642456
172.941935469 -42.814590510
172.940387619 -42.815586006
172.939197139 -42.816441601
172.940001973 -42.817162272
172.940231222 -42.818009691
172.940143055 -42.819683024
172.939711234 -42.819873405
172.938617842 -42.819851567
172.937295039 -42.819151749
172.936404510 -42.817901449
172.935627787 -42.817773864
172.933901381 -42.817793934
172.932203279 -42.818195275
172.930763531 -42.819062772
172.928632428 -42.820501688
172.921406030 -42.820834529
172.918888598 -42.821343663
172.916717598 -42.822300210
172.913764580 -42.823831032
172.910983990 -42.826000768
172.908463893 -42.827979012
172.906030748 -42.829765624
172.904726152 -42.831361560
172.904113308 -42.834491332
172.905153332 -42.835450537
172.905150993 -42.836855987
172.905301822 -42.837447360
172.908066501 -42.837583681
172.909885091 -42.837852995
172.911048425 -42.838389463
172.911229155 -42.839139283
172.912064509 -42.840050295
172.914246397 -42.840721451
172.910533773 -42.841762520
172.910352409 -42.841414306
172.909516038 -42.841145851
172.908206488 -42.841010846
172.906787841 -42.840848956
172.905514996 -42.840526536
172.904023604 -42.840364547
172.902531625 -42.840550596
172.900675629 -42.840843381
172.899838183 -42.841217423
172.899982542 -42.841886906
172.901619262 -42.842182952
172.902819993 -42.842130515
172.903766943 -42.841542360
172.904697440 -42.841716284
172.905728596 -42.842384766
172.906666797 -42.842523716
172.906602120 -42.843812731
172.905341811 -42.845157892
172.905644057 -42.846152027
172.905675108 -42.847791931
172.907497529 -42.848414713
172.906854930 -42.849035311
172.905502318 -42.850177051
172.904353604 -42.850523868
172.901450178 -42.850123655
172.900334476 -42.850892855
172.898712169 -42.851686402
172.897901664 -42.851710468
172.895640978 -42.850689548
172.893717084 -42.850190701
172.892501469 -42.850164628
172.891318732 -42.850610661
172.889833530 -42.850286123
172.888483514 -42.849912015
172.887367805 -42.850606545
172.886994162 -42.851724248
172.886487429 -42.851823095
172.885880023 -42.851598826
172.885442945 -42.850629337
172.884498168 -42.850255618
172.881801509 -42.850178832
172.880026254 -42.850279963
172.877829935 -42.850689919
172.875960646 -42.851065843
172.874371092 -42.851682655
172.872035604 -42.851611154
172.869651794 -42.852261323
172.869416148 -42.853189035
172.868433295 -42.854012724
172.867218326 -42.854183082
172.866283560 -42.854388147
172.865534697 -42.855005880
172.864552878 -42.855348352
172.862730649 -42.855483529
172.862591713 -42.854967798
172.862874666 -42.853833938
172.862644003 -42.852596314
172.860918056 -42.851562992
172.859656978 -42.851492618
172.856717275 -42.850182684
172.855270231 -42.849768312
172.853822178 -42.849766364
172.852372051 -42.850589283
172.851248437 -42.851584486
172.849845121 -42.852338698
172.847321085 -42.852919469
172.844633075 -42.853652496
172.841861146 -42.854286721
172.840264595 -42.854860849
172.838807871 -42.855455751
172.837042452 -42.856358991
172.834735519 -42.857756680
172.833431174 -42.858439120
172.831829489 -42.858984202
172.830154216 -42.859228002
172.827437369 -42.859333249
172.825055751 -42.859329462
172.823492243 -42.859518588
172.822078812 -42.859297280
172.820477004 -42.859842204
172.817421567 -42.861123872
172.813585529 -42.862075610
172.812019661 -42.862976381
172.809673098 -42.863602008
172.804794380 -42.864661149
172.801666410 -42.865203090
172.797451122 -42.866258245
172.793958733 -42.866706829
172.790110842 -42.867707210
172.784846893 -42.869224785
172.781703839 -42.870746335
172.779225191 -42.871814062
172.776128375 -42.872717963
172.772547573 -42.873035700
172.768210671 -42.874586926
172.764957191 -42.875619187
172.761066180 -42.877453717
172.757299850 -42.879380531
172.752838055 -42.882921521
172.749448131 -42.883871630
172.744930236 -42.884627508
172.741974480 -42.885514543
172.741008419 -42.888066190
172.740095642 -42.888319448
172.739141385 -42.888125670
172.737619840 -42.888600943
172.735876992 -42.890033382
172.733872159 -42.891784405
172.733173117 -42.892772365
172.732078746 -42.894780925
172.729940384 -42.897201955
172.728238376 -42.899113234
172.727448998 -42.900835184
172.727353190 -42.902814218
172.727780202 -42.904411446
172.728598357 -42.905945779
172.727898365 -42.907320433
172.727779591 -42.908300758
172.727889246 -42.909337677
172.727656758 -42.910177637
172.726890015 -42.911156375
172.726124905 -42.911770884
172.725435118 -42.912581696
172.724484649 -42.912047016
172.723308851 -42.910783313
172.722628069 -42.909632898
172.721335941 -42.908817165
172.720725469 -42.908955725
172.720418606 -42.909375220
172.720268059 -42.910954062
172.720136487 -42.912707762
172.720082980 -42.915368913
172.720148832 -42.918907375
172.719195558 -42.920386829
172.718491532 -42.921352794
172.720013025 -42.921568315
172.721532991 -42.922116473
172.722969989 -42.922815614
172.725809407 -42.922792389
172.727043739 -42.922825660
172.727206828 -42.923158719
172.726707546 -42.924367168
172.727029875 -42.925925838
172.725378174 -42.927432738
172.725255527 -42.927805730
172.722397034 -42.928705227
172.720582577 -42.928754026
172.719607139 -42.930440294
172.718002753 -42.931257345
172.717052515 -42.931950806
172.715913841 -42.932435020
172.714741608 -42.933336657
172.712532599 -42.933191820
172.711680299 -42.933189623
172.711110210 -42.933582474
172.711010063 -42.934718795
172.710154062 -42.935482030
172.708693651 -42.937194700
172.707676933 -42.938537384
172.707198101 -42.939626320
172.707978703 -42.941414415
172.708760359 -42.942993747
172.708366920 -42.946008133
172.709059068 -42.946520236
172.710762924 -42.946756612
172.712721480 -42.946552904
172.714615670 -42.946604148
172.716165502 -42.946028210
172.717550702 -42.946889951
172.719319258 -42.946801627
172.720267543 -42.946572052
172.721971656 -42.946761871
172.723835136 -42.946627323
172.725097652 -42.946723221
172.727657630 -42.946172807
172.729898916 -42.946271036
172.731194666 -42.945995821
172.732994235 -42.946023338
172.735078982 -42.945561444
172.736559231 -42.945782588
172.737780014 -42.960221960
172.736638440 -42.961525081
172.736585718 -42.962286681
172.735443922 -42.963626062
172.735484220 -42.965693691
172.735055944 -42.965893176
172.733903494 -42.965586253
172.733549540 -42.965346408
172.732129690 -42.965299556
172.730795875 -42.965861259
172.729727712 -42.966553952
172.729107116 -42.966400358
172.728517967 -42.965834017
172.727483299 -42.965657679
172.726565590 -42.965785800
172.725318387 -42.966803926
172.723596878 -42.968016411
172.720869777 -42.969139455
172.719591713 -42.970396441
172.717876197 -42.970283489
172.716925548 -42.971106726
172.716981763 -42.971736961
172.716417049 -42.972278714
172.715026024 -42.972362088
172.669231908 -42.990525224
172.667387327 -42.990642311
172.665745746 -42.991495757
172.664292144 -42.992178078
172.662886809 -42.992585864
172.661296686 -42.992581085
172.657421519 -42.991402035
172.655781926 -42.991877686
172.654471644 -42.992010999
172.652604080 -42.991455925
172.651385754 -42.991864148
172.650114694 -42.993302175
172.647672928 -42.994976858
172.645941228 -42.995177419
172.644538724 -42.995070000
172.643185622 -42.994516397
172.642161350 -42.993723492
172.641704213 -42.991936737
172.639773858 -42.989780974
172.637770934 -42.988501130
172.634317559 -42.985885245
172.632207501 -42.982810587
172.631899538 -42.981594042
172.631872422 -42.979568056
172.632194947 -42.978382513
172.633189428 -42.976880806
172.631943990 -42.974272011
172.631557429 -42.973026265
172.629391916 -42.972671858
172.628962287 -42.972033730
172.627900500 -42.971653986
172.626640782 -42.971418283
172.625537109 -42.971443558
172.623917686 -42.972016989
172.623629598 -42.973984047
172.621371298 -42.976687099
172.619162643 -42.978484567
172.618232063 -42.978399376
172.617610122 -42.976619698
172.616390104 -42.975193494
172.614532179 -42.974530818
172.613485935 -42.975074178
172.612325848 -42.975945303
172.611090544 -42.976925547
172.611104586 -42.977987177
172.608139041 -42.979342576
172.606225300 -42.980281372
172.604880837 -42.981677357
172.604208811 -42.982340327
172.602054615 -42.983558347
172.597623530 -42.982877292
172.596630815 -42.981543088
172.594259085 -42.979608628
172.591688038 -42.978969035
172.588533623 -42.979973071
172.586662248 -42.981647059
172.582225686 -42.981805802
172.580692289 -42.982850633
172.578919886 -42.983964586
172.577818305 -42.984625799
172.575571048 -42.985422767
172.571891878 -42.986354339
172.570307525 -42.987819047
172.568915379 -42.989074363
172.567607613 -42.991870746
172.565447601 -42.993753388
172.563577696 -42.995076834
172.561423258 -42.996154024
172.560409084 -42.997865929
172.560210919 -42.998880656
172.504408792 -42.998924036
172.504556862 -42.997782276
172.505184275 -42.996605870
172.506648145 -42.993860908
172.507893748 -42.992626711
172.508564914 -42.991117895
172.508463328 -42.988396332
172.508009599 -42.984732413
172.506527788 -42.983434666
172.505897462 -42.982297143
172.503939310 -42.980605979
172.502395761 -42.980364418
172.501066834 -42.979947699
172.500145794 -42.978534948
172.500133440 -42.976793603
172.501193605 -42.977483060
172.501984465 -42.978523494
172.502459123 -42.979132099
172.503070369 -42.979330437
172.503898290 -42.979099290
172.504966966 -42.978751802
172.505765845 -42.978813990
172.506222621 -42.978346424
172.506891757 -42.977977608
172.507530758 -42.978039088
172.507692842 -42.977765882
172.507148669 -42.977032501
172.507777380 -42.976677818
172.507716718 -42.975579760
172.508284946 -42.974101488
172.508615760 -42.971884809
172.509048249 -42.968439232
172.509714630 -42.966094286
172.510466667 -42.963155315
172.511379289 -42.960365631
172.512935865 -42.957994788
172.514740997 -42.954882003
172.516907226 -42.952127369
172.519106911 -42.950234702
172.520287379 -42.949318414
172.522561709 -42.948198706
172.526259225 -42.946133906
172.528663889 -42.943825842
172.528755374 -42.942459124
172.528297730 -42.941865743
172.528017971 -42.941316827
172.528520430 -42.940614679
172.529302236 -42.940513609
172.530264357 -42.940048117
172.530873882 -42.939268155
172.530954125 -42.938068660
172.530284482 -42.937439879
172.529041644 -42.937486868
172.528547092 -42.937171806
172.528620915 -42.936806948
172.529689276 -42.936367988
172.530974824 -42.935382173
172.532258528 -42.934631085
172.532764889 -42.933407270
172.532851494 -42.931373135
172.533821037 -42.929916482
172.534823036 -42.928851201
172.535574763 -42.928019633
172.536008033 -42.927056334
172.536489888 -42.924371737
172.535789225 -42.923169026
172.535230744 -42.921940812
172.534211933 -42.920580278
172.533722487 -42.919613174
172.533341116 -42.918437848
172.532744839 -42.917522464
172.531863085 -42.916814559
172.530908171 -42.916393261
172.529596798 -42.916179135
172.528034405 -42.916303027
172.526473426 -42.916244322
172.525873211 -42.915850552
172.525453683 -42.915040204
172.526130745 -42.914677882
172.526491274 -42.913949061
172.527207043 -42.913169561
172.526434097 -42.912175152
172.525308380 -42.910918420
172.523935352 -42.909530216
172.522383137 -42.908375988
172.520537896 -42.908394247
172.517593967 -42.908251286
172.516169947 -42.908845110
172.514316164 -42.909932653
172.514131055 -42.910896943
172.513662074 -42.911860010
172.512875807 -42.912560872
172.511277569 -42.912736549
172.508970271 -42.912830873
172.507442140 -42.913111135
172.505737420 -42.913286270
172.502639645 -42.914576842
172.501644146 -42.914807204
172.499410296 -42.914588658
172.497811753 -42.914790230
172.495504356 -42.914884281
172.494298942 -42.914748474
172.493559824 -42.914014826
172.493886983 -42.913077288
172.495278639 -42.912144511
172.497169815 -42.910874856
172.498634482 -42.909681529
172.499033577 -42.908613878
172.500405183 -42.905776856
172.501515088 -42.904555837
172.503050268 -42.903388847
172.504475774 -42.902612607
172.505550700 -42.901313146
172.507841689 -42.898793057
172.510096815 -42.896298853
172.512917243 -42.894067881
172.515737884 -42.891784675
172.517635460 -42.889575706
172.519032620 -42.887834077
172.521421185 -42.886305309
172.524305368 -42.884882917
172.526400820 -42.884526567
172.528351143 -42.884586908
172.528854759 -42.883676090
172.528935382 -42.882424419
172.528591624 -42.881014474
172.528496944 -42.879501234
172.528859870 -42.878433327
172.529677966 -42.878123740
172.530811613 -42.878284965
172.531765734 -42.878732351
172.533361236 -42.878791134
172.533931864 -42.878376158
172.533902392 -42.877593531
172.533412496 -42.876730748
172.532813223 -42.876258763
172.531751138 -42.876019605
172.530155106 -42.876039048
172.528271731 -42.876526770
172.526498571 -42.876519338
172.525408565 -42.875314912
172.526230494 -42.874509779
172.526941762 -42.874251930
172.528086046 -42.873030799
172.529118859 -42.872461279
172.529411015 -42.871366991
172.529205920 -42.870374960
172.529846611 -42.870064631
172.532860068 -42.870155411
172.535518540 -42.870296817
172.537676822 -42.870931696
172.539485876 -42.870860853
172.540767553 -42.870187912
172.542010994 -42.869879971
172.544104272 -42.869731960
172.543860164 -42.869183218
172.543054204 -42.867901859
172.542352689 -42.866881754
172.541399263 -42.866356206
172.540832733 -42.866249564
172.539741446 -42.865201769
172.538789452 -42.864493621
172.537766766 -42.863759090
172.537284859 -42.861853011
172.536836650 -42.860181820
172.536419945 -42.859032429
172.535465695 -42.858637244
172.534016515 -42.858057421
172.532813529 -42.857739436
172.532002534 -42.857162230
172.530373347 -42.856946784
172.529418361 -42.856655879
172.528106845 -42.856624311
172.526969552 -42.856984714
172.525169095 -42.857013474
172.523641338 -42.856850786
172.521797138 -42.856421125
172.518781804 -42.856392669
172.518147208 -42.856077475
172.518194128 -42.855515206
172.519302187 -42.855035588
172.520430602 -42.854665414
172.524760474 -42.854949364
172.527160770 -42.854865715
172.528501002 -42.854558848
172.528804215 -42.853794533
172.529657829 -42.853251254
172.529805748 -42.850595765
172.529958726 -42.850033934
172.530532149 -42.850020700
172.531403289 -42.851045090
172.532296720 -42.849855930
172.534186539 -42.848454002
172.534421902 -42.846584333
172.533437768 -42.845197612
172.532309234 -42.843430732
172.532299678 -42.839879178
172.533523635 -42.838799822
172.533613716 -42.836658442
172.533827788 -42.832755369
172.534179293 -42.829131113
172.533960635 -42.825939349
172.534406111 -42.820662850
172.533904390 -42.817410266
172.534242804 -42.815532932
172.536324206 -42.813483865
172.538807552 -42.811824083
172.539833857 -42.810009191
172.541993645 -42.808258551
172.543738937 -42.807758683
172.546019365 -42.806097921
172.548262716 -42.803959826
172.549929930 -42.803042053
172.553541989 -42.801982888
172.555447904 -42.801632586
172.557199846 -42.800178262
172.556273038 -42.799548361
172.555552641 -42.798382486
172.555801487 -42.797578300
172.556655319 -42.797104534
172.557385923 -42.796868844
172.556664893 -42.795792443
172.554527141 -42.794650790
172.552183279 -42.794015233
172.550574684 -42.792517758
172.548474764 -42.791763815
172.547302580 -42.791490711
172.544408488 -42.791459723
172.546278121 -42.792388683
172.545579153 -42.793404251
172.544256447 -42.794174814
172.542802928 -42.794823593
172.541911083 -42.795207922
172.540232733 -42.795104084
172.538394559 -42.794369135
172.537044172 -42.794436327
172.536547928 -42.794749500
172.536479311 -42.795112928
172.535488839 -42.795472554
172.533608119 -42.795998215
172.532154631 -42.796622613
172.530073493 -42.797511094
172.529480105 -42.797605605
172.528785874 -42.797966411
172.528027102 -42.798157211
172.525194628 -42.798266533
172.524444560 -42.797341965
172.524226033 -42.795813455
172.524623957 -42.795451425
172.523604473 -42.795301631
172.522419808 -42.795223868
172.521335249 -42.794976787
172.520182177 -42.795068868
172.519489261 -42.795259892
172.518271295 -42.795230439
172.517381985 -42.795275126
172.516721018 -42.795587507
172.516318422 -42.796531428
172.515287743 -42.797787862
172.514752450 -42.798852446
172.513429831 -42.799549917
172.512834266 -42.799911056
172.510658642 -42.800216842
172.510031881 -42.800359602
172.509375901 -42.800041528
172.509578139 -42.799460468
172.510307758 -42.798808959
172.511432266 -42.798183407
172.512558696 -42.797315380
172.513190074 -42.796590688
172.513428875 -42.795549081
172.514431081 -42.793734849
172.515192931 -42.793156194
172.517503434 -42.792414449
172.518564409 -42.791473340
172.519525248 -42.790701527
172.520677857 -42.790657946
172.522099543 -42.789888073
172.523028345 -42.788994858
172.524318476 -42.788200152
172.525275031 -42.787961716
172.526428529 -42.787796845
172.527720661 -42.786735388
172.529344930 -42.785287348
172.530467695 -42.784831338
172.530998303 -42.784324355
172.531602391 -42.782823530
172.533186296 -42.782320918
172.535263917 -42.781820326
172.535855112 -42.781992499
172.536537854 -42.783110698
172.537516139 -42.784327097
172.538400309 -42.784936916
172.539712615 -42.785524233
172.540626079 -42.786619102
172.541506656 -42.787713830
172.542389636 -42.788493343
172.542779384 -42.789198104
172.543397217 -42.790219005
172.544907933 -42.790710077
172.546520150 -42.790837828
172.548332780 -42.790578403
172.549784707 -42.790123526
172.550774294 -42.789860764
172.551858878 -42.790107567
172.552682784 -42.789989612
172.552659322 -42.788704407
172.553028751 -42.787711734
172.553888567 -42.787181708
172.556790571 -42.787459314
172.556880087 -42.788653390
172.558547243 -42.789021685
172.559576226 -42.789351284
172.561049581 -42.789357049
172.562035469 -42.788854469
172.563806079 -42.788499624
172.565528852 -42.787963700
172.567053348 -42.787680199
172.567988249 -42.787430586
172.569519645 -42.786170398
172.570841250 -42.786790404
172.572313271 -42.786976887
172.575851717 -42.786628577
172.576688601 -42.786342349
172.578407685 -42.786312645
172.579787257 -42.785666699
172.580922258 -42.784875128
172.582592938 -42.784736661
172.584215740 -42.784417126
172.584672816 -42.782212245
172.584629900 -42.781307752
172.584977845 -42.780694093
172.586744888 -42.780809136
172.587770687 -42.781608724
172.588649932 -42.782299245
172.592135993 -42.782384322
172.593406697 -42.783293269
172.594481974 -42.784056802
172.594918868 -42.784818019
172.596345659 -42.784425258
172.597333824 -42.783524479
172.598023966 -42.783129048
172.598175122 -42.782550818
172.599060475 -42.782336947
172.600431877 -42.782884444
172.601953716 -42.782962209
172.604458644 -42.782898736
172.606423859 -42.782760966
172.607263364 -42.782040449
172.607610856 -42.781462895
172.608592971 -42.781466332
172.608933443 -42.781973947
172.609766618 -42.782230067
172.611382023 -42.783031497
172.612315983 -42.782890043
172.614231153 -42.782896660
172.615113928 -42.783080564
172.615851681 -42.782902233
172.616837024 -42.782399185
172.618066514 -42.782114002
172.620580004 -42.780675624
172.622906432 -42.777717281
172.624545906 -42.774648067
172.625785498 -42.772698863
172.626379153 -42.771977381
172.626771716 -42.772014866
172.627206023 -42.773246207
172.627731424 -42.775635396
172.629303328 -42.775532098
172.631218934 -42.775429914
172.633284250 -42.774930282
172.635398851 -42.774394602
172.637810836 -42.773389592
172.637868387 -42.771979021
172.638509262 -42.771547017
172.639245300 -42.771621743
172.639882065 -42.771877010
172.642782712 -42.771235206
172.646676670 -42.768643119
172.648895651 -42.766986149
172.651265552 -42.764678487
172.652354754 -42.763090260
172.654279468 -42.761323748
172.655758767 -42.760170775
172.656010190 -42.759122524
172.657248900 -42.757100630
172.657803620 -42.754497851
172.658596749 -42.753125693
172.659882503 -42.751429473
172.661712335 -42.748975247
172.663122308 -42.747137133
172.664309827 -42.746238030
172.666434309 -42.743909875
172.668256355 -42.742794739
172.669021946 -42.741800948
172.671013984 -42.740468383
172.672921146 -42.739197788
172.673432925 -42.738265475
172.672038113 -42.738510393
172.669912985 -42.738779395
172.667778133 -42.737958256
172.666102046 -42.738005812
172.666393685 -42.736850207
172.666758362 -42.735379415
172.667865654 -42.735014751
172.669222652 -42.734624536
172.670682859 -42.734917983
172.672607147 -42.735107643
172.674568947 -42.734955693
172.676388969 -42.734645596
172.676925461 -42.734331750
172.676962664 -42.734042739
172.675929716 -42.733855750
172.675183272 -42.733433038
172.674943343 -42.731645050
172.675769411 -42.730517262
172.675809162 -42.729755152
172.675596956 -42.729439130
172.676028999 -42.728651879
172.676601091 -42.728338139
172.676141034 -42.727705994
172.675574464 -42.726994685
172.675121228 -42.725100939
172.674731512 -42.724652979
172.673844731 -42.723835589
172.672313333 -42.723568255
172.670925395 -42.723143621
172.669185337 -42.721929415
172.667798472 -42.721320761
172.665019276 -42.721102168
172.662988360 -42.720938339
172.662705106 -42.720595795
172.663385298 -42.720072177
172.666914441 -42.720030219
172.669195718 -42.720037019
172.670658597 -42.719778519
172.673050647 -42.719075911
172.674516610 -42.718239129
172.675518319 -42.717558678
172.675417050 -42.716507035
172.675244782 -42.715402616
172.675393438 -42.714272851
172.675042122 -42.713325612
172.675296565 -42.712406424
172.676116863 -42.712303679
172.677680689 -42.713123016
172.677995280 -42.714280411
172.678706291 -42.714624154
172.679595800 -42.714915841
172.679876887 -42.715678877
172.680013594 -42.716783186
172.681113661 -42.717706274
172.682140808 -42.718944547
172.683846080 -42.720027040
172.684338635 -42.721263772
172.684579343 -42.722946610
172.684503505 -42.723813755
172.684178408 -42.724627627
172.683459793 -42.725703213
172.682418649 -42.727093280
172.682090039 -42.728564225
172.682153433 -42.730062574
172.682539495 -42.731220156
172.682818892 -42.732324865
172.682956242 -42.733324034
172.684303737 -42.734720898
172.685204650 -42.735711599
172.685895539 -42.736136904
172.685793553 -42.736705951
172.686466554 -42.736766243
172.688258958 -42.738639867
172.688967064 -42.739576141
172.689716078 -42.740264354
172.690785656 -42.740238138
172.690927285 -42.739654599
172.690932533 -42.738632732
172.691828784 -42.737642535
172.692566583 -42.736651892
172.692933172 -42.734667535
172.693175492 -42.733748509
172.695064615 -42.732191689
172.695682233 -42.731448867
172.695734170 -42.729011088
172.695639969 -42.728061937
172.695248325 -42.727199562
172.695251950 -42.726484253
172.695849858 -42.725712179
172.695682372 -42.723594959
172.696378208 -42.723027527
172.696624336 -42.721334791
172.697645273 -42.719104026
172.698287363 -42.717397764
172.698572130 -42.715880307
172.697983076 -42.714915214
172.697649696 -42.714286577
172.697633937 -42.713483623
172.698647177 -42.712756460
172.699955280 -42.712438839
172.701162873 -42.712427498
172.701635860 -42.712852123
172.701611863 -42.713698765
172.701054386 -42.714339593
172.701168082 -42.715361784
172.701678730 -42.716180667
172.701574457 -42.717246066
172.701887443 -42.718006023
172.701350935 -42.719198524
172.700369809 -42.720612980
172.699626748 -42.721795125
172.699490553 -42.722707136
172.699561678 -42.724279726
172.699764354 -42.725872084
172.700074101 -42.727115309
172.700385990 -42.727931468
172.700034791 -42.729716450
172.700743299 -42.730203670
172.701898960 -42.730789147
172.702527636 -42.731450851
172.702365611 -42.732265733
172.701600647 -42.732535452
172.700836255 -42.732688694
172.699517535 -42.733112203
172.697803038 -42.733689920
172.697063391 -42.734153800
172.696823758 -42.734677278
172.696819158 -42.735589642
172.696553184 -42.736113048
172.695655401 -42.736595898
172.694889668 -42.737001456
172.694490524 -42.737815675
172.693458855 -42.738725211
172.693451732 -42.740122875
172.693443818 -42.741675833
172.693254718 -42.742607100
172.693330955 -42.743150853
172.696512921 -42.744091375
172.698063363 -42.744775027
172.699562717 -42.745147925
172.700562169 -42.745422395
172.702748151 -42.745428268
172.703933608 -42.745373198
172.705331379 -42.744988672
172.707257950 -42.744178457
172.708052672 -42.743229351
172.709058809 -42.742125496
172.710247946 -42.741293882
172.712197880 -42.741066012
172.714120267 -42.741090394
172.715469261 -42.739851477
172.715447620 -42.738861398
172.716796630 -42.737603055
172.718139658 -42.737606476
172.720010811 -42.737300620
172.722488069 -42.736899192
172.723175072 -42.736396192
172.724444605 -42.735195798
172.724844588 -42.734109707
172.724692660 -42.732170991
172.723577210 -42.730234088
172.722503755 -42.728235878
172.721926338 -42.727037113
172.720972908 -42.726113703
172.721436929 -42.724825451
172.722610045 -42.723262672
172.724317597 -42.723174834
172.726184680 -42.724622388
172.726470543 -42.725851112
172.727625691 -42.728217892
172.729154874 -42.730769776
172.730568503 -42.731264431
172.731982567 -42.731666970
172.733646919 -42.731977992
172.736766373 -42.732845067
172.740966540 -42.734205800
172.744002129 -42.735256682
172.745332425 -42.735812362
172.746411177 -42.736766552
172.747284582 -42.737044855
172.748200547 -42.737108348
172.749367295 -42.736957500
172.748745955 -42.736157881
172.748998023 -42.735636550
172.749872838 -42.735577134
172.750662043 -42.736070128
172.751200619 -42.736746752
172.752782013 -42.737026618
172.754239619 -42.737029883
172.755864941 -42.736757200
172.759279396 -42.736887529
172.762652219 -42.737017667
172.763402454 -42.736865784
172.764653527 -42.736438668
172.765527116 -42.736686139
172.766236900 -42.736227148
172.767611437 -42.736168667
172.768318452 -42.736415763
172.769819353 -42.735989119
172.771029545 -42.735346945
172.772949425 -42.734245726
172.775490988 -42.733913258
172.777031235 -42.734069904
172.779112862 -42.734227623
172.780195720 -42.734199102
172.781862046 -42.734048934
172.782859928 -42.734480722
172.783356073 -42.735464116
172.783642662 -42.736815496
172.784140736 -42.737276984
172.785054391 -42.737984890
172.785762493 -42.737955579
172.786222598 -42.737403875
172.787555715 -42.737283672
172.788096786 -42.737376823
172.789014204 -42.737040894
172.790263909 -42.736951197
172.791136417 -42.737536174
172.793594725 -42.737203142
172.796636470 -42.736748345
172.798262331 -42.736260158
172.800763956 -42.735405147
172.803350845 -42.733936228
172.805059665 -42.733509494
172.805519161 -42.733080510
172.807603530 -42.732408805
172.809853731 -42.731952255
172.811688457 -42.731187937
172.813106918 -42.730361476
172.814734029 -42.729381851
172.816941090 -42.729354892
172.819315184 -42.729174667
172.820816028 -42.728593849
172.822526344 -42.727583551
172.824192850 -42.727279263
172.825110841 -42.726636041
172.826362103 -42.725931944
172.827861363 -42.725842234
172.829985819 -42.725538585
172.832569154 -42.724928605
172.834445554 -42.723979782
172.836530769 -42.722785643
172.838116275 -42.721590717
172.840034630 -42.720457664
172.841200994 -42.720244485
172.842119037 -42.719478324
172.843202436 -42.719142202
172.845159481 -42.719052932
172.846657901 -42.719208580
172.847864887 -42.719363795
172.849197739 -42.719150770
172.850114084 -42.718998550
172.851780852 -42.718448258
172.853198645 -42.717559899
172.853230475 -42.717175511