129.033147 35.35809248
129.0450008 35.35594136
129.0130157 35.29063005
129.002068 35.2083782
128.9826663 35.19260089
128.9825732 35.16431118
128.9844744 35.14476879
128.9602384 35.12467645
128.9549076 35.05061863
128.7912266 35.07948821
128.8308248 35.09889653
128.8765781 35.10112355
128.908159 35.13184912
128.8739785 35.1431141
128.8928558 35.1633078
128.8416575 35.18458453
128.8572835 35.21849116
128.9069547 35.23283999
128.9327329 35.21682198
128.9844233 35.24037425
128.9962571 35.28651796
128.9782383 35.30388612
129.0243644 35.34019271
129.033147 35.35809248
