173.795448205 -42.270474680
173.794369019 -42.270884651
173.793339247 -42.271342813
173.792520266 -42.272006545
173.791716190 -42.272680183
173.790919118 -42.273358479
173.790027125 -42.273967301
173.789115011 -42.274559915
173.788169647 -42.275123469
173.787224268 -42.275687016
173.786259089 -42.276227863
173.785179746 -42.276637747
173.784099353 -42.277045187
173.782898721 -42.277169680
173.781696939 -42.277287473
173.780492508 -42.277389769
173.779362393 -42.277706696
173.778226662 -42.277996164
173.777014418 -42.278004228
173.775802173 -42.278012279
173.774589928 -42.278020317
173.773484114 -42.278367732
173.772391823 -42.278758302
173.771307995 -42.279159786
173.770276129 -42.279614238
173.769087498 -42.279791386
173.767961056 -42.280083768
173.766963096 -42.280587855
173.766178136 -42.281273960
173.765361227 -42.281937214
173.764467106 -42.282545234
173.763572970 -42.283153248
173.762663003 -42.283747715
173.761725943 -42.284318993
173.760788866 -42.284890262
173.759779936 -42.285384821
173.758732448 -42.285838175
173.757596647 -42.286153212
173.756460834 -42.286468238
173.755294173 -42.286704146
173.754174265 -42.286982287
173.753301314 -42.287607092
173.752322013 -42.288110879
173.751266138 -42.288532345
173.750336190 -42.289109261
173.749349072 -42.289632080
173.748198148 -42.289832614
173.746991934 -42.289924360
173.745853068 -42.290185441
173.745116059 -42.290855626
173.744972063 -42.291686912
173.745864645 -42.292150174
173.747072115 -42.292067702
173.748279582 -42.291985217
173.749469402 -42.292123866
173.750203701 -42.292667152
173.749616767 -42.293450693
173.749196458 -42.294284998
173.748321198 -42.294905697
173.747657241 -42.295659040
173.746794407 -42.296239991
173.745689640 -42.296611218
173.744564032 -42.296943456
173.743540454 -42.297402615
173.742592234 -42.297963655
173.741383769 -42.298038654
173.740331451 -42.298409902
173.739467716 -42.299026814
173.738833440 -42.299793234
173.738801796 -42.300580954
173.739406598 -42.301361283
173.739466704 -42.302251484
173.738805536 -42.302996952
173.738126027 -42.303742653
173.737419484 -42.304472324
173.736589536 -42.305128796
173.735727732 -42.305735664
173.734518064 -42.305800615
173.733344228 -42.305984673
173.732500048 -42.306564674
173.732324192 -42.307449777
173.731753457 -42.308138516
173.730544131 -42.308069727
173.729375628 -42.308188569
173.728612283 -42.308821998
173.727529338 -42.308765531
173.726604101 -42.308183434
173.726206125 -42.307355505
173.726758984 -42.306554197
173.727414737 -42.305810373
173.728316908 -42.305213105
173.729397097 -42.304803746
173.730480240 -42.304398753
173.731437343 -42.303932691
173.731550303 -42.303036327
173.731388508 -42.302175768
173.730587239 -42.301831023
173.729691085 -42.302437612
173.728792404 -42.303042143
173.727683970 -42.303352016
173.726731921 -42.302921773
173.726182657 -42.302133824
173.725197571 -42.301923186
173.724680503 -42.302705709
173.724349805 -42.303571192
173.724023369 -42.304434539
173.723055001 -42.304817232
173.721842232 -42.304824719
173.720629462 -42.304832194
173.719453093 -42.304978759
173.718432376 -42.305435075
173.717337979 -42.305196347
173.716752338 -42.304421341
173.716551977 -42.303539472
173.717035042 -42.302726715
173.717610830 -42.301936878
173.718344935 -42.301220268
173.719079023 -42.300503653
173.719688052 -42.299726388
173.720277177 -42.298939474
173.720931049 -42.298183546
173.721653225 -42.297460306
173.722168718 -42.296646840
173.722669043 -42.295826756
173.723209577 -42.295020866
173.723750459 -42.294215101
173.724383349 -42.293447581
173.725103343 -42.292740963
173.726124548 -42.292255515
173.726591294 -42.291452327
173.727302074 -42.290745721
173.728142511 -42.290096771
173.728701765 -42.289316937
173.729122291 -42.288472535
173.729603592 -42.287647010
173.730118092 -42.286831798
173.730627428 -42.286014925
173.731007323 -42.285163872
173.731258222 -42.284283893
173.731589711 -42.283417914
173.731921190 -42.282551935
173.732305826 -42.281698540
173.733116298 -42.281126262
173.734233785 -42.280911936
173.735284144 -42.280462336
173.736376317 -42.280076613
173.737501185 -42.279740836
173.738602242 -42.279404098
173.739360886 -42.278759752
173.739587112 -42.277877826
173.739510517 -42.276979350
173.739433925 -42.276080875
173.739481944 -42.275183378
173.739584173 -42.274286307
173.739686400 -42.273389236
173.739750164 -42.272490671
173.739774501 -42.271590575
173.739798836 -42.270690479
173.740281374 -42.269893688
173.741155179 -42.269293036
173.741618564 -42.268552153
173.741715609 -42.267654764
173.741677777 -42.266756250
173.741607944 -42.265857469
173.741088638 -42.265273665
173.739996321 -42.265508164
173.739300335 -42.266232963
173.738857249 -42.267059188
173.738732627 -42.267944048
173.738342816 -42.268796404
173.737774596 -42.269401858
173.736772602 -42.269003887
173.736318045 -42.268169321
173.736377591 -42.267325228
173.736954832 -42.266554031
173.737770772 -42.265888275
173.737711181 -42.264995684
173.737044998 -42.264349122
173.736146327 -42.263771171
173.735419987 -42.263104300
173.734333277 -42.263367967
173.734564269 -42.264210757
173.734494694 -42.265025877
173.734551468 -42.265897859
173.734686805 -42.266776423
173.734076131 -42.267554106
173.733985114 -42.268426312
173.734137614 -42.269309622
173.734607118 -42.270139614
173.734698860 -42.271034988
173.734572821 -42.271865862
173.733607924 -42.272410820
173.732720247 -42.273018613
173.731948869 -42.273709059
173.731470666 -42.274518878
173.731285932 -42.275408644
173.730786603 -42.276226999
173.730205079 -42.277016918
173.730029757 -42.277887643
173.730001437 -42.278787674
173.729610391 -42.279621258
173.728813244 -42.280275488
173.727878083 -42.280848420
173.727104026 -42.281541330
173.726248763 -42.282174813
173.725370048 -42.282792717
173.724580115 -42.283466865
173.723824738 -42.283985844
173.723164071 -42.284657677
173.722610488 -42.285457091
173.722099708 -42.286268078
173.721855836 -42.287141340
173.721865874 -42.288041583
173.721853084 -42.288937914
173.721312661 -42.289743833
173.720772223 -42.290549749
173.720260498 -42.291365881
173.719753270 -42.292183614
173.718968205 -42.292858907
173.718117870 -42.293500739
173.717450921 -42.294245146
173.716854531 -42.295029025
173.716210914 -42.295791417
173.715540746 -42.296541732
173.714870529 -42.297292025
173.714179341 -42.298031763
173.713822106 -42.298885258
173.713517478 -42.299756674
173.713210209 -42.300627577
173.712900717 -42.301498049
173.712591215 -42.302368519
173.712281706 -42.303238988
173.712388525 -42.304122554
173.712558826 -42.305011023
173.712489946 -42.305909848
173.712206286 -42.306734950
173.711328280 -42.307356047
173.710177608 -42.307535944
173.708969329 -42.307503539
173.707777492 -42.307367657
173.706625708 -42.307085581
173.705458519 -42.306885173
173.704246654 -42.306921497
173.703043776 -42.306897467
173.701871873 -42.306665519
173.700695860 -42.306462214
173.699545107 -42.306626237
173.698552640 -42.307135849
173.697423588 -42.307415717
173.696222594 -42.307384363
173.695318941 -42.306826891
173.694896941 -42.306029102
173.694976745 -42.305131559
173.695113614 -42.304237030
173.695392152 -42.303364107
173.695741480 -42.302501980
173.696152946 -42.301655774
173.696594323 -42.300817233
173.696752489 -42.299925534
173.696833608 -42.299031929
173.696690049 -42.298137982
173.696399546 -42.297268922
173.695879048 -42.296464522
173.695198373 -42.295719468
173.694355317 -42.295083629
173.693448748 -42.294488719
173.692670475 -42.293798355
173.692177909 -42.292976960
173.691760449 -42.292132163
173.691532819 -42.291260038
173.692111214 -42.290499118
173.692763942 -42.289740403
173.693688087 -42.289181535
173.694704424 -42.288690549
173.695547697 -42.288051964
173.696342626 -42.287372155
173.696459945 -42.286487430
173.696717542 -42.285636028
173.697380960 -42.284882660
173.698035211 -42.284124990
173.698382072 -42.283326431
173.697365145 -42.283113033
173.696286224 -42.283490323
173.695278702 -42.283991134
173.694265671 -42.284485773
173.693129634 -42.284790017
173.692058737 -42.285193884
173.691498495 -42.285969486
173.691428231 -42.286867929
173.691347905 -42.287761640
173.691103250 -42.288643405
173.690660365 -42.289477875
173.690072944 -42.290261106
173.689546051 -42.291060644
173.688522638 -42.291256961
173.687664739 -42.290690539
173.686808174 -42.290105253
173.686582064 -42.289222838
173.686599768 -42.288322656
173.686617471 -42.287422474
173.686432214 -42.286538830
173.686085016 -42.285679307
173.685403658 -42.285049340
173.684208156 -42.285040872
173.683006842 -42.285138540
173.681800158 -42.285104119
173.680875360 -42.284713322
173.680432927 -42.283875138
173.680124656 -42.283004486
173.679866694 -42.282127493
173.679775272 -42.281229779
173.679883302 -42.280340522
173.680111796 -42.279456371
173.680201691 -42.278567201
173.680090200 -42.277670739
173.679931106 -42.276779045
173.679709054 -42.275897404
173.678704792 -42.275393178
173.677535518 -42.275164215
173.676379342 -42.274894490
173.675218605 -42.274670496
173.674160675 -42.274942556
173.673993749 -42.275795788
173.673992471 -42.276694352
173.673901122 -42.277592076
173.673788443 -42.278488420
173.673997145 -42.279338430
173.674346543 -42.280194215
173.674394927 -42.281092566
173.674376104 -42.281991344
173.674127638 -42.282853104
173.673458835 -42.283603426
173.672625616 -42.284242288
173.672525749 -42.285076761
173.673155664 -42.285823008
173.674292270 -42.286046268
173.675503298 -42.286002572
173.676715704 -42.285995266
173.677285505 -42.286767470
173.677836568 -42.287569308
173.678408722 -42.288362941
173.679136983 -42.289082724
173.679829197 -42.289820999
173.680478093 -42.290581496
173.681323899 -42.291217393
173.682232401 -42.291813621
173.683320320 -42.292208901
173.684318788 -42.292708773
173.685002559 -42.293420926
173.685499767 -42.294240721
173.686136391 -42.295006933
173.686825092 -42.295737568
173.687800907 -42.296272022
173.688853481 -42.296698654
173.689217335 -42.297557440
173.689518404 -42.298424735
173.689586607 -42.299323591
173.689693084 -42.300218531
173.690160256 -42.301049327
173.690133553 -42.301946178
173.690056717 -42.302840640
173.689206381 -42.303333797
173.688177242 -42.302902977
173.687456564 -42.302178994
173.686600937 -42.301546439
173.685843349 -42.302063162
173.685363033 -42.302843584
173.685490294 -42.303738892
173.685676368 -42.304627516
173.685915783 -42.305510078
173.685635410 -42.306314727
173.685679958 -42.307210446
173.685334321 -42.308073373
173.685006591 -42.308940166
173.684682920 -42.309807791
173.684079419 -42.310483667
173.682943947 -42.310800229
173.681813150 -42.311125672
173.680689676 -42.311465020
173.679587028 -42.311836823
173.678524128 -42.312270570
173.677461216 -42.312704307
173.676386050 -42.313120428
173.675293763 -42.313511925
173.674201463 -42.313903413
173.673096854 -42.314273495
173.671960122 -42.314587694
173.670969772 -42.315018552
173.670466692 -42.315837757
173.669855360 -42.316557452
173.668670295 -42.316749693
173.668051533 -42.317268667
173.668092746 -42.318168424
173.667568372 -42.318950581
173.666666641 -42.319530562
173.665606301 -42.319955820
173.664473718 -42.320278366
173.663630083 -42.320791207
173.664164674 -42.321599352
173.664485255 -42.322366006
173.663714103 -42.323041078
173.662710633 -42.323546030
173.661670359 -42.324009249
173.660647655 -42.324492249
173.659664035 -42.325019252
173.658630438 -42.325469851
173.657463914 -42.325717208
173.656297381 -42.325964555
173.655172985 -42.326298820
173.654061474 -42.326659675
173.653132415 -42.326394310
173.652538337 -42.325609950
173.652067489 -42.324791226
173.651920208 -42.323901372
173.652413941 -42.323079020
173.652733472 -42.322213849
173.652951446 -42.321330279
173.652854785 -42.320474759
173.652080928 -42.319781454
173.651084655 -42.319272687
173.650377937 -42.318787008
173.649312226 -42.318612804
173.648272865 -42.318999428
173.648063336 -42.319865024
173.648473295 -42.320703180
173.648873298 -42.321552163
173.649160743 -42.322422067
173.649264968 -42.323317469
173.648867069 -42.324167950
173.648534017 -42.325032921
173.648240881 -42.325906373
173.648005537 -42.326789550
173.647758633 -42.327667294
173.646724441 -42.328080437
173.645512498 -42.328122397
173.644299519 -42.328135948
173.643126408 -42.328296594
173.642224854 -42.328866055
173.641622580 -42.329637942
173.640931788 -42.330206249
173.640195701 -42.329539675
173.639618738 -42.328747889
173.638840302 -42.328103909
173.637674431 -42.327905752
173.636461550 -42.327883314
173.635293148 -42.328052821
173.634263196 -42.327664365
173.633261408 -42.327157956
173.632402020 -42.326561800
173.631343794 -42.326316166
173.631149055 -42.326953188
173.631662873 -42.327768037
173.631495889 -42.328308195
173.630421980 -42.328025160
173.629654681 -42.327327801
173.628791632 -42.326713184
173.627657924 -42.326545376
173.626571558 -42.326832997
173.625877062 -42.327546619
173.625668007 -42.328309187
173.624460690 -42.328291807
173.623515467 -42.328586727
173.623650649 -42.329469905
173.624028875 -42.330324058
173.624319782 -42.331198072
173.624861215 -42.331997318
173.625518270 -42.332753090
173.626198164 -42.333497730
173.626766142 -42.334293277
173.627371023 -42.335066026
173.626521668 -42.335475015
173.625618461 -42.334919520
173.624580325 -42.334676581
173.624348430 -42.335436546
173.624852640 -42.336253552
173.625256891 -42.337101028
173.625335872 -42.337966027
173.624470596 -42.338593179
173.623814811 -42.339300910
173.623752919 -42.340183135
173.624203539 -42.341017162
173.624398010 -42.341900713
173.624342386 -42.342787907
173.623542545 -42.343434155
173.622461191 -42.343835707
173.621387788 -42.344252188
173.620465383 -42.344825920
173.619341767 -42.344920887
173.618210520 -42.344674537
173.617149319 -42.344243746
173.616006155 -42.344194039
173.614907759 -42.344532072
173.613932617 -42.344854652
173.612789250 -42.344853179
173.612193512 -42.345563933
173.611741183 -42.346399322
173.611197202 -42.347195168
173.610254517 -42.347634113
173.609081730 -42.347495817
173.607871654 -42.347564751
173.606901014 -42.348072421
173.606315621 -42.348859256
173.605905151 -42.349659241
173.604692737 -42.349618176
173.603706918 -42.349146314
173.603254278 -42.348311000
173.603037621 -42.347425455
173.602475624 -42.346648814
173.601412507 -42.346516408
173.600322357 -42.346909841
173.599215154 -42.347248638
173.598217741 -42.346778553
173.598243913 -42.345908139
173.598604949 -42.345048623
173.597526088 -42.345077528
173.597034570 -42.345734000
173.596876048 -42.346582564
173.595926837 -42.347124337
173.594828630 -42.347505610
173.593888413 -42.348074867
173.593225736 -42.348816469
173.592525753 -42.349546433
173.591648814 -42.350155159
173.590792147 -42.350748827
173.590256731 -42.351556768
173.589738488 -42.352367884
173.589284650 -42.353093541
173.588245735 -42.353554915
173.587117233 -42.353884083
173.585959970 -42.354155520
173.584817161 -42.354457678
173.583635032 -42.354574475
173.582635019 -42.354966987
173.581915031 -42.355683910
173.581271278 -42.356447138
173.580159369 -42.356772164
173.578989927 -42.356996057
173.577799161 -42.357141956
173.576696902 -42.357518954
173.575641742 -42.357957928
173.574597054 -42.358312132
173.574234308 -42.357573304
173.574315352 -42.356675040
173.573970247 -42.355861343
173.573369481 -42.355086624
173.573413601 -42.354234518
173.573862155 -42.353403144
173.574635149 -42.352709056
173.575643854 -42.352230015
173.576738330 -42.351844114
173.577870460 -42.351519638
173.578848506 -42.351006734
173.579893720 -42.350597212
173.581065351 -42.350362299
173.581558929 -42.349687493
173.580746614 -42.349177240
173.579599393 -42.349438041
173.578484596 -42.349793117
173.577358678 -42.350129218
173.576245562 -42.350487611
173.575139925 -42.350858903
173.574043118 -42.351244381
173.572924276 -42.351572820
173.571718668 -42.351676584
173.570518833 -42.351606791
173.569419325 -42.351286501
173.568439033 -42.350755717
173.567247227 -42.350590655
173.566183125 -42.350188664
173.565093358 -42.349811188
173.563938362 -42.349534698
173.562783376 -42.349258195
173.561628400 -42.348981682
173.560494120 -42.348667258
173.559405156 -42.348269826
173.558389359 -42.347787298
173.557444337 -42.347222461
173.556499331 -42.346657617
173.555494569 -42.346158920
173.554431133 -42.345725171
173.553421162 -42.345245099
173.552679593 -42.344532467
173.551793716 -42.343918835
173.551001967 -42.343250127
173.550397041 -42.342469685
173.549349102 -42.342280921
173.548250820 -42.342363972
173.548770894 -42.343177377
173.549491649 -42.343876267
173.550384068 -42.344481821
173.551122469 -42.345196260
173.551860886 -42.345910695
173.551900952 -42.346753179
173.551138393 -42.347453548
173.550368577 -42.348149536
173.550051912 -42.348991113
173.549630135 -42.349779890
173.548721798 -42.350376985
173.547592435 -42.350669127
173.546903608 -42.351320427
173.546370662 -42.352125844
173.545662937 -42.352857233
173.544868109 -42.353518452
173.543819495 -42.353965876
173.542620603 -42.354106288
173.541417897 -42.354138273
173.540210770 -42.354044408
173.539120621 -42.354347588
173.538267672 -42.354988101
173.537410666 -42.355624903
173.536387518 -42.356109264
173.535331275 -42.356550111
173.534243056 -42.356948909
173.533121035 -42.357287311
173.531971874 -42.357577214
173.530987927 -42.358068412
173.530229950 -42.358752231
173.529754924 -42.359580712
173.529151398 -42.360348248
173.528101874 -42.360537982
173.527078747 -42.360781838
173.526590676 -42.361597893
173.525791752 -42.362251455
173.524640960 -42.362398649
173.523480505 -42.362379890
173.522439589 -42.362784793
173.521711698 -42.363505280
173.520918690 -42.364184160
173.519953882 -42.364611831
173.519207350 -42.364183277
173.518841243 -42.363336601
173.517962010 -42.362850135
173.516955968 -42.363353953
173.515867444 -42.363748860
173.514660951 -42.363848392
173.513573662 -42.364083484
173.513126462 -42.364894122
173.513108956 -42.365792978
173.512916403 -42.366681860
173.512534761 -42.367536092
173.512346117 -42.368403229
173.512730803 -42.369192190
173.513744879 -42.369687157
173.514754538 -42.370187056
173.515719149 -42.370727776
173.516573952 -42.371367068
173.517014835 -42.372156383
173.517169943 -42.373049277
173.517560013 -42.373896705
173.517835616 -42.374753300
173.517762025 -42.375651919
173.517746596 -42.376521677
173.518505770 -42.377224257
173.519272091 -42.377922560
173.520039404 -42.378620272
173.520806735 -42.379317977
173.521566793 -42.379473288
173.522315234 -42.378764369
173.523063657 -42.378055445
173.524018626 -42.377508671
173.524885117 -42.376920117
173.525246098 -42.376063926
173.525438506 -42.375175027
173.525912699 -42.374362593
173.526539559 -42.373591587
173.527166404 -42.372820579
173.527865758 -42.372088164
173.528650289 -42.371401089
173.529431638 -42.370712311
173.530065109 -42.369944298
173.530698565 -42.369176282
173.531149717 -42.368343881
173.531554641 -42.367495157
173.531890756 -42.366633099
173.532097504 -42.365745974
173.532304246 -42.364858849
173.533074058 -42.364213077
173.534007377 -42.363637391
173.534941638 -42.363062583
173.535901383 -42.362511329
173.536861112 -42.361960067
173.537819073 -42.361407126
173.538775895 -42.360853109
173.539812350 -42.360443340
173.541018273 -42.360340510
173.542147503 -42.360537891
173.543219155 -42.360960714
173.544236386 -42.361444497
173.545179592 -42.362011193
173.545460301 -42.362732067
173.544809062 -42.363420972
173.543761797 -42.363874448
173.542673807 -42.364273778
173.541755663 -42.364842856
173.541319271 -42.365642888
173.540854249 -42.366440061
173.540106374 -42.367147781
173.539447354 -42.367903866
173.538476027 -42.368435975
173.537502481 -42.368972241
173.536518106 -42.369488987
173.535544081 -42.369976021
173.535007797 -42.370783707
173.534247387 -42.371480355
173.533536344 -42.372205066
173.532922225 -42.372981683
173.531907694 -42.373442843
173.530858949 -42.373889275
173.529912275 -42.374452980
173.529747414 -42.375302707
173.529897661 -42.376187191
173.530169553 -42.377062231
173.530246171 -42.377960707
173.530026188 -42.378840698
173.529748300 -42.379717078
173.529469159 -42.380593238
173.529181796 -42.381467938
173.528628207 -42.382267141
173.528054824 -42.383060732
173.527509209 -42.383864904
173.526972706 -42.384672550
173.526600848 -42.385523381
173.526332908 -42.386401466
173.526108769 -42.387286092
173.525897242 -42.388172602
173.525685711 -42.389059111
173.526574847 -42.389307491
173.527786437 -42.389368916
173.528998029 -42.389430327
173.530209621 -42.389491726
173.531326716 -42.389824894
173.532397088 -42.390250113
173.533414894 -42.389815113
173.533319141 -42.388971256
173.532337855 -42.388477904
173.531407617 -42.387942592
173.531483371 -42.387070709
173.531644837 -42.386178431
173.532114914 -42.385383610
173.532870927 -42.384679084
173.533396591 -42.383883347
173.533765997 -42.383025742
173.533887469 -42.382143825
173.533831527 -42.381244512
173.534177021 -42.380439665
173.534922253 -42.379728886
173.535667741 -42.379018262
173.536434688 -42.378320307
173.537201618 -42.377622345
173.537708891 -42.376809622
173.538172158 -42.375977452
173.538912228 -42.375294646
173.539837663 -42.374711862
173.540987124 -42.374442694
173.542171025 -42.374267629
173.543384120 -42.374230456
173.544597214 -42.374193269
173.545683081 -42.373799837
173.546761990 -42.373386946
173.547830170 -42.372961334
173.548803516 -42.372423208
173.549776846 -42.371885073
173.550774623 -42.371373967
173.551825243 -42.370936765
173.552862795 -42.371207828
173.553449001 -42.371985850
173.553841718 -42.372828438
173.553849416 -42.373728690
173.554745955 -42.374159631
173.555576690 -42.373605894
173.555672276 -42.372708572
173.556170665 -42.372140773
173.557370439 -42.372061551
173.558484740 -42.371704118
173.559630864 -42.371482146
173.560842512 -42.371539024
173.562010653 -42.371741096
173.563140783 -42.372070041
173.564333137 -42.372150803
173.565547199 -42.372144962
173.566711987 -42.371913442
173.567918129 -42.371871332
173.569065822 -42.372121808
173.570229571 -42.372322729
173.571407576 -42.372251000
173.572432880 -42.371768852
173.573441632 -42.371268189
173.574550432 -42.371015046
173.575764470 -42.371009097
173.576978508 -42.371003136
173.578006114 -42.371297485
173.578789513 -42.371985245
173.579681391 -42.372593572
173.580599020 -42.373183048
173.581672914 -42.373406365
173.582880838 -42.373315587
173.584088758 -42.373224798
173.584853139 -42.373569651
173.585066301 -42.374455933
173.585564179 -42.375276051
173.586242547 -42.376010058
173.587059119 -42.376676302
173.587676064 -42.377442165
173.587684245 -42.378342411
173.587011904 -42.378971404
173.585879932 -42.378939964
173.584846083 -42.378498875
173.583683206 -42.378239903
173.582595536 -42.378475658
173.581526586 -42.378879328
173.580314018 -42.378832464
173.579571909 -42.379361794
173.579568311 -42.380260182
173.579911950 -42.381112516
173.580420736 -42.381928840
173.581296379 -42.382382843
173.582503715 -42.382477675
173.583716925 -42.382515512
173.584890718 -42.382675396
173.585949666 -42.383083670
173.586475549 -42.383895124
173.586552527 -42.384705082
173.585754591 -42.385370961
173.584670913 -42.385698934
173.583479792 -42.385874182
173.582906577 -42.386620585
173.582052773 -42.387217391
173.581281543 -42.387825369
173.581064731 -42.388679142
173.580045660 -42.389143218
173.579253974 -42.389805197
173.579512204 -42.390574727
173.580656202 -42.390678868
173.581811829 -42.390761270
173.582810342 -42.390901763
173.583574496 -42.390240098
173.584048465 -42.389411223
173.584875009 -42.388807042
173.585944354 -42.388428595
173.587158706 -42.388436373
173.588373059 -42.388444139
173.589531763 -42.388208991
173.590674558 -42.387904434
173.591774150 -42.388068519
173.592854544 -42.388479464
173.593951299 -42.388853676
173.595165512 -42.388837630
173.596379722 -42.388821570
173.597593933 -42.388805498
173.598454226 -42.389142054
173.597884695 -42.389927483
173.596933282 -42.390338052
173.595718954 -42.390326223
173.594597076 -42.390570016
173.593544176 -42.391018110
173.592468367 -42.391435839
173.591422580 -42.391853835
173.590311516 -42.392120574
173.589510509 -42.392752842
173.589740822 -42.393545381
173.590711381 -42.394033124
173.591816081 -42.394406965
173.592910781 -42.394796850
173.593812422 -42.395393289
173.593639624 -42.395889895
173.592538871 -42.396269334
173.591391628 -42.396542733
173.591537492 -42.397424727
173.591880028 -42.398279898
173.592260693 -42.398890877
173.593303470 -42.398606645
173.594178270 -42.398000121
173.595326209 -42.397706005
173.596500995 -42.397527980
173.597508481 -42.397853919
173.598304585 -42.398533712
173.599017714 -42.399117317
173.598208293 -42.399685693
173.597081623 -42.400018267
173.595933275 -42.400310940
173.594924061 -42.400770619
173.594493069 -42.401550941
173.595492923 -42.402041892
173.596647596 -42.402305332
173.597861215 -42.402342663
173.598979465 -42.402645575
173.600161551 -42.402739734
173.601167019 -42.402260956
173.602258391 -42.401919078
173.603150460 -42.402197277
173.603143508 -42.403094383
173.603106498 -42.403994130
173.603060579 -42.404893114
173.603127693 -42.405792000
173.602661154 -42.406543866
173.601479572 -42.406517223
173.600488552 -42.405997434
173.599452357 -42.405531114
173.598365614 -42.405403211
173.598054154 -42.406218749
173.597833107 -42.407103593
173.597205599 -42.407846187
173.596200528 -42.408315836
173.595526574 -42.409064847
173.595383945 -42.409887962
173.596076575 -42.410626182
173.597010557 -42.411081442
173.598225156 -42.411063858
173.599339326 -42.411277575
173.600312220 -42.411816719
173.601285920 -42.412355090
173.602361546 -42.412634854
173.603573152 -42.412568746
173.604784756 -42.412502624
173.605600076 -42.413119927
173.605389295 -42.413967755
173.604358236 -42.414443930
173.603164361 -42.414524002
173.601963991 -42.414609425
173.600802122 -42.414847475
173.599587933 -42.414878683
173.598435381 -42.414676694
173.597316438 -42.414326764
173.596183165 -42.414002885
173.595056605 -42.414016770
173.594794421 -42.414836950
173.595249337 -42.415657702
173.596166868 -42.416247793
173.597149449 -42.416773263
173.598174404 -42.417256636
173.599298729 -42.417424020
173.600498483 -42.417283198
173.601705768 -42.417182065
173.602911501 -42.417224253
173.603279553 -42.417850371
173.602831774 -42.418661934
173.601846853 -42.419186021
173.600758402 -42.419579123
173.599608377 -42.419868925
173.598533856 -42.420260755
173.597630769 -42.420860727
173.596640465 -42.421382336
173.595639559 -42.421890901
173.594566786 -42.422313621
173.593425276 -42.422548429
173.592211220 -42.422584894
173.591110239 -42.422855348
173.590136854 -42.423388596
173.588923010 -42.423348191
173.587743583 -42.423156847
173.586536630 -42.423120890
173.585529546 -42.423592723
173.585633188 -42.424429521
173.585537491 -42.425321645
173.584972333 -42.425671569
173.583954166 -42.425196422
173.583017955 -42.424622548
173.582075803 -42.424054062
173.581167467 -42.423460322
173.580381737 -42.422773627
173.579966611 -42.421964148
173.579799745 -42.421072420
173.579900050 -42.420196406
173.580254722 -42.419335354
173.580585786 -42.418469280
173.580901558 -42.417599954
173.581151968 -42.416719340
173.581232748 -42.415823002
173.581273272 -42.414923241
173.580994915 -42.414050344
173.580682893 -42.413180283
173.580501135 -42.412292353
173.580980345 -42.411657803
173.581942727 -42.411600004
173.582617417 -42.410857571
173.583030956 -42.410018797
173.582695184 -42.409165478
173.583733686 -42.408711141
173.584814473 -42.408815212
173.585989352 -42.408948803
173.587036458 -42.408763104
173.587639343 -42.407981531
173.587878853 -42.407100855
173.587579392 -42.406372806
173.586589260 -42.405851272
173.585650119 -42.405283533
173.584871917 -42.404600846
173.584025136 -42.404014061
173.583171271 -42.403430599
173.582544089 -42.402670560
173.582509569 -42.401770659
173.582912945 -42.401067314
173.584004911 -42.400673047
173.585096862 -42.400278769
173.585596181 -42.399628834
173.585519391 -42.398730370
173.585012345 -42.397971815
173.583930909 -42.397813955
173.582845135 -42.398155069
173.581825031 -42.398621788
173.580610813 -42.398644168
173.579400836 -42.398685172
173.578218146 -42.398811578
173.577080892 -42.398516146
173.575941556 -42.398209239
173.574755190 -42.398162423
173.573792732 -42.398604056
173.573776460 -42.399424287
173.574664000 -42.400022371
173.575684888 -42.400499765
173.576815893 -42.400826085
173.577699024 -42.401355590
173.577917552 -42.402214660
173.577868333 -42.403113202
173.577730046 -42.404006922
173.577843324 -42.404811986
173.578667265 -42.405456714
173.578932546 -42.406315177
173.578871897 -42.407208292
173.578263481 -42.407937615
173.577305280 -42.408490963
173.576365320 -42.409061264
173.575425343 -42.409631557
173.574320367 -42.409841465
173.573106174 -42.409812799
173.571891982 -42.409784120
173.570677790 -42.409755428
173.569463600 -42.409726724
173.568305721 -42.409473375
173.567158624 -42.409177035
173.565974603 -42.409051207
173.564759986 -42.409066633
173.563545369 -42.409082047
173.562345038 -42.409139485
173.561265515 -42.409552357
173.560185977 -42.409965220
173.559186060 -42.410466191
173.558259888 -42.411048777
173.557364740 -42.411657097
173.556404646 -42.412192289
173.555307057 -42.412578200
173.554209455 -42.412964101
173.553251112 -42.413468601
173.552613374 -42.414232294
173.552164695 -42.415068917
173.551466870 -42.415764642
173.550496189 -42.416306054
173.549315651 -42.416290811
173.548489528 -42.415679405
173.548191825 -42.414809663
173.547669496 -42.414021833
173.546904625 -42.413322395
173.546085026 -42.412658231
173.545256413 -42.411999881
173.544311368 -42.411434669
173.544200570 -42.410544316
173.543659258 -42.409995062
173.542445001 -42.409967759
173.541230746 -42.409940444
173.540371042 -42.410268376
173.539979653 -42.411118373
173.539871965 -42.411929026
173.540481225 -42.412707889
173.540911027 -42.413549870
173.541147818 -42.414414508
173.540887045 -42.415272283
173.539870331 -42.415478445
173.538792474 -42.415088665
173.537975140 -42.414452355
173.537295022 -42.413706387
173.536407205 -42.413171644
173.535240598 -42.412920409
173.534067115 -42.412788397
173.532875812 -42.412964878
173.531768235 -42.413297825
173.530737462 -42.413774319
173.529706675 -42.414250805
173.528515215 -42.414109358
173.527430986 -42.413769585
173.526486090 -42.413203728
173.525308219 -42.413130896
173.524210703 -42.413422516
173.523216070 -42.413932857
173.522638158 -42.414667720
173.523713546 -42.415086597
173.524571654 -42.415578133
173.524700473 -42.416410255
173.525719472 -42.416113460
173.526256247 -42.415305823
173.527407477 -42.415258430
173.528541548 -42.415500662
173.529600035 -42.415942562
173.530671109 -42.415765349
173.531747065 -42.415347239
173.532823005 -42.414929119
173.533898932 -42.414510989
173.535107041 -42.414451962
173.536164464 -42.414796795
173.536435625 -42.415562000
173.536173737 -42.416437166
173.536709673 -42.417132108
173.537832953 -42.416899539
173.538889920 -42.416964395
173.539895058 -42.417433505
173.541084132 -42.417557609
173.542267353 -42.417378118
173.543340995 -42.416956719
173.544126490 -42.417549423
173.545060068 -42.418015110
173.546267478 -42.418115374
173.547274536 -42.418526639
173.546910252 -42.419313104
173.545807150 -42.419661492
173.544602157 -42.419776820
173.543734883 -42.420380019
173.543173633 -42.421163019
173.542669435 -42.421968912
173.541788308 -42.422565080
173.541999167 -42.423451681
173.542116923 -42.424346169
173.542181584 -42.425245155
173.542573481 -42.426038533
173.543380392 -42.426555470
173.544304459 -42.425974049
173.545336608 -42.425604375
173.546331924 -42.425255504
173.546283377 -42.424438206
173.546063607 -42.423557052
173.545921340 -42.422662994
173.545801226 -42.421767142
173.546703559 -42.421256267
173.547862248 -42.421104594
173.548784826 -42.420518759
173.549048692 -42.419669928
173.549779019 -42.419041711
173.550884654 -42.418730264
173.552089859 -42.418616274
173.553295059 -42.418502270
173.554447663 -42.418223823
173.555567909 -42.417882868
173.556625216 -42.417439362
173.557427317 -42.416784461
173.558139504 -42.416055087
173.559253661 -42.415883824
173.560423171 -42.416050947
173.561618647 -42.416103171
173.562827523 -42.416034985
173.564023289 -42.415875712
173.565219886 -42.415743833
173.566412022 -42.415884527
173.567376909 -42.416431582
173.568362124 -42.416941491
173.568939351 -42.417733655
173.569516593 -42.418525814
173.570343391 -42.419121272
173.571522664 -42.419199551
173.572500925 -42.419699435
173.573357334 -42.420321569
173.573798177 -42.421141036
173.573979799 -42.422031181
173.574379387 -42.422867151
173.574959003 -42.423658376
173.575343176 -42.424509500
173.575632878 -42.425383005
173.576283046 -42.426127167
173.577025034 -42.426840094
173.578133379 -42.427198771
173.579111993 -42.427721756
173.579348578 -42.428568708
173.579057177 -42.429394208
173.578094375 -42.429842118
173.576889076 -42.429727485
173.575696631 -42.429558419
173.574525056 -42.429659811
173.573363278 -42.429922772
173.572264685 -42.430307588
173.571132130 -42.430620725
173.569963030 -42.430464094
173.568852474 -42.430135118
173.567647807 -42.430170600
173.566508647 -42.430482159
173.565405649 -42.430860014
173.564423613 -42.431378143
173.564779751 -42.431902010
173.565966689 -42.431955893
173.567169656 -42.431839275
173.568384037 -42.431805572
173.569589983 -42.431835666
173.570779095 -42.431906556
173.571938709 -42.431663426
173.573048188 -42.431296112
173.574154450 -42.431363599
173.575287834 -42.431682760
173.576470812 -42.431832190
173.577676877 -42.431755185
173.578864230 -42.431563461
173.580051178 -42.431375345
173.581180997 -42.431706876
173.582222905 -42.432166078
173.583217343 -42.432680299
173.584143087 -42.433263520
173.585218811 -42.433660135
173.586351229 -42.433986659
173.587449022 -42.434372817
173.588546829 -42.434758964
173.588406576 -42.435637653
173.587769510 -42.436403134
173.587060836 -42.437133998
173.586919454 -42.438006108
173.586887156 -42.438906045
173.586861716 -42.439806101
173.586837242 -42.440706174
173.586761589 -42.441600973
173.586453526 -42.442471833
173.586145456 -42.443342692
173.585514220 -42.444110428
173.584871296 -42.444874437
173.584158529 -42.445601662
173.583395153 -42.446302233
173.582631761 -42.447002799
173.581860943 -42.447698387
173.580994367 -42.448329698
173.580092334 -42.448917842
173.578936802 -42.449197268
173.577790794 -42.449492526
173.576737626 -42.449942086
173.575632442 -42.450278471
173.574427620 -42.450398037
173.573224503 -42.450524088
173.572047167 -42.450748179
173.570885965 -42.451004983
173.569790808 -42.451395699
173.568907589 -42.451961039
173.568219881 -42.452695477
173.567275597 -42.453262440
173.566211203 -42.453666984
173.565057538 -42.453950804
173.564145698 -42.454527524
173.563278741 -42.455158620
173.562410223 -42.455788343
173.561417911 -42.456308429
173.560425582 -42.456828506
173.559433081 -42.457348408
173.558429088 -42.457856079
173.557425079 -42.458363741
173.556369508 -42.458780092
173.555176290 -42.458952637
173.553963350 -42.459010468
173.552749806 -42.459064779
173.551536259 -42.459119076
173.550417707 -42.459445177
173.549320945 -42.459833643
173.548224168 -42.460222100
173.547159658 -42.460655136
173.546115610 -42.461116450
173.545071548 -42.461577754
173.544123432 -42.462112833
173.543461546 -42.462867997
173.542799643 -42.463623158
173.542137725 -42.464378315
173.541403489 -42.465090405
173.540549083 -42.465730924
173.539694660 -42.466371439
173.538853034 -42.467020950
173.538033835 -42.467686224
173.537559533 -42.468506081
173.537143190 -42.469351920
173.536726838 -42.470197756
173.536302690 -42.471041458
173.535874783 -42.471884131
173.535446866 -42.472726803
173.535018937 -42.473569471
173.534514826 -42.474384931
173.533890098 -42.475157308
173.533265354 -42.475929680
173.532341528 -42.476443921
173.531154290 -42.476556740
173.529938214 -42.476562229
173.528865304 -42.476918732
173.527848317 -42.477412374
173.527337610 -42.478228482
173.527835991 -42.478568173
173.529052126 -42.478566531
173.530268262 -42.478564877
173.531484397 -42.478563210
173.532700532 -42.478561530
173.533916666 -42.478559838
173.535132801 -42.478558132
173.536348935 -42.478556414
173.537565069 -42.478554683
173.538781203 -42.478552939
173.539997337 -42.478551183
173.541213470 -42.478549413
173.542429604 -42.478547631
173.543645737 -42.478545836
173.544861870 -42.478544028
173.546078002 -42.478542207
173.547294135 -42.478540373
173.548510267 -42.478538528
173.549726399 -42.478536668
173.550942531 -42.478534796
173.552158661 -42.478532912
173.553374793 -42.478531014
173.554590924 -42.478529103
173.555807055 -42.478527181
173.557023186 -42.478525244
173.558239317 -42.478523295
173.559455447 -42.478521334
173.560671577 -42.478519359
173.561887707 -42.478517372
173.563103837 -42.478515371
173.564319967 -42.478513359
173.565536096 -42.478511333
173.566752225 -42.478509294
173.567968354 -42.478507243
173.569184483 -42.478505179
173.570400611 -42.478503101
173.571616739 -42.478501012
173.572832867 -42.478498909
173.574048995 -42.478496793
173.575265123 -42.478494665
173.576481250 -42.478492524
173.577697377 -42.478490370
173.578913504 -42.478488203
173.580129631 -42.478486024
173.581345758 -42.478483832
173.582561884 -42.478481626
173.583778010 -42.478479409
173.584994136 -42.478477178
173.586210262 -42.478474934
173.587426387 -42.478472677
173.588642512 -42.478470409
173.589858636 -42.478468127
173.591074761 -42.478465831
173.592290885 -42.478463524
173.593507010 -42.478461204
173.594723134 -42.478458870
173.595939257 -42.478456525
173.597155381 -42.478454166
173.598371504 -42.478451794
173.599587627 -42.478449409
173.600803764 -42.478447016
173.602019912 -42.478444613
173.603236060 -42.478442197
173.604452207 -42.478439769
173.605668354 -42.478437327
173.606884501 -42.478434873
173.608100648 -42.478432406
173.609316794 -42.478429926
173.610532941 -42.478427433
173.611749087 -42.478424928
173.612965233 -42.478422410
173.614181378 -42.478419879
173.615397524 -42.478417335
173.616613669 -42.478414779
173.617829814 -42.478412209
173.619045959 -42.478409627
173.620262103 -42.478407032
173.621478248 -42.478404424
173.622694392 -42.478401803
173.623910536 -42.478399169
173.625126679 -42.478396524
173.626342821 -42.478393864
173.627558964 -42.478391192
173.628775107 -42.478388508
173.629991249 -42.478385810
173.631207392 -42.478383099
173.632423534 -42.478380377
173.633639676 -42.478377641
173.634855817 -42.478374891
173.636071958 -42.478372130
173.637288099 -42.478369356
173.638504240 -42.478366568
173.639720380 -42.478363768
173.640936521 -42.478360956
173.642152661 -42.478358130
173.643368800 -42.478355291
173.644584940 -42.478352440
173.645801079 -42.478349576
173.647017218 -42.478346699
173.648233356 -42.478343809
173.649449495 -42.478340907
173.650665633 -42.478337992
173.651881770 -42.478335064
173.653097907 -42.478332124
173.654314044 -42.478329170
173.655530180 -42.478326203
173.656746317 -42.478323225
173.657962453 -42.478320233
173.659178588 -42.478317228
173.660394724 -42.478314210
173.661610859 -42.478311180
173.662826994 -42.478308137
173.664043127 -42.478305081
173.665259262 -42.478302013
173.666475396 -42.478298931
173.667691530 -42.478295836
173.668907663 -42.478292730
173.670123796 -42.478289610
173.671339929 -42.478286477
173.672556062 -42.478283331
173.673772194 -42.478280173
173.674988327 -42.478277002
173.676204458 -42.478273817
173.677420590 -42.478270621
173.678636721 -42.478267411
173.679852852 -42.478264189
173.681068983 -42.478260954
173.682285114 -42.478257706
173.683501244 -42.478254445
173.684717374 -42.478251171
173.685933503 -42.478247885
173.687149633 -42.478244585
173.688365762 -42.478241273
173.689581892 -42.478237949
173.690798021 -42.478234611
173.692014149 -42.478231260
173.693230278 -42.478227897
173.694446406 -42.478224521
173.695662534 -42.478221132
173.696878662 -42.478217730
173.698094789 -42.478214316
173.699310916 -42.478210888
173.700527044 -42.478207448
173.701743173 -42.478203996
173.702959302 -42.478200530
173.704175431 -42.478197052
173.705391560 -42.478193561
173.706607688 -42.478190057
173.707823816 -42.478186541
173.709039944 -42.478183011
173.710256071 -42.478179469
173.711472199 -42.478175914
173.712688326 -42.478172346
173.713904452 -42.478168766
173.715120578 -42.478165172
173.716336704 -42.478161566
173.717552830 -42.478157948
173.718768956 -42.478154316
173.719985081 -42.478150671
173.721201205 -42.478147013
173.722417330 -42.478143343
173.723633454 -42.478139660
173.724849578 -42.478135964
173.726065702 -42.478132256
173.727281826 -42.478128534
173.728497950 -42.478124800
173.729714074 -42.478121053
173.730930197 -42.478117293
173.732146320 -42.478113520
173.733362442 -42.478109734
173.734578565 -42.478105936
173.735794686 -42.478102125
173.737010808 -42.478098301
173.738226928 -42.478094464
173.739443049 -42.478090615
173.740659170 -42.478086752
173.741875290 -42.478082878
173.743091410 -42.478078989
173.744307530 -42.478075088
173.745523649 -42.478071174
173.746739768 -42.478067249
173.747955887 -42.478063309
173.749172005 -42.478059357
173.750388123 -42.478055393
173.751604241 -42.478051415
173.752820359 -42.478047425
173.754036476 -42.478043422
173.755252593 -42.478039406
173.756468709 -42.478035377
173.757684825 -42.478031335
173.758900941 -42.478027281
173.760117057 -42.478023214
173.761333172 -42.478019134
173.762549287 -42.478015042
173.763765402 -42.478010936
173.764981517 -42.478006817
173.766197632 -42.478002686
173.767413747 -42.477998542
173.768629861 -42.477994384
173.769845975 -42.477990215
173.771062088 -42.477986032
173.772278201 -42.477981837
173.773494314 -42.477977628
173.774710427 -42.477973408
173.775926538 -42.477969174
173.777142649 -42.477964927
173.778358761 -42.477960669
173.779574872 -42.477956396
173.780790983 -42.477952111
173.782007093 -42.477947814
173.783223203 -42.477943503
173.784439313 -42.477939180
173.785655423 -42.477934843
173.786871532 -42.477930495
173.788087640 -42.477926133
173.789303749 -42.477921758
173.790519857 -42.477917372
173.791735965 -42.477912971
173.792952072 -42.477908558
173.794168179 -42.477904133
173.795384286 -42.477899695
173.796600392 -42.477895243
173.797816498 -42.477890779
173.799032603 -42.477886303
173.800248709 -42.477881813
173.801464819 -42.477877312
173.802680929 -42.477872799
173.803897039 -42.477868273
173.805113148 -42.477863734
173.806329256 -42.477859183
173.807545365 -42.477854618
173.808761473 -42.477850041
173.809977580 -42.477845450
173.811193688 -42.477840848
173.812409795 -42.477836232
173.813625900 -42.477831603
173.814842006 -42.477826963
173.816058112 -42.477822308
173.817274218 -42.477817641
173.818490323 -42.477812962
173.819706428 -42.477808270
173.820922532 -42.477803564
173.822138636 -42.477798846
173.823354740 -42.477794116
173.824570843 -42.477789372
173.825786946 -42.477784615
173.827003049 -42.477779847
173.828219151 -42.477775065
173.829435253 -42.477770270
173.830651354 -42.477765463
173.831867455 -42.477760642
173.833083556 -42.477755809
173.834299656 -42.477750963
173.835515756 -42.477746105
173.836731856 -42.477741233
173.837429960 -42.477354513
173.837431454 -42.476454290
173.837432950 -42.475554066
173.837434444 -42.474653842
173.837435939 -42.473753617
173.837437434 -42.472853393
173.837438930 -42.471953168
173.837440425 -42.471052943
173.837441921 -42.470152717
173.837443416 -42.469252492
173.837444911 -42.468352266
173.837446407 -42.467452040
173.837447901 -42.466551813
173.837449398 -42.465651587
173.837450893 -42.464751360
173.837452389 -42.463851134
173.837453884 -42.462950906
173.837455381 -42.462050679
173.837456877 -42.461150451
173.837458373 -42.460250224
173.837459870 -42.459349995
173.837461366 -42.458449767
173.837462863 -42.457549538
173.837464360 -42.456649309
173.837465857 -42.455749080
173.837467354 -42.454848851
173.837468852 -42.453948621
173.837470349 -42.453048391
173.837471846 -42.452148160
173.837473344 -42.451247930
173.837474842 -42.450347699
173.837476340 -42.449447469
173.837477838 -42.448547237
173.837479337 -42.447647006
173.837480835 -42.446746774
173.837482333 -42.445846542
173.837483832 -42.444946310
173.837485330 -42.444046078
173.837486830 -42.443145845
173.837488329 -42.442245612
173.837489829 -42.441345378
173.837491327 -42.440445145
173.837492828 -42.439544911
173.837494327 -42.438644678
173.837495826 -42.437744443
173.837497326 -42.436844209
173.837498825 -42.435943974
173.837500326 -42.435043740
173.837501825 -42.434143504
173.837503326 -42.433243270
173.837504825 -42.432343034
173.837506326 -42.431442798
173.837507826 -42.430542562
173.837509326 -42.429642326
173.837510827 -42.428742089
173.837512328 -42.427841853
173.837513829 -42.426941615
173.837515330 -42.426041378
173.837516832 -42.425141140
173.837518332 -42.424240903
173.837519835 -42.423340664
173.837521336 -42.422440427
173.837522837 -42.421540188
173.837524339 -42.420639949
173.837525841 -42.419739710
173.837527344 -42.418839471
173.837528846 -42.417939231
173.837530349 -42.417038992
173.837531851 -42.416138751
173.837533354 -42.415238511
173.837534856 -42.414338270
173.837536359 -42.413438030
173.837537862 -42.412537789
173.837539365 -42.411637548
173.837540869 -42.410737306
173.837542372 -42.409837065
173.837543876 -42.408936822
173.837545380 -42.408036580
173.837546883 -42.407136337
173.837548388 -42.406236095
173.837549891 -42.405335852
173.837551395 -42.404435609
173.837552899 -42.403535365
173.837554404 -42.402635122
173.837555907 -42.401734878
173.837557412 -42.400834634
173.837558917 -42.399934389
173.837560422 -42.399034145
173.837561929 -42.398133900
173.837563437 -42.397233656
173.837564948 -42.396333412
173.837566457 -42.395433168
173.837567967 -42.394532923
173.837569476 -42.393632679
173.837570987 -42.392732434
173.837572496 -42.391832189
173.837574006 -42.390931943
173.837575517 -42.390031698
173.837577027 -42.389131451
173.837578538 -42.388231206
173.837580048 -42.387330959
173.837581560 -42.386430712
173.837583070 -42.385530465
173.837584582 -42.384630218
173.837586093 -42.383729970
173.837587604 -42.382829723
173.837589116 -42.381929475
173.837590627 -42.381029227
173.837592139 -42.380128978
173.837593651 -42.379228730
173.837595163 -42.378328481
173.837596675 -42.377428232
173.837598188 -42.376527982
173.837599700 -42.375627733
173.837601212 -42.374727483
173.837602725 -42.373827233
173.837604237 -42.372926982
173.837605750 -42.372026732
173.837607262 -42.371126481
173.837608776 -42.370226230
173.837610288 -42.369325979
173.837611801 -42.368425728
173.837613315 -42.367525475
173.837614827 -42.366625224
173.837616342 -42.365724971
173.837617855 -42.364824719
173.837619369 -42.363924466
173.837620882 -42.363024213
173.837622397 -42.362123960
173.837623911 -42.361223707
173.837625424 -42.360323453
173.837626939 -42.359423199
173.837628453 -42.358522944
173.837629969 -42.357622690
173.837631483 -42.356722435
173.837632998 -42.355822181
173.837634513 -42.354921925
173.837636029 -42.354021670
173.837637543 -42.353121414
173.837639058 -42.352221159
173.837640574 -42.351320902
173.837642089 -42.350420646
173.837643606 -42.349520389
173.837645121 -42.348620133
173.837646638 -42.347719875
173.837648153 -42.346819618
173.837649670 -42.345919360
173.837651186 -42.345019103
173.837652702 -42.344118844
173.837654219 -42.343218586
173.837655735 -42.342318327
173.837657252 -42.341418069
173.837658768 -42.340517809
173.837660286 -42.339617551
173.837661802 -42.338717291
173.837663320 -42.337817031
173.837664837 -42.336916771
173.837666353 -42.336016511
173.837667871 -42.335116250
173.837669388 -42.334215990
173.837670907 -42.333315729
173.837672424 -42.332415468
173.837673943 -42.331515206
173.837675460 -42.330614945
173.837676978 -42.329714683
173.837678497 -42.328814421
173.837680014 -42.327914158
173.837681534 -42.327013896
173.837683052 -42.326113632
173.837684571 -42.325213370
173.837686089 -42.324313106
173.837687609 -42.323412843
173.837689128 -42.322512579
173.837690646 -42.321612315
173.837692166 -42.320712050
173.837693685 -42.319811786
173.837695205 -42.318911521
173.837696725 -42.318011256
173.837698245 -42.317110990
173.837699764 -42.316210725
173.837701285 -42.315310459
173.837702805 -42.314410193
173.837704324 -42.313509927
173.837705845 -42.312609661
173.837707365 -42.311709394
173.837708886 -42.310809127
173.837710406 -42.309908859
173.837711928 -42.309008592
173.837713448 -42.308108324
173.837714970 -42.307208057
173.837716490 -42.306307788
173.837718011 -42.305407520
173.837719533 -42.304507251
173.837721053 -42.303606983
173.837722576 -42.302706713
173.837724097 -42.301806445
173.837725619 -42.300906175
173.837727140 -42.300005905
173.837728663 -42.299105635
173.837730186 -42.298205366
173.837731730 -42.297305105
173.837733276 -42.296404845
173.837734821 -42.295504584
173.837736366 -42.294604323
173.837737911 -42.293704061
173.837739457 -42.292803800
173.837741002 -42.291903538
173.837742548 -42.291003277
173.837744094 -42.290103014
173.837745640 -42.289202752
173.837747186 -42.288302489
173.837748732 -42.287402226
173.837750279 -42.286501963
173.837751825 -42.285601700
173.837753372 -42.284701436
173.837754918 -42.283801172
173.837756464 -42.282900908
173.837758011 -42.282000644
173.837759558 -42.281100379
173.837761105 -42.280200114
173.837762652 -42.279299849
173.837764200 -42.278399584
173.837765746 -42.277499318
173.837767294 -42.276599053
173.837768841 -42.275698786
173.837770388 -42.274798521
173.837771937 -42.273898254
173.837773484 -42.272997987
173.837775033 -42.272097720
173.837776580 -42.271197453
173.837778129 -42.270297185
173.837779677 -42.269396917
173.837781226 -42.268496650
173.837782773 -42.267596381
173.837784321 -42.266696113
173.837785871 -42.265795844
173.837787419 -42.264895576
173.837788969 -42.263995306
173.837790517 -42.263095037
173.837792067 -42.262194767
173.837793615 -42.261294498
173.837795165 -42.260394227
173.837796714 -42.259493958
173.837798263 -42.258593687
173.837799813 -42.257693416
173.837801363 -42.256793145
173.837802913 -42.255892874
173.837804463 -42.254992602
173.837806013 -42.254092331
173.837807563 -42.253192058
173.837809113 -42.252291787
173.836614345 -42.252293309
173.835402689 -42.252307550
173.834191032 -42.252321777
173.832979374 -42.252335992
173.831767715 -42.252350194
173.830556056 -42.252364384
173.829344396 -42.252378560
173.828132736 -42.252392724
173.826921074 -42.252406876
173.825709412 -42.252421014
173.824497749 -42.252435140
173.823286086 -42.252449253
173.822074422 -42.252463354
173.820862758 -42.252477442
173.819651092 -42.252491517
173.818439426 -42.252505580
173.817227759 -42.252519629
173.816121900 -42.252868202
173.815028614 -42.253256558
173.813935316 -42.253644905
173.812868955 -42.254071428
173.811817182 -42.254518632
173.810838219 -42.255046716
173.809880244 -42.255598120
173.808969169 -42.256190843
173.809041477 -42.256956563
173.810103222 -42.257390600
173.810814160 -42.258118822
173.811166347 -42.258952588
173.811094959 -42.259833326
173.810728239 -42.260687718
173.810042490 -42.261430036
173.809431921 -42.262204917
173.808899996 -42.263013861
173.808336281 -42.263809761
173.807697311 -42.264574777
173.807058326 -42.265339789
173.806118070 -42.265906004
173.805167538 -42.266464456
173.804176136 -42.266982415
173.803184718 -42.267500364
173.802174042 -42.267997164
173.801157464 -42.268487488
173.800116887 -42.268942907
173.798985901 -42.269266765
173.797854903 -42.269590612
173.796723893 -42.269914448
173.795679745 -42.270367968
173.795448205 -42.270474680