
171.88571520	-41.59858967
171.88526919	-41.59946290
171.88482317	-41.60033614
171.88437714	-41.60120937
171.88393109	-41.60208260
171.88329802	-41.60309256
171.88266492	-41.60410251
171.88277181	-41.60502739
171.88287869	-41.60595226
171.88347947	-41.60678962
171.88408025	-41.60762699
171.88431346	-41.60836834
171.88454668	-41.60910969
171.88356049	-41.60919235
171.88257431	-41.60927500
171.88147153	-41.60898697
171.88036875	-41.60869892
171.87912940	-41.60917936
171.87789002	-41.60965978
171.87665063	-41.61014019
171.87516724	-41.61049499
171.87368383	-41.61084976
171.87276823	-41.61157970
171.87185261	-41.61230963
171.87093697	-41.61303956
171.86998717	-41.61384304
171.86903735	-41.61464651
171.86808751	-41.61544998
171.86713764	-41.61625344
171.86618775	-41.61705688
171.86530971	-41.61797190
171.86443165	-41.61888691
171.86355027	-41.61998665
171.86266886	-41.62108638
171.86179512	-41.62175506
171.86092136	-41.62242374
171.86004758	-41.62309241
171.85917378	-41.62376107
171.85829996	-41.62442972
171.85742613	-41.62509837
171.85681164	-41.62601598
171.85619715	-41.62693359
171.85558263	-41.62785120
171.85496809	-41.62876880
171.85435354	-41.62968640
171.85373897	-41.63060399
171.85312438	-41.63152158
171.85286153	-41.63244273
171.85259867	-41.63336389
171.85233580	-41.63428504
171.85133588	-41.63510633
171.85033592	-41.63592761
171.84933594	-41.63674888
171.84833594	-41.63757015
171.84770529	-41.63839516
171.84707462	-41.63922017
171.84644393	-41.64004518
171.84581323	-41.64087019
171.84502943	-41.64164743
171.84424562	-41.64242468
171.84346178	-41.64320191
171.84267793	-41.64397914
171.84189406	-41.64475637
171.84111016	-41.64553359
171.84032625	-41.64631080
171.83954232	-41.64708801
171.83883656	-41.64796763
171.83813078	-41.64884725
171.83742499	-41.64972687
171.83671917	-41.65060648
171.83601333	-41.65148608
171.83566467	-41.65259107
171.83531599	-41.65369607
171.83496730	-41.65480106
171.83359736	-41.65561838
171.83222737	-41.65643568
171.83282963	-41.65718095
171.83343190	-41.65792621
171.83390256	-41.65913202
171.83437323	-41.66033783
171.83373709	-41.66143986
171.83310093	-41.66254188
171.83197544	-41.66345408
171.83084992	-41.66436627
171.83083635	-41.66510519
171.83082278	-41.66584410
171.83142680	-41.66649701
171.83203083	-41.66714991
171.83201727	-41.66788883
171.83176074	-41.66844047
171.83065210	-41.66842902
171.82954345	-41.66841755
171.82822384	-41.66871184
171.82690421	-41.66900610
171.82558458	-41.66930035
171.82471035	-41.66993795
171.82383611	-41.67057553
171.82260083	-41.67074745
171.82357266	-41.67149661
171.82442986	-41.67178266
171.82528707	-41.67206871
171.82502875	-41.67271270
171.82477043	-41.67335669
171.82426572	-41.67399811
171.82376100	-41.67463954
171.82498271	-41.67520652
171.82583314	-41.67586202
171.82668360	-41.67651751
171.82642698	-41.67706914
171.82556289	-41.67715256
171.82469878	-41.67723597
171.82347875	-41.67657662
171.82225874	-41.67591725
171.82152469	-41.67563247
171.82079065	-41.67534768
171.81992314	-41.67561578
171.81905563	-41.67588387
171.81830101	-41.67670743
171.81754638	-41.67753098
171.81703813	-41.67835710
171.81652986	-41.67918321
171.81701237	-41.67974255
171.81749488	-41.68030188
171.81698833	-41.68103564
171.81648176	-41.68176939
171.81524108	-41.68221832
171.81400039	-41.68266723
171.81398834	-41.68331377
171.81397628	-41.68396031
171.81387577	-41.68494466
171.81377526	-41.68592901
171.81367474	-41.68691336
171.81244257	-41.68690043
171.81121040	-41.68688749
171.80997823	-41.68687454
171.80923028	-41.68732858
171.80848232	-41.68778261
171.80750003	-41.68758750
171.80759901	-41.68888189
171.80769799	-41.69017627
171.80670528	-41.69053533
171.80571255	-41.69089438
171.80500791	-41.69166295
171.80430326	-41.69243151
171.80359859	-41.69320006
171.80289391	-41.69396861
171.80218920	-41.69473716
171.80139918	-41.69554703
171.80060915	-41.69635689
171.79981909	-41.69716675
171.79902901	-41.69797660
171.79823891	-41.69878644
171.79744878	-41.69959629
171.79665864	-41.70040612
171.79651966	-41.70123608
171.79638068	-41.70206603
171.79532259	-41.70260906
171.79426448	-41.70315208
171.79320635	-41.70369508
171.79214821	-41.70423808
171.79123266	-41.70484418
171.79031711	-41.70545027
171.78940153	-41.70605636
171.78839966	-41.70687707
171.78739776	-41.70769776
171.78701565	-41.70834034
171.78663354	-41.70898291
171.78514208	-41.70961358
171.78365059	-41.71024422
171.78192670	-41.71013330
171.78020283	-41.71002234
171.77884696	-41.71000772
171.77749110	-41.70999307
171.77641218	-41.71053570
171.77533324	-41.71107831
171.77425428	-41.71162092
171.77472952	-41.71254988
171.77520478	-41.71347884
171.77555678	-41.71440647
171.77590879	-41.71533409
171.77638528	-41.71620147
171.77686177	-41.71706885
171.77733828	-41.71793623
171.77658440	-41.71866713
171.77585185	-41.71828968
171.77511932	-41.71791222
171.77364715	-41.71752675
171.77217499	-41.71714126
171.77082077	-41.71703417
171.76946655	-41.71692707
171.76798727	-41.71691097
171.76699033	-41.71745440
171.76623634	-41.71818523
171.76548951	-41.71854661
171.76498563	-41.71909540
171.76497127	-41.71983430
171.76422621	-41.72010330
171.76348114	-41.72037231
171.76272348	-41.72128784
171.76196579	-41.72220336
171.76194419	-41.72331170
171.76107940	-41.72339462
171.76021460	-41.72347753
171.76032526	-41.72412541
171.76043594	-41.72477329
171.76091467	-41.72551759
171.76163640	-41.72644930
171.76088765	-41.72690301
171.76013888	-41.72735671
171.75866839	-41.72687868
171.75719793	-41.72640063
171.75620798	-41.72657452
171.75521803	-41.72674839
171.75421962	-41.72735328
171.75322120	-41.72795816
171.75222275	-41.72856303
171.75195983	-41.72939156
171.75169690	-41.73022009
171.75082655	-41.73058001
171.74995619	-41.73093992
171.74890883	-41.73151958
171.74786145	-41.73209924
171.74681405	-41.73267888
171.74576664	-41.73325851
171.74471921	-41.73383814
171.74421138	-41.73457155
171.74370353	-41.73530497
171.74492931	-41.73568810
171.74466808	-41.73642425
171.74404240	-41.73687921
171.74341671	-41.73733417
171.74280024	-41.73830479
171.74181407	-41.73815492
171.74082791	-41.73800503
171.74014160	-41.73832152
171.73945528	-41.73863800
171.74030773	-41.73929575
171.74116020	-41.73995349
171.74176056	-41.74085538
171.74236093	-41.74175727
171.74296132	-41.74265915
171.74349564	-41.74377637
171.74402998	-41.74489360
171.74471909	-41.74443821
171.74540819	-41.74398282
171.74598005	-41.74320199
171.74655190	-41.74242116
171.74798636	-41.74178879
171.74942078	-41.74115640
171.75042555	-41.74036490
171.75143029	-41.73957339
171.75243500	-41.73878188
171.75398657	-41.73847485
171.75553813	-41.73816780
171.75674033	-41.73781059
171.75794252	-41.73745336
171.75914470	-41.73709612
171.76018928	-41.73636671
171.76123383	-41.73563729
171.76227837	-41.73490786
171.76358618	-41.73441282
171.76489398	-41.73391776
171.76447396	-41.73326492
171.76405395	-41.73261208
171.76325773	-41.73223294
171.76246152	-41.73185381
171.76247415	-41.73120569
171.76248678	-41.73055757
171.76353829	-41.73052277
171.76458980	-41.73048795
171.76563412	-41.73082348
171.76667844	-41.73115899
171.76762163	-41.73033580
171.76856480	-41.72951260
171.76883174	-41.72849682
171.76909867	-41.72748104
171.76954112	-41.72697651
171.76998357	-41.72647198
171.77146669	-41.72648809
171.77233185	-41.72649748
171.77319701	-41.72650687
171.77367530	-41.72734552
171.77415360	-41.72818418
171.77496389	-41.72890295
171.77577420	-41.72962171
171.77658453	-41.73034047
171.77731187	-41.73108920
171.77879155	-41.73129040
171.77945536	-41.73213103
171.78011918	-41.73297166
171.78068060	-41.73378032
171.78124204	-41.73458897
171.78180349	-41.73539762
171.78271283	-41.73633349
171.78362219	-41.73726935
171.78366981	-41.73801072
171.78371743	-41.73875210
171.78308869	-41.73930098
171.78172799	-41.73933264
171.78036729	-41.73936428
171.77870021	-41.73925369
171.77703313	-41.73914307
171.77555150	-41.73903444
171.77406986	-41.73892578
171.77264468	-41.73909555
171.77121948	-41.73926529
171.76966348	-41.73980403
171.76810746	-41.74034274
171.76667413	-41.74092907
171.76524078	-41.74151539
171.76460915	-41.74220305
171.76397751	-41.74289071
171.76377945	-41.74353680
171.76358139	-41.74418289
171.76281977	-41.74519325
171.76200534	-41.74573999
171.76119090	-41.74628672
171.76141649	-41.74740049
171.76054472	-41.74771507
171.75967295	-41.74802964
171.75904391	-41.74857839
171.75841486	-41.74912713
171.75796945	-41.74977050
171.75752403	-41.75041386
171.75659038	-41.75072773
171.75565673	-41.75104159
171.75417304	-41.75102526
171.75268935	-41.75100891
171.75366757	-41.75157534
171.75464580	-41.75214176
171.75550494	-41.75247534
171.75636410	-41.75280892
171.75659143	-41.75383010
171.75596412	-41.75428625
171.75533681	-41.75474238
171.75482768	-41.75547764
171.75431855	-41.75621290
171.75393305	-41.75694952
171.75354754	-41.75768613
171.75254557	-41.75832334
171.75154358	-41.75896054
171.75069916	-41.75996991
171.74985470	-41.76097926
171.74901022	-41.76198861
171.74966573	-41.76324607
171.75032126	-41.76450352
171.74984531	-41.76564042
171.74936934	-41.76677732
171.74889336	-41.76791422
171.74866836	-41.76886868
171.74844336	-41.76982314
171.74821835	-41.77077760
171.74791027	-41.77176200
171.74760218	-41.77274641
171.74729408	-41.77373081
171.74698780	-41.77462263
171.74668151	-41.77551445
171.74637521	-41.77640626
171.74504486	-41.77694716
171.74371449	-41.77748804
171.74238410	-41.77802890
171.74106413	-41.77845873
171.73974415	-41.77888855
171.73842415	-41.77931836
171.73710414	-41.77974814
171.73578410	-41.78017792
171.73459790	-41.78072030
171.73341168	-41.78126267
171.73345318	-41.78228182
171.73349469	-41.78330097
171.73329526	-41.78399330
171.73309583	-41.78468562
171.73228619	-41.78495437
171.73147655	-41.78522312
171.73005300	-41.78525345
171.72862946	-41.78528376
171.72758446	-41.78494789
171.72653948	-41.78461200
171.72643437	-41.78368474
171.72607908	-41.78289357
171.72572379	-41.78210240
171.72474071	-41.78176720
171.72375764	-41.78143199
171.72227700	-41.78123006
171.72079636	-41.78102811
171.71959688	-41.78119975
171.71839740	-41.78137138
171.71719790	-41.78154300
171.71594780	-41.78217707
171.71458054	-41.78248567
171.71321326	-41.78279426
171.71234642	-41.78283069
171.71147958	-41.78286713
171.71050692	-41.78202258
171.70890638	-41.78163389
171.70730586	-41.78124518
171.70607266	-41.78104587
171.70483948	-41.78084654
171.70360725	-41.78060091
171.70237503	-41.78035526
171.70145111	-41.78015944
171.70052720	-41.77996362
171.70068808	-41.78116936
171.70084896	-41.78237511
171.70095559	-41.78320981
171.70106222	-41.78404450
171.70029179	-41.78489170
171.69952135	-41.78573889
171.69831044	-41.78618426
171.69709952	-41.78662961
171.69588858	-41.78707495
171.69467762	-41.78752028
171.69346665	-41.78796559
171.69225565	-41.78841089
171.69112835	-41.78876529
171.69000103	-41.78911967
171.68887370	-41.78947405
171.68774636	-41.78982841
171.68661901	-41.79018276
171.68549164	-41.79053710
171.68436426	-41.79089143
171.68323687	-41.79124575
171.68210947	-41.79160006
171.68098205	-41.79195435
171.68001762	-41.79258611
171.67905317	-41.79321786
171.67808871	-41.79384960
171.67712422	-41.79448134
171.67615971	-41.79511306
171.67552726	-41.79600784
171.67489479	-41.79690261
171.67426230	-41.79779737
171.67362979	-41.79869213
171.67299726	-41.79958689
171.67236471	-41.80048165
171.67173215	-41.80137640
171.67105560	-41.80217222
171.67037904	-41.80296803
171.66970246	-41.80376383
171.66902587	-41.80455963
171.66834926	-41.80535543
171.66767263	-41.80615122
171.66699598	-41.80694701
171.66631932	-41.80774279
171.66564263	-41.80853857
171.66496594	-41.80933435
171.66428169	-41.81024485
171.66359742	-41.81115535
171.66291313	-41.81206585
171.66187159	-41.81293384
171.66083002	-41.81380183
171.65978843	-41.81466980
171.65945805	-41.81577584
171.65912765	-41.81688187
171.65879725	-41.81798791
171.65809088	-41.81872588
171.65738451	-41.81946385
171.65667811	-41.82020181
171.65597170	-41.82093977
171.65541142	-41.82202392
171.65485113	-41.82310808
171.65498509	-41.82402825
171.65511905	-41.82494842
171.65586692	-41.82587589
171.65636676	-41.82692656
171.65686662	-41.82797723
171.65739100	-41.82884060
171.65791540	-41.82970397
171.65704634	-41.83034656
171.65617725	-41.83098915
171.65530816	-41.83163173
171.65443904	-41.83227430
171.65312738	-41.83250461
171.65181570	-41.83273490
171.65050402	-41.83296518
171.64919232	-41.83319544
171.64788062	-41.83342569
171.64656891	-41.83365592
171.64523699	-41.83384348
171.64390506	-41.83403103
171.64257312	-41.83421856
171.64127110	-41.83451275
171.63996907	-41.83480693
171.63866703	-41.83510109
171.63753796	-41.83541497
171.63640888	-41.83572883
171.63527979	-41.83604268
171.63415069	-41.83635652
171.63298090	-41.83665178
171.63181110	-41.83694704
171.63064129	-41.83724228
171.62947147	-41.83753751
171.62830164	-41.83783273
171.62713179	-41.83812793
171.62596194	-41.83842312
171.62479208	-41.83871831
171.62364645	-41.83905688
171.62250081	-41.83939545
171.62135516	-41.83973400
171.62020949	-41.84007255
171.61906382	-41.84041108
171.61793477	-41.84093220
171.61680570	-41.84145331
171.61567661	-41.84197440
171.61454750	-41.84249549
171.61337377	-41.84299527
171.61220002	-41.84349505
171.61102625	-41.84399480
171.60985246	-41.84449455
171.60843474	-41.84528112
171.60701699	-41.84606767
171.60600733	-41.84672423
171.60499765	-41.84738078
171.60398795	-41.84803732
171.60309380	-41.84874146
171.60219963	-41.84944560
171.60130545	-41.85014973
171.60041124	-41.85085385
171.59951701	-41.85155797
171.59862277	-41.85226208
171.59772850	-41.85296618
171.59685693	-41.85366340
171.59598534	-41.85436061
171.59511372	-41.85505781
171.59424209	-41.85575500
171.59337045	-41.85645219
171.59249878	-41.85714937
171.59175158	-41.85829286
171.59100437	-41.85943634
171.59037932	-41.86053111
171.58975425	-41.86162587
171.58912916	-41.86272064
171.58864611	-41.86374239
171.58816305	-41.86476415
171.58767997	-41.86578590
171.58707517	-41.86666013
171.58647035	-41.86753436
171.58586551	-41.86840859
171.58526066	-41.86928282
171.58452003	-41.87030134
171.58377938	-41.87131985
171.58319616	-41.87218234
171.58261291	-41.87304484
171.58202966	-41.87390733
171.58144638	-41.87476981
171.57993769	-41.87541211
171.57842897	-41.87605438
171.57737879	-41.87675465
171.57632858	-41.87745492
171.57527836	-41.87815517
171.57468260	-41.87897316
171.57408683	-41.87979114
171.57349105	-41.88060912
171.57289524	-41.88142710
171.57341985	-41.88196862
171.57394447	-41.88251013
171.57286355	-41.88283082
171.57178262	-41.88315150
171.57194792	-41.88375536
171.57211323	-41.88435921
171.57290621	-41.88490412
171.57369920	-41.88544902
171.57440426	-41.88592594
171.57510933	-41.88640286
171.57473644	-41.88706680
171.57436354	-41.88773073
171.57408010	-41.88839579
171.57379664	-41.88906085
171.57324480	-41.88972253
171.57269296	-41.89038420
171.57126010	-41.89043298
171.56982725	-41.89048175
171.56863850	-41.89028842
171.56744976	-41.89009508
171.56626103	-41.88990172
171.56573338	-41.88949386
171.56543921	-41.89062680
171.56514503	-41.89175974
171.56506110	-41.89282849
171.56497717	-41.89389723
171.56489323	-41.89496598
171.56451107	-41.89603094
171.56412890	-41.89709590
171.56374671	-41.89816086
171.56408028	-41.89923490
171.56441387	-41.90030894
171.56474746	-41.90138298
171.56517510	-41.90225763
171.56560274	-41.90313227
171.56531412	-41.90401789
171.56502550	-41.90490351
171.56473686	-41.90578912
171.56444821	-41.90667474
171.56415956	-41.90756036
171.56387090	-41.90844597
171.56358223	-41.90933159
171.56329355	-41.91021720
171.56300486	-41.91110282
171.56271617	-41.91198843
171.56242746	-41.91287404
171.56213875	-41.91375965
171.56185003	-41.91464526
171.56156130	-41.91553087
171.56127257	-41.91641648
171.56098382	-41.91730209
171.56069507	-41.91818769
171.56040631	-41.91907330
171.56011754	-41.91995891
171.55982876	-41.92084451
171.55920452	-41.92162183
171.55858027	-41.92239914
171.55795601	-41.92317645
171.55733173	-41.92395376
171.55670744	-41.92473106
171.55608313	-41.92550836
171.55545880	-41.92628565
171.55483446	-41.92706295
171.55421010	-41.92784024
171.55358573	-41.92861752
171.55296134	-41.92939480
171.55233694	-41.93017208
171.55185736	-41.93095387
171.55137778	-41.93173567
171.55238112	-41.93251091
171.55338449	-41.93328615
171.55438788	-41.93406137
171.55479123	-41.93462601
171.55519458	-41.93519065
171.55517751	-41.93593642
171.55433521	-41.93636082
171.55349291	-41.93678521
171.55216116	-41.93676818
171.55214120	-41.93763824
171.55220020	-41.93869580
171.55225920	-41.93975337
171.55173552	-41.94080348
171.55121183	-41.94185358
171.55068669	-41.94296583
171.55016153	-41.94407808
171.55019513	-41.94503171
171.55022873	-41.94598535
171.55026233	-41.94693898
171.55039883	-41.94824620
171.55053534	-41.94955342
171.55012208	-41.95062566
171.54970880	-41.95169789
171.54929551	-41.95277013
171.54839220	-41.95342164
171.54748888	-41.95407315
171.54658553	-41.95472465
171.54652099	-41.95571846
171.54645644	-41.95671228
171.54639190	-41.95770609
171.54632734	-41.95869991
171.54626279	-41.95969373
171.54619823	-41.96068754
171.54613368	-41.96168136
171.54606911	-41.96267517
171.54558749	-41.96369471
171.54510585	-41.96471425
171.54462419	-41.96573379
171.54414252	-41.96675332
171.54380784	-41.96761933
171.54347314	-41.96848534
171.54313844	-41.96935134
171.54280373	-41.97021735
171.54246901	-41.97108335
171.54213428	-41.97194936
171.54179954	-41.97281536
171.54146479	-41.97368136
171.54113003	-41.97454736
171.54077388	-41.97553741
171.54041771	-41.97652747
171.54006154	-41.97751752
171.53970535	-41.97850757
171.53934915	-41.97949762
171.53899294	-41.98048766
171.53863672	-41.98147771
171.53861149	-41.98256528
171.53858627	-41.98365285
171.53856105	-41.98474042
171.53853582	-41.98582798
171.53801502	-41.98672710
171.53749421	-41.98762621
171.53697338	-41.98852531
171.53645253	-41.98942442
171.53593167	-41.99032352
171.53541080	-41.99122262
171.53488990	-41.99212171
171.53408750	-41.99283954
171.53328509	-41.99355737
171.53248265	-41.99427519
171.53168020	-41.99499301
171.53087772	-41.99571082
171.53007523	-41.99642862
171.52927272	-41.99714642
171.52975519	-41.99789867
171.53023767	-41.99865092
171.53030068	-41.99952206
171.53036370	-42.00039319
171.52929190	-42.00108381
171.52822008	-42.00177442
171.52714824	-42.00246501
171.52596431	-42.00319558
171.52478035	-42.00392614
171.52360657	-42.00422166
171.52243277	-42.00451717
171.52280023	-42.00543373
171.52316769	-42.00635028
171.52353517	-42.00726684
171.52485480	-42.00786425
171.52617445	-42.00846166
171.52749412	-42.00905905
171.52859452	-42.00952924
171.52969493	-42.00999942
171.53079536	-42.01046959
171.53077796	-42.01121535
171.53076056	-42.01196111
171.53041272	-42.01257825
171.53006488	-42.01319538
171.52881051	-42.01336558
171.52755614	-42.01353576
171.52720536	-42.01427718
171.52685456	-42.01501860
171.52767048	-42.01577521
171.52848642	-42.01653180
171.52922776	-42.01691443
171.52996910	-42.01729706
171.52899109	-42.01812358
171.52801306	-42.01895010
171.52703500	-42.01977661
171.52605691	-42.02060311
171.52476441	-42.02120792
171.52347188	-42.02181272
171.52217933	-42.02241750
171.52299602	-42.02314307
171.52381273	-42.02386863
171.52462945	-42.02459418
171.52544620	-42.02531972
171.52493153	-42.02593467
171.52441685	-42.02654962
171.52357751	-42.02678733
171.52273816	-42.02702504
171.52123490	-42.02712974
171.51973164	-42.02723442
171.51822837	-42.02733908
171.51725011	-42.02639378
171.51627188	-42.02544848
171.51551349	-42.02460967
171.51475513	-42.02377084
171.51399678	-42.02293202
171.51372620	-42.02379878
171.51345560	-42.02466554
171.51376845	-42.02553997
171.51408131	-42.02641439
171.51439417	-42.02728881
171.51487375	-42.02816543
171.51535334	-42.02904203
171.51583295	-42.02991864
171.51715932	-42.03024685
171.51848570	-42.03057505
171.51769013	-42.03131062
171.51689455	-42.03204618
171.51609895	-42.03278174
171.51497283	-42.03338862
171.51384668	-42.03399550
171.51272051	-42.03460236
171.51290780	-42.03373450
171.51309508	-42.03286665
171.51336865	-42.03187559
171.51364222	-42.03088454
171.51333522	-42.02976153
171.51300473	-42.02963286
171.51150434	-42.02961313
171.51090027	-42.03047550
171.51029617	-42.03133787
171.50961607	-42.03188840
171.50893595	-42.03243894
171.50817246	-42.03298836
171.50740896	-42.03353779
171.50614380	-42.03414275
171.50487862	-42.03474770
171.50368938	-42.03566446
171.50250012	-42.03658122
171.50197625	-42.03756893
171.50145238	-42.03855664
171.50159839	-42.03942889
171.50009480	-42.03953331
171.49924333	-42.04026801
171.49839184	-42.04100270
171.49769668	-42.04217462
171.49700150	-42.04334654
171.49681198	-42.04429723
171.49662245	-42.04524791
171.49643292	-42.04619860
171.49724738	-42.04701757
171.49806187	-42.04783653
171.49858380	-42.04868269
171.49910575	-42.04952885
171.49962771	-42.05037500
171.50014968	-42.05122115
171.49996512	-42.05196469
171.49880071	-42.05182492
171.49806213	-42.05131780
171.49732356	-42.05081068
171.49624553	-42.05054770
171.49516751	-42.05028471
171.49384431	-42.04981123
171.49252113	-42.04933773
171.49119798	-42.04886422
171.49092994	-42.04960664
171.49066190	-42.05034905
171.49030898	-42.05115249
171.48995605	-42.05195594
171.49129681	-42.05157743
171.49263757	-42.05119891
171.49311349	-42.05188680
171.49358943	-42.05257470
171.49455262	-42.05347878
171.49551584	-42.05438286
171.49662851	-42.05492192
171.49774120	-42.05546097
171.49885392	-42.05600001
171.50034589	-42.05636930
171.50183789	-42.05673858
171.50332990	-42.05710784
171.50452175	-42.05728087
171.50571360	-42.05745390
171.50576524	-42.05824099
171.50581689	-42.05902809
171.50510735	-42.05928086
171.50439781	-42.05953362
171.50304223	-42.05934094
171.50168666	-42.05914825
171.50033111	-42.05895554
171.49935148	-42.05873284
171.49794989	-42.05850454
171.49654830	-42.05827622
171.49649677	-42.05748912
171.49644525	-42.05670203
171.49589642	-42.05611803
171.49534760	-42.05553403
171.49458781	-42.05494722
171.49382803	-42.05436041
171.49256553	-42.05420380
171.49130304	-42.05404717
171.49004055	-42.05389053
171.48828117	-42.05391947
171.48652180	-42.05394839
171.48544800	-42.05472044
171.48437417	-42.05549248
171.48294994	-42.05620739
171.48152568	-42.05692228
171.48073434	-42.05764565
171.47994299	-42.05836901
171.47865804	-42.05913817
171.47737306	-42.05990730
171.47778235	-42.06043708
171.47819166	-42.06096687
171.47915602	-42.06181867
171.47984034	-42.06261428
171.48052467	-42.06340988
171.48099422	-42.06435988
171.48146378	-42.06530988
171.48193082	-42.06636470
171.48239788	-42.06741951
171.48365135	-42.06796059
171.48481358	-42.06839557
171.48597582	-42.06883055
171.48713808	-42.06926551
171.48761407	-42.06995343
171.48809008	-42.07064135
171.48848819	-42.07164279
171.48888631	-42.07264423
171.48915131	-42.07332933
171.48941632	-42.07401443
171.48879328	-42.07358669
171.48817025	-42.07315895
171.48732862	-42.07304285
171.48676837	-42.07293050
171.48590150	-42.07386261
171.48462767	-42.07416013
171.48365040	-42.07383248
171.48267314	-42.07350481
171.48198360	-42.07291886
171.48129408	-42.07233291
171.48031608	-42.07289341
171.47933805	-42.07345389
171.47836001	-42.07401437
171.47738195	-42.07457484
171.47640388	-42.07513530
171.47542578	-42.07569575
171.47444767	-42.07625619
171.47346955	-42.07681663
171.47249140	-42.07737705
171.47151324	-42.07793747
171.47053506	-42.07849788
171.46955686	-42.07905828
171.46857865	-42.07961867
171.46760041	-42.08017905
171.46662216	-42.08073942
171.46564390	-42.08129979
171.46466561	-42.08186015
171.46368731	-42.08242049
171.46270899	-42.08298083
171.46173066	-42.08354116
171.46075230	-42.08410148
171.45977393	-42.08466180
171.45879554	-42.08522210
171.45781714	-42.08578240
171.45683871	-42.08634268
171.45586027	-42.08690296
171.45488181	-42.08746323
171.45390334	-42.08802349
171.45292485	-42.08858375
171.45194634	-42.08914399
171.45096781	-42.08970423
171.44998926	-42.09026445
171.44901070	-42.09082467
171.44803212	-42.09138488
171.44718437	-42.09214219
171.44633660	-42.09289950
171.44548880	-42.09365680
171.44464099	-42.09441410
171.44379316	-42.09517139
171.44294530	-42.09592867
171.44209743	-42.09668594
171.44124953	-42.09744321
171.44040162	-42.09820048
171.43992140	-42.09911135
171.43944117	-42.10002222
171.43896093	-42.10093308
171.43848068	-42.10184395
171.43794944	-42.10282226
171.43741820	-42.10380058
171.43688693	-42.10477889
171.43635565	-42.10575719
171.43582436	-42.10673550
171.43525485	-42.10797378
171.43468532	-42.10921207
171.43570702	-42.10981653
171.43672873	-42.11042100
171.43776815	-42.11113165
171.43880760	-42.11184230
171.43984706	-42.11255293
171.43988772	-42.11337089
171.43992837	-42.11418886
171.43959756	-42.11522876
171.43926674	-42.11626866
171.43791857	-42.11652253
171.43713611	-42.11610303
171.43635366	-42.11568352
171.43532791	-42.11629183
171.43430214	-42.11690012
171.43327636	-42.11750841
171.43225055	-42.11811668
171.43122472	-42.11872495
171.43019887	-42.11933320
171.42917300	-42.11994145
171.42814711	-42.12054969
171.42799189	-42.12141001
171.42783665	-42.12227034
171.42696789	-42.12315392
171.42609909	-42.12403749
171.42492429	-42.12468460
171.42374946	-42.12533170
171.42257461	-42.12597878
171.42139973	-42.12662584
171.42014502	-42.12690321
171.41889029	-42.12718055
171.41763556	-42.12745789
171.41638081	-42.12773521
171.41512605	-42.12801251
171.41387129	-42.12828980
171.41261651	-42.12856708
171.41136172	-42.12884434
171.41010692	-42.12912159
171.40889572	-42.12943630
171.40768451	-42.12975099
171.40647329	-42.13006567
171.40526206	-42.13038034
171.40405081	-42.13069499
171.40283955	-42.13100963
171.40162828	-42.13132426
171.40041700	-42.13163888
171.39920571	-42.13195348
171.39799441	-42.13226807
171.39716491	-42.13294926
171.39633540	-42.13363045
171.39550586	-42.13431163
171.39467631	-42.13499281
171.39384674	-42.13567398
171.39301716	-42.13635514
171.39218755	-42.13703629
171.39135793	-42.13771744
171.39052829	-42.13839859
171.38991759	-42.13961728
171.38930686	-42.14083597
171.38882978	-42.14205656
171.38835267	-42.14327714
171.38768627	-42.14405826
171.38701985	-42.14483938
171.38635341	-42.14562049
171.38568696	-42.14640160
171.38502049	-42.14718270
171.38435400	-42.14796380
171.38368749	-42.14874490
171.38302097	-42.14952599
171.38235443	-42.15030708
171.38168788	-42.15108816
171.38102131	-42.15186924
171.38035472	-42.15265031
171.37960592	-42.15337230
171.37885711	-42.15409427
171.37810827	-42.15481624
171.37735942	-42.15553821
171.37661056	-42.15626017
171.37586167	-42.15698213
171.37511277	-42.15770408
171.37436385	-42.15842602
171.37361492	-42.15914796
171.37286596	-42.15986990
171.37211699	-42.16059183
171.37136801	-42.16131375
171.37111952	-42.16219509
171.37087103	-42.16307643
171.37062253	-42.16395777
171.37037402	-42.16483911
171.37012551	-42.16572045
171.36987698	-42.16660179
171.36962846	-42.16748313
171.36937992	-42.16836447
171.36889781	-42.16923634
171.36841569	-42.17010821
171.36793356	-42.17098007
171.36745142	-42.17185193
171.36696926	-42.17272380
171.36619247	-42.17356699
171.36541567	-42.17441018
171.36463884	-42.17525337
171.36386199	-42.17609655
171.36308513	-42.17693973
171.36301701	-42.17797623
171.36294890	-42.17901273
171.36288078	-42.18004924
171.36281266	-42.18108574
171.36229819	-42.18193270
171.36178371	-42.18277967
171.36126921	-42.18362662
171.36037403	-42.18438670
171.35947884	-42.18514676
171.35858362	-42.18590682
171.35765570	-42.18686983
171.35672776	-42.18783282
171.35607933	-42.18877546
171.35543089	-42.18971810
171.35478243	-42.19066073
171.35413395	-42.19160335
171.35348545	-42.19254597
171.35294777	-42.19337512
171.35241009	-42.19420426
171.35187238	-42.19503341
171.35133467	-42.19586255
171.35079694	-42.19669168
171.35025919	-42.19752082
171.34972143	-42.19834995
171.34917607	-42.19931846
171.34863070	-42.20028697
171.34808530	-42.20125548
171.34753989	-42.20222398
171.34699447	-42.20319249
171.34644902	-42.20416098
171.34582401	-42.20503338
171.34519899	-42.20590578
171.34457395	-42.20677817
171.34394889	-42.20765056
171.34332381	-42.20852295
171.34269872	-42.20939533
171.34207360	-42.21026771
171.34144847	-42.21114009
171.34082332	-42.21201246
171.34022785	-42.21279711
171.33963236	-42.21358176
171.33903686	-42.21436640
171.33844134	-42.21515104
171.33784581	-42.21593568
171.33725026	-42.21672031
171.33665348	-42.21755069
171.33605668	-42.21838108
171.33545987	-42.21921145
171.33486304	-42.22004183
171.33426620	-42.22087220
171.33366934	-42.22170257
171.33307246	-42.22253293
171.33247557	-42.22336329
171.33162876	-42.22432728
171.33078193	-42.22529127
171.32993508	-42.22625525
171.33020847	-42.22740961
171.33048187	-42.22856397
171.32986939	-42.22938402
171.32925689	-42.23020406
171.32902884	-42.23137116
171.32880078	-42.23253826
171.32877473	-42.23351326
171.32874867	-42.23448827
171.32872261	-42.23546327
171.32836984	-42.23638468
171.32801706	-42.23730609
171.32766818	-42.23808125
171.32731929	-42.23885641
171.32728668	-42.24007516
171.32725407	-42.24129392
171.32716629	-42.24212170
171.32707850	-42.24294948
171.32784756	-42.24364361
171.32757730	-42.24393224
171.32638065	-42.24449980
171.32629546	-42.24523008
171.32621027	-42.24596036
171.32591779	-42.24707773
171.32562530	-42.24819511
171.32619233	-42.24908134
171.32675939	-42.24996756
171.32791963	-42.25076501
171.32907989	-42.25156244
171.32972175	-42.25210837
171.33036362	-42.25265430
171.32957488	-42.25269144
171.32878613	-42.25272858
171.32793438	-42.25266723
171.32708263	-42.25260589
171.32629911	-42.25244800
171.32551559	-42.25229012
171.32476765	-42.25325444
171.32401968	-42.25421877
171.32360372	-42.25504169
171.32318775	-42.25586461
171.32289124	-42.25712823
171.32259472	-42.25839184
171.32187027	-42.25929147
171.32114581	-42.26019110
171.32042132	-42.26109072
171.31942182	-42.26163675
171.31842229	-42.26218276
171.31742276	-42.26272877
171.31642320	-42.26327476
171.31587976	-42.26394946
171.31533630	-42.26462415
171.31478626	-42.26554258
171.31423621	-42.26646102
171.31349844	-42.26703527
171.31276066	-42.26760952
171.31135993	-42.26841772
171.30995915	-42.26922591
171.30901649	-42.27008969
171.30906497	-42.27072442
171.30911345	-42.27135915
171.30837558	-42.27193337
171.30763770	-42.27250758
171.30690112	-42.27303303
171.30616454	-42.27355849
171.30562222	-42.27418438
171.30507989	-42.27481027
171.30414368	-42.27543026
171.30320747	-42.27605024
171.30228050	-42.27632897
171.30135354	-42.27660769
171.30017459	-42.27649247
171.29899566	-42.27637723
171.29860445	-42.27627381
171.29738545	-42.27625451
171.29616645	-42.27623520
171.29494745	-42.27621588
171.29372845	-42.27619654
171.29250946	-42.27617718
171.29129046	-42.27615782
171.29007146	-42.27613844
171.28885247	-42.27611905
171.28763348	-42.27609964
171.28641449	-42.27608023
171.28519550	-42.27606080
171.28397651	-42.27604135
171.28275752	-42.27602189
171.28153853	-42.27600242
171.28031955	-42.27598294
171.27910056	-42.27596344
171.27788158	-42.27594393
171.27666259	-42.27592441
171.27544361	-42.27590488
171.27422463	-42.27588533
171.27300565	-42.27586576
171.27178667	-42.27584619
171.27056769	-42.27582660
171.26934872	-42.27580700
171.26812974	-42.27578738
171.26691076	-42.27576776
171.26569179	-42.27574812
171.26447282	-42.27572846
171.26325385	-42.27570880
171.26203488	-42.27568912
171.26081590	-42.27566942
171.25959694	-42.27564972
171.25837797	-42.27563000
171.25715900	-42.27561026
171.25594004	-42.27559052
171.25472107	-42.27557076
171.25350211	-42.27555099
171.25228315	-42.27553120
171.25106419	-42.27551140
171.24984523	-42.27549159
171.24862627	-42.27547177
171.24740731	-42.27545193
171.24618835	-42.27543208
171.24496940	-42.27541222
171.24375044	-42.27539234
171.24253149	-42.27537245
171.24131253	-42.27535255
171.24009358	-42.27533263
171.23887463	-42.27531270
171.23765568	-42.27529276
171.23643673	-42.27527280
171.23521779	-42.27525283
171.23399884	-42.27523285
171.23277990	-42.27521286
171.23156095	-42.27519285
171.23034201	-42.27517283
171.22912307	-42.27515279
171.22790412	-42.27513274
171.22668518	-42.27511268
171.22546625	-42.27509261
171.22424731	-42.27507252
171.22302837	-42.27505242
171.22180944	-42.27503231
171.22059050	-42.27501218
171.21937157	-42.27499205
171.21815263	-42.27497189
171.21693370	-42.27495173
171.21571477	-42.27493155
171.21449584	-42.27491136
171.21327692	-42.27489115
171.21205799	-42.27487093
171.21083906	-42.27485070
171.20962014	-42.27483046
171.20840121	-42.27481020
171.20718229	-42.27478993
171.20596337	-42.27476965
171.20474445	-42.27474935
171.20352553	-42.27472904
171.20230661	-42.27470872
171.20108769	-42.27468838
171.19986878	-42.27466803
171.19864986	-42.27464767
171.19743095	-42.27462730
171.19621204	-42.27460691
171.19499313	-42.27458651
171.19377422	-42.27456610
171.19255531	-42.27454567
171.19133640	-42.27452524
171.19011749	-42.27450478
171.18889859	-42.27448432
171.18767969	-42.27446384
171.18646078	-42.27444335
171.18524188	-42.27442285
171.18402298	-42.27440233
171.18280408	-42.27438180
171.18158518	-42.27436125
171.18036628	-42.27434070
171.17914739	-42.27432013
171.17792849	-42.27429954
171.17670960	-42.27427895
171.17549070	-42.27425834
171.17427181	-42.27423772
171.17305292	-42.27421708
171.17183403	-42.27419643
171.17061514	-42.27417577
171.16939625	-42.27415509
171.16942207	-42.27325469
171.16944789	-42.27235428
171.16947370	-42.27145387
171.16949951	-42.27055347
171.16952533	-42.26965306
171.16955114	-42.26875265
171.16957695	-42.26785224
171.16960276	-42.26695184
171.16962857	-42.26605143
171.16965438	-42.26515102
171.16968018	-42.26425062
171.16970599	-42.26335021
171.16973179	-42.26244980
171.16975760	-42.26154940
171.16978340	-42.26064899
171.16980920	-42.25974858
171.16983500	-42.25884818
171.16986080	-42.25794777
171.16988660	-42.25704736
171.16991240	-42.25614696
171.16993819	-42.25524655
171.16996399	-42.25434614
171.16998978	-42.25344574
171.17001558	-42.25254533
171.17004137	-42.25164492
171.17006716	-42.25074452
171.17009295	-42.24984411
171.17011874	-42.24894370
171.17014453	-42.24804330
171.17017032	-42.24714289
171.17019610	-42.24624248
171.17022189	-42.24534208
171.17024767	-42.24444167
171.17027345	-42.24354126
171.17029924	-42.24264086
171.17032502	-42.24174045
171.17035080	-42.24084005
171.17037657	-42.23993964
171.17040235	-42.23903923
171.17042813	-42.23813883
171.17045390	-42.23723842
171.17047968	-42.23633802
171.17050545	-42.23543761
171.17053123	-42.23453720
171.17055700	-42.23363680
171.17058277	-42.23273639
171.17060854	-42.23183599
171.17063430	-42.23093558
171.17066007	-42.23003517
171.17068584	-42.22913477
171.17071160	-42.22823436
171.17073737	-42.22733396
171.17076313	-42.22643355
171.17078889	-42.22553315
171.17081465	-42.22463274
171.17084041	-42.22373233
171.17086617	-42.22283193
171.17089193	-42.22193152
171.17091769	-42.22103112
171.17094344	-42.22013071
171.17096920	-42.21923031
171.17099495	-42.21832990
171.17102071	-42.21742950
171.17104646	-42.21652909
171.17107221	-42.21562868
171.17109796	-42.21472828
171.17112370	-42.21382787
171.17114945	-42.21292747
171.17117520	-42.21202706
171.17120094	-42.21112666
171.17122669	-42.21022625
171.17125243	-42.20932585
171.17127817	-42.20842544
171.17130392	-42.20752504
171.17132966	-42.20662463
171.17135539	-42.20572423
171.17138113	-42.20482382
171.17140687	-42.20392342
171.17143261	-42.20302301
171.17145834	-42.20212261
171.17148407	-42.20122220
171.17150981	-42.20032180
171.17153554	-42.19942139
171.17156127	-42.19852099
171.17158700	-42.19762058
171.17161273	-42.19672018
171.17163845	-42.19581978
171.17166418	-42.19491937
171.17168991	-42.19401897
171.17171563	-42.19311857
171.17174135	-42.19221817
171.17176707	-42.19131776
171.17179280	-42.19041736
171.17181852	-42.18951696
171.17184423	-42.18861656
171.17186995	-42.18771615
171.17189567	-42.18681575
171.17192138	-42.18591535
171.17194710	-42.18501495
171.17197281	-42.18411454
171.17199852	-42.18321414
171.17202424	-42.18231374
171.17204995	-42.18141334
171.17207566	-42.18051293
171.17210136	-42.17961253
171.17212707	-42.17871213
171.17215278	-42.17781173
171.17217848	-42.17691132
171.17220419	-42.17601092
171.17222989	-42.17511052
171.17225559	-42.17421012
171.17228129	-42.17330972
171.17230699	-42.17240931
171.17233269	-42.17150891
171.17235839	-42.17060851
171.17238408	-42.16970811
171.17240978	-42.16880770
171.17243547	-42.16790730
171.17246117	-42.16700690
171.17248686	-42.16610650
171.17251255	-42.16520610
171.17253824	-42.16430570
171.17256393	-42.16340529
171.17258962	-42.16250489
171.17261531	-42.16160449
171.17264099	-42.16070409
171.17266668	-42.15980369
171.17269236	-42.15890329
171.17271805	-42.15800288
171.17274373	-42.15710248
171.17276941	-42.15620208
171.17279509	-42.15530168
171.17282077	-42.15440128
171.17284645	-42.15350088
171.17287212	-42.15260048
171.17289780	-42.15170008
171.17292347	-42.15079967
171.17294915	-42.14989927
171.17297482	-42.14899887
171.17300049	-42.14809847
171.17302616	-42.14719807
171.17305183	-42.14629767
171.17307750	-42.14539727
171.17310317	-42.14449687
171.17312883	-42.14359647
171.17315450	-42.14269606
171.17318016	-42.14179566
171.17320583	-42.14089526
171.17323149	-42.13999486
171.17325715	-42.13909446
171.17328281	-42.13819406
171.17330847	-42.13729366
171.17333413	-42.13639326
171.17335978	-42.13549286
171.17338544	-42.13459246
171.17341109	-42.13369206
171.17343674	-42.13279166
171.17346240	-42.13189126
171.17348805	-42.13099085
171.17351370	-42.13009045
171.17353935	-42.12919005
171.17356500	-42.12828965
171.17359064	-42.12738925
171.17361629	-42.12648885
171.17364194	-42.12558845
171.17366758	-42.12468805
171.17369322	-42.12378765
171.17371886	-42.12288725
171.17374451	-42.12198685
171.17377015	-42.12108645
171.17379578	-42.12018605
171.17382142	-42.11928565
171.17384706	-42.11838525
171.17387269	-42.11748485
171.17389833	-42.11658445
171.17392396	-42.11568405
171.17394959	-42.11478365
171.17397522	-42.11388325
171.17400086	-42.11298285
171.17402648	-42.11208245
171.17405211	-42.11118206
171.17407774	-42.11028166
171.17410337	-42.10938126
171.17412899	-42.10848086
171.17415461	-42.10758046
171.17418024	-42.10668006
171.17420586	-42.10577966
171.17423148	-42.10487926
171.17425710	-42.10397886
171.17428272	-42.10307846
171.17430834	-42.10217806
171.17433395	-42.10127766
171.17435957	-42.10037726
171.17438518	-42.09947686
171.17441079	-42.09857646
171.17443641	-42.09767607
171.17446202	-42.09677567
171.17448763	-42.09587527
171.17451323	-42.09497487
171.17453884	-42.09407447
171.17456445	-42.09317407
171.17459005	-42.09227367
171.17461565	-42.09137327
171.17464126	-42.09047288
171.17466686	-42.08957248
171.17469246	-42.08867208
171.17471806	-42.08777168
171.17474366	-42.08687128
171.17476925	-42.08597088
171.17479485	-42.08507049
171.17482045	-42.08417009
171.17484604	-42.08326969
171.17487163	-42.08236929
171.17489723	-42.08146889
171.17492282	-42.08056849
171.17494841	-42.07966810
171.17497400	-42.07876770
171.17499958	-42.07786730
171.17502517	-42.07696690
171.17505076	-42.07606650
171.17507634	-42.07516611
171.17510193	-42.07426571
171.17512751	-42.07336531
171.17515309	-42.07246491
171.17517867	-42.07156451
171.17520425	-42.07066412
171.17522983	-42.06976372
171.17525540	-42.06886332
171.17528098	-42.06796292
171.17530656	-42.06706253
171.17533213	-42.06616213
171.17535770	-42.06526173
171.17538327	-42.06436133
171.17540885	-42.06346094
171.17543442	-42.06256054
171.17545998	-42.06166014
171.17548555	-42.06075974
171.17551112	-42.05985935
171.17553668	-42.05895895
171.17556225	-42.05805855
171.17558781	-42.05715816
171.17561337	-42.05625776
171.17563894	-42.05535736
171.17566450	-42.05445696
171.17569005	-42.05355657
171.17571561	-42.05265617
171.17574117	-42.05175577
171.17576672	-42.05085538
171.17579228	-42.04995498
171.17581783	-42.04905458
171.17584339	-42.04815419
171.17586894	-42.04725379
171.17589449	-42.04635339
171.17592004	-42.04545300
171.17594559	-42.04455260
171.17597113	-42.04365220
171.17599668	-42.04275181
171.17602223	-42.04185141
171.17604777	-42.04095102
171.17607331	-42.04005062
171.17609885	-42.03915022
171.17612440	-42.03824983
171.17614994	-42.03734943
171.17617547	-42.03644904
171.17620101	-42.03554864
171.17622655	-42.03464824
171.17625208	-42.03374785
171.17627762	-42.03284745
171.17630315	-42.03194706
171.17632868	-42.03104666
171.17635422	-42.03014626
171.17637975	-42.02924587
171.17640528	-42.02834547
171.17643080	-42.02744508
171.17645633	-42.02654468
171.17648186	-42.02564429
171.17650738	-42.02474389
171.17653291	-42.02384350
171.17655843	-42.02294310
171.17658395	-42.02204270
171.17660947	-42.02114231
171.17663499	-42.02024191
171.17666051	-42.01934152
171.17668603	-42.01844112
171.17671154	-42.01754073
171.17673706	-42.01664033
171.17676257	-42.01573994
171.17678809	-42.01483954
171.17681360	-42.01393915
171.17683911	-42.01303875
171.17686462	-42.01213836
171.17689013	-42.01123796
171.17691563	-42.01033757
171.17694114	-42.00943717
171.17696665	-42.00853678
171.17699215	-42.00763639
171.17701765	-42.00673599
171.17704316	-42.00583560
171.17706866	-42.00493520
171.17709416	-42.00403481
171.17711966	-42.00313441
171.17714515	-42.00223402
171.17717065	-42.00133362
171.17719615	-42.00043323
171.17722164	-41.99953284
171.17724714	-41.99863244
171.17727263	-41.99773205
171.17729812	-41.99683165
171.17732361	-41.99593126
171.17734910	-41.99503087
171.17737459	-41.99413047
171.17740007	-41.99323008
171.17742556	-41.99232968
171.17745105	-41.99142929
171.17747653	-41.99052890
171.17750201	-41.98962850
171.17752749	-41.98872811
171.17755297	-41.98782772
171.17757845	-41.98692732
171.17760393	-41.98602693
171.17762941	-41.98512653
171.17765489	-41.98422614
171.17768036	-41.98332575
171.17770583	-41.98242535
171.17773131	-41.98152496
171.17775678	-41.98062457
171.17778225	-41.97972418
171.17780772	-41.97882378
171.17783319	-41.97792339
171.17785866	-41.97702300
171.17788412	-41.97612260
171.17790959	-41.97522221
171.17793505	-41.97432182
171.17796051	-41.97342142
171.17798598	-41.97252103
171.17801144	-41.97162064
171.17803690	-41.97072025
171.17806236	-41.96981985
171.17808781	-41.96891946
171.17811327	-41.96801907
171.17813873	-41.96711868
171.17816418	-41.96621828
171.17818964	-41.96531789
171.17821509	-41.96441750
171.17824054	-41.96351711
171.17826599	-41.96261672
171.17829144	-41.96171632
171.17831689	-41.96081593
171.17834233	-41.95991554
171.17836778	-41.95901515
171.17839322	-41.95811475
171.17841867	-41.95721436
171.17844411	-41.95631397
171.17846955	-41.95541358
171.17849499	-41.95451319
171.17852043	-41.95361280
171.17854587	-41.95271240
171.17857131	-41.95181201
171.17859674	-41.95091162
171.17862218	-41.95001123
171.17864761	-41.94911084
171.17867305	-41.94821045
171.17869848	-41.94731006
171.17872391	-41.94640966
171.17874934	-41.94550927
171.17877477	-41.94460888
171.17880020	-41.94370849
171.17882562	-41.94280810
171.17885105	-41.94190771
171.17887647	-41.94100732
171.17890190	-41.94010693
171.17892732	-41.93920654
171.17895274	-41.93830614
171.17897816	-41.93740575
171.17900358	-41.93650536
171.17902900	-41.93560497
171.17905441	-41.93470458
171.17907983	-41.93380419
171.17910524	-41.93290380
171.17913065	-41.93200341
171.17915607	-41.93110302
171.17918148	-41.93020263
171.17920689	-41.92930224
171.17923230	-41.92840185
171.17925771	-41.92750146
171.17928311	-41.92660107
171.17930852	-41.92570068
171.17933392	-41.92480029
171.17935933	-41.92389990
171.17938473	-41.92299951
171.17941013	-41.92209912
171.17943553	-41.92119873
171.17946093	-41.92029834
171.17948633	-41.91939795
171.17951173	-41.91849756
171.17953712	-41.91759717
171.17956252	-41.91669678
171.17958791	-41.91579639
171.17961330	-41.91489600
171.17963870	-41.91399561
171.17966409	-41.91309522
171.17968948	-41.91219483
171.17971486	-41.91129445
171.17974025	-41.91039406
171.17976564	-41.90949367
171.17979102	-41.90859328
171.17981641	-41.90769289
171.17984179	-41.90679250
171.17986717	-41.90589211
171.17989255	-41.90499172
171.17991793	-41.90409133
171.17994331	-41.90319095
171.17996869	-41.90229056
171.17999406	-41.90139017
171.18001944	-41.90048978
171.18004481	-41.89958939
171.18007019	-41.89868900
171.18009556	-41.89778861
171.18012093	-41.89688823
171.18014630	-41.89598784
171.18017167	-41.89508745
171.18019704	-41.89418706
171.18022240	-41.89328668
171.18024777	-41.89238629
171.18027313	-41.89148590
171.18029850	-41.89058551
171.18032386	-41.88968513
171.18034922	-41.88878474
171.18037458	-41.88788435
171.18039994	-41.88698396
171.18042530	-41.88608358
171.18045065	-41.88518319
171.18047601	-41.88428280
171.18050136	-41.88338242
171.18052672	-41.88248203
171.18055207	-41.88158164
171.18057742	-41.88068126
171.18060277	-41.87978087
171.18062812	-41.87888048
171.18065347	-41.87798010
171.18067881	-41.87707971
171.18070416	-41.87617932
171.18072950	-41.87527894
171.18075485	-41.87437855
171.18078019	-41.87347816
171.18080553	-41.87257778
171.18083087	-41.87167739
171.18085621	-41.87077700
171.18088155	-41.86987662
171.18090689	-41.86897623
171.18093222	-41.86807585
171.18095756	-41.86717546
171.18098289	-41.86627507
171.18100822	-41.86537469
171.18103355	-41.86447430
171.18105888	-41.86357392
171.18108421	-41.86267353
171.18110954	-41.86177315
171.18113487	-41.86087276
171.18116019	-41.85997237
171.18118552	-41.85907199
171.18121084	-41.85817160
171.18123617	-41.85727122
171.18126149	-41.85637083
171.18128681	-41.85547045
171.18131213	-41.85457006
171.18133745	-41.85366968
171.18136276	-41.85276929
171.18138808	-41.85186891
171.18141339	-41.85096852
171.18143871	-41.85006814
171.18146402	-41.84916775
171.18148933	-41.84826737
171.18151464	-41.84736698
171.18153995	-41.84646660
171.18156526	-41.84556621
171.18159057	-41.84466583
171.18161587	-41.84376545
171.18164118	-41.84286506
171.18166648	-41.84196468
171.18169178	-41.84106429
171.18171709	-41.84016391
171.18174239	-41.83926353
171.18176769	-41.83836314
171.18179298	-41.83746276
171.18181828	-41.83656237
171.18184358	-41.83566199
171.18186887	-41.83476161
171.18189417	-41.83386122
171.18191946	-41.83296084
171.18194475	-41.83206045
171.18197004	-41.83116007
171.18199533	-41.83025969
171.18202062	-41.82935930
171.18204591	-41.82845892
171.18207119	-41.82755854
171.18209648	-41.82665815
171.18212176	-41.82575777
171.18214705	-41.82485739
171.18217233	-41.82395700
171.18219761	-41.82305662
171.18222289	-41.82215624
171.18224817	-41.82125586
171.18227345	-41.82035547
171.18229872	-41.81945509
171.18232400	-41.81855471
171.18234927	-41.81765433
171.18237454	-41.81675394
171.18239982	-41.81585356
171.18242509	-41.81495318
171.18245036	-41.81405279
171.18247563	-41.81315241
171.18250089	-41.81225203
171.18252616	-41.81135165
171.18255142	-41.81045127
171.18257669	-41.80955088
171.18260195	-41.80865050
171.18262721	-41.80775012
171.18265247	-41.80684974
171.18267773	-41.80594936
171.18270299	-41.80504897
171.18272825	-41.80414859
171.18275351	-41.80324821
171.18277876	-41.80234783
171.18280402	-41.80144745
171.18282927	-41.80054707
171.18285452	-41.79964669
171.18287977	-41.79874630
171.18290502	-41.79784592
171.18293027	-41.79694554
171.18295552	-41.79604516
171.18298076	-41.79514478
171.18300601	-41.79424440
171.18303125	-41.79334402
171.18305650	-41.79244364
171.18308174	-41.79154326
171.18310698	-41.79064288
171.18313222	-41.78974250
171.18315746	-41.78884212
171.18318269	-41.78794174
171.18320793	-41.78704136
171.18323316	-41.78614098
171.18325840	-41.78524060
171.18328363	-41.78434022
171.18330886	-41.78343984
171.18333409	-41.78253946
171.18335932	-41.78163908
171.18338455	-41.78073870
171.18340978	-41.77983832
171.18343501	-41.77893794
171.18346023	-41.77803756
171.18348545	-41.77713718
171.18351068	-41.77623680
171.18353590	-41.77533642
171.18356112	-41.77443604
171.18358634	-41.77353566
171.18361156	-41.77263528
171.18363677	-41.77173491
171.18366199	-41.77083453
171.18368721	-41.76993415
171.18371242	-41.76903377
171.18373763	-41.76813339
171.18376284	-41.76723301
171.18378805	-41.76633263
171.18381326	-41.76543225
171.18383847	-41.76453188
171.18386368	-41.76363150
171.18388889	-41.76273112
171.18391409	-41.76183074
171.18393930	-41.76093036
171.18396450	-41.76002998
171.18398970	-41.75912961
171.18401490	-41.75822923
171.18404010	-41.75732885
171.18406530	-41.75642847
171.18409050	-41.75552809
171.18411569	-41.75462772
171.18414089	-41.75372734
171.18416608	-41.75282696
171.18419127	-41.75192658
171.18421647	-41.75102621
171.18424166	-41.75012583
171.18426685	-41.74922545
171.18429203	-41.74832507
171.18431722	-41.74742470
171.18434241	-41.74652432
171.18436759	-41.74562394
171.18439278	-41.74472357
171.18441796	-41.74382319
171.18444314	-41.74292281
171.18446832	-41.74202244
171.18449350	-41.74112206
171.18451868	-41.74022168
171.18454385	-41.73932131
171.18456903	-41.73842093
171.18459420	-41.73752055
171.18461938	-41.73662018
171.18464455	-41.73571980
171.18466972	-41.73481942
171.18469489	-41.73391905
171.18472006	-41.73301867
171.18474523	-41.73211829
171.18477040	-41.73121792
171.18479556	-41.73031754
171.18482073	-41.72941717
171.18484589	-41.72851679
171.18487105	-41.72761642
171.18489621	-41.72671604
171.18492137	-41.72581566
171.18494653	-41.72491529
171.18497169	-41.72401491
171.18499685	-41.72311454
171.18502200	-41.72221416
171.18504716	-41.72131379
171.18507231	-41.72041341
171.18509747	-41.71951304
171.18512262	-41.71861266
171.18514777	-41.71771229
171.18517292	-41.71681191
171.18519806	-41.71591154
171.18522321	-41.71501116
171.18524836	-41.71411079
171.18527350	-41.71321041
171.18529864	-41.71231004
171.18532379	-41.71140966
171.18534893	-41.71050929
171.18537407	-41.70960892
171.18539921	-41.70870854
171.18542435	-41.70780817
171.18544948	-41.70690779
171.18547462	-41.70600742
171.18549975	-41.70510704
171.18552489	-41.70420667
171.18555002	-41.70330630
171.18557515	-41.70240592
171.18560028	-41.70150555
171.18562541	-41.70060518
171.18565054	-41.69970480
171.18567566	-41.69880443
171.18570079	-41.69790406
171.18572591	-41.69700368
171.18575103	-41.69610331
171.18577616	-41.69520294
171.18580128	-41.69430257
171.18582640	-41.69340219
171.18585151	-41.69250182
171.18587663	-41.69160145
171.18590174	-41.69070108
171.18592686	-41.68980071
171.18595197	-41.68890034
171.18597709	-41.68799996
171.18600220	-41.68709959
171.18602731	-41.68619922
171.18605242	-41.68529885
171.18607752	-41.68439848
171.18610263	-41.68349811
171.18612774	-41.68259774
171.18615284	-41.68169737
171.18617794	-41.68079699
171.18620305	-41.67989662
171.18622815	-41.67899625
171.18625325	-41.67809588
171.18627835	-41.67719551
171.18630344	-41.67629514
171.18632854	-41.67539477
171.18635364	-41.67449440
171.18637873	-41.67359403
171.18640382	-41.67269366
171.18642892	-41.67179329
171.18645401	-41.67089292
171.18647910	-41.66999255
171.18650419	-41.66909218
171.18652927	-41.66819181
171.18655436	-41.66729144
171.18657945	-41.66639107
171.18660453	-41.66549070
171.18662961	-41.66459033
171.18665470	-41.66368996
171.18667978	-41.66278959
171.18670486	-41.66188922
171.18672994	-41.66098885
171.18675501	-41.66008848
171.18678009	-41.65918811
171.18680516	-41.65828774
171.18683024	-41.65738737
171.18685531	-41.65648700
171.18688038	-41.65558664
171.18690545	-41.65468627
171.18693052	-41.65378590
171.18695559	-41.65288553
171.18698066	-41.65198516
171.18700572	-41.65108479
171.18703079	-41.65018442
171.18705585	-41.64928406
171.18708092	-41.64838369
171.18710598	-41.64748332
171.18713104	-41.64658295
171.18715610	-41.64568258
171.18718116	-41.64478221
171.18720621	-41.64388185
171.18723127	-41.64298148
171.18725632	-41.64208111
171.18728138	-41.64118074
171.18730643	-41.64028038
171.18733148	-41.63938001
171.18735653	-41.63847964
171.18738158	-41.63757927
171.18740663	-41.63667891
171.18743168	-41.63577854
171.18745672	-41.63487817
171.18748177	-41.63397780
171.18750681	-41.63307744
171.18753185	-41.63217707
171.18755689	-41.63127670
171.18758194	-41.63037634
171.18760697	-41.62947597
171.18763201	-41.62857560
171.18765705	-41.62767524
171.18768208	-41.62677487
171.18770712	-41.62587450
171.18773215	-41.62497414
171.18775718	-41.62407377
171.18778222	-41.62317340
171.18780725	-41.62227304
171.18783227	-41.62137267
171.18785730	-41.62047230
171.18788233	-41.61957194
171.18790735	-41.61867157
171.18793238	-41.61777121
171.18795740	-41.61687084
171.18798242	-41.61597048
171.18800744	-41.61507011
171.18803246	-41.61416974
171.18805748	-41.61326938
171.18808250	-41.61236901
171.18810751	-41.61146865
171.18813253	-41.61056828
171.18815754	-41.60966792
171.18818256	-41.60876755
171.18820757	-41.60786719
171.18823258	-41.60696682
171.18825759	-41.60606646
171.18828260	-41.60516609
171.18830760	-41.60426573
171.18833261	-41.60336536
171.18835761	-41.60246500
171.18838262	-41.60156463
171.18840762	-41.60066427
171.18843262	-41.59976391
171.18845762	-41.59886354
171.18848262	-41.59796318
171.18850761	-41.59706282
171.18853261	-41.59616245
171.18855760	-41.59526209
171.18858259	-41.59436172
171.18860759	-41.59346136
171.18863258	-41.59256100
171.18865757	-41.59166063
171.18868255	-41.59076027
171.18870754	-41.58985991
171.18873253	-41.58895954
171.18875751	-41.58805918
171.18878250	-41.58715882
171.18880748	-41.58625846
171.18883246	-41.58535809
171.18885744	-41.58445773
171.19005723	-41.58448551
171.19125702	-41.58451328
171.19245681	-41.58454104
171.19365661	-41.58456879
171.19485640	-41.58459652
171.19605620	-41.58462424
171.19725600	-41.58465195
171.19845580	-41.58467964
171.19965560	-41.58470732
171.20085540	-41.58473499
171.20205521	-41.58476265
171.20325501	-41.58479029
171.20445482	-41.58481792
171.20565463	-41.58484554
171.20685444	-41.58487314
171.20805425	-41.58490073
171.20925407	-41.58492831
171.21045388	-41.58495588
171.21165370	-41.58498343
171.21285352	-41.58501098
171.21405334	-41.58503850
171.21525316	-41.58506602
171.21645298	-41.58509352
171.21765281	-41.58512101
171.21885263	-41.58514849
171.22005246	-41.58517595
171.22125229	-41.58520341
171.22245212	-41.58523085
171.22365195	-41.58525827
171.22485178	-41.58528569
171.22605161	-41.58531309
171.22725145	-41.58534047
171.22845129	-41.58536785
171.22965113	-41.58539521
171.23085097	-41.58542256
171.23205081	-41.58544990
171.23325065	-41.58547722
171.23445050	-41.58550454
171.23565034	-41.58553184
171.23685019	-41.58555912
171.23805004	-41.58558639
171.23924989	-41.58561366
171.24044974	-41.58564090
171.24164959	-41.58566814
171.24284945	-41.58569536
171.24404930	-41.58572257
171.24524916	-41.58574977
171.24644902	-41.58577695
171.24764888	-41.58580413
171.24884874	-41.58583128
171.25004861	-41.58585843
171.25124847	-41.58588556
171.25244834	-41.58591268
171.25364821	-41.58593979
171.25484807	-41.58596689
171.25604794	-41.58599397
171.25724782	-41.58602104
171.25844769	-41.58604810
171.25964757	-41.58607514
171.26084744	-41.58610217
171.26204732	-41.58612919
171.26324720	-41.58615620
171.26444708	-41.58618319
171.26564696	-41.58621017
171.26684685	-41.58623714
171.26804673	-41.58626410
171.26924662	-41.58629104
171.27044651	-41.58631797
171.27164639	-41.58634489
171.27284629	-41.58637179
171.27404618	-41.58639868
171.27524607	-41.58642556
171.27644597	-41.58645243
171.27764586	-41.58647928
171.27884576	-41.58650612
171.28004566	-41.58653295
171.28124556	-41.58655977
171.28244546	-41.58658657
171.28364537	-41.58661336
171.28484527	-41.58664014
171.28604518	-41.58666690
171.28724509	-41.58669365
171.28844500	-41.58672039
171.28964491	-41.58674712
171.29084482	-41.58677383
171.29204473	-41.58680053
171.29324465	-41.58682722
171.29444456	-41.58685389
171.29564448	-41.58688056
171.29684440	-41.58690721
171.29804432	-41.58693384
171.29924425	-41.58696047
171.30044417	-41.58698708
171.30164409	-41.58701368
171.30284402	-41.58704026
171.30404395	-41.58706684
171.30524388	-41.58709340
171.30644381	-41.58711995
171.30764374	-41.58714648
171.30884367	-41.58717300
171.31004361	-41.58719952
171.31124354	-41.58722601
171.31244348	-41.58725250
171.31364342	-41.58727897
171.31484336	-41.58730543
171.31604330	-41.58733187
171.31724325	-41.58735831
171.31844319	-41.58738473
171.31964314	-41.58741114
171.32084309	-41.58743753
171.32204304	-41.58746391
171.32324299	-41.58749028
171.32444294	-41.58751664
171.32564289	-41.58754299
171.32684285	-41.58756932
171.32804280	-41.58759564
171.32924276	-41.58762194
171.33044272	-41.58764824
171.33164268	-41.58767452
171.33284264	-41.58770078
171.33404260	-41.58772704
171.33524257	-41.58775328
171.33644253	-41.58777951
171.33764250	-41.58780573
171.33884247	-41.58783193
171.34004244	-41.58785813
171.34124241	-41.58788430
171.34244239	-41.58791047
171.34364236	-41.58793662
171.34484233	-41.58796277
171.34604231	-41.58798889
171.34724229	-41.58801501
171.34844227	-41.58804111
171.34964225	-41.58806720
171.35084223	-41.58809328
171.35204222	-41.58811934
171.35324220	-41.58814540
171.35444219	-41.58817143
171.35564218	-41.58819746
171.35684217	-41.58822347
171.35804216	-41.58824948
171.35924215	-41.58827546
171.36044214	-41.58830144
171.36164214	-41.58832740
171.36284214	-41.58835335
171.36404213	-41.58837929
171.36524213	-41.58840521
171.36644213	-41.58843112
171.36764213	-41.58845702
171.36884214	-41.58848291
171.37004214	-41.58850878
171.37124215	-41.58853464
171.37244216	-41.58856049
171.37364217	-41.58858633
171.37484218	-41.58861215
171.37604219	-41.58863796
171.37724220	-41.58866376
171.37844221	-41.58868954
171.37964223	-41.58871532
171.38084225	-41.58874107
171.38204227	-41.58876682
171.38324229	-41.58879255
171.38444231	-41.58881828
171.38564233	-41.58884398
171.38684235	-41.58886968
171.38804238	-41.58889536
171.38924241	-41.58892103
171.39044243	-41.58894669
171.39164246	-41.58897233
171.39284249	-41.58899797
171.39404253	-41.58902359
171.39524256	-41.58904919
171.39644259	-41.58907479
171.39764263	-41.58910037
171.39884267	-41.58912593
171.40004271	-41.58915149
171.40124275	-41.58917703
171.40244279	-41.58920257
171.40364283	-41.58922808
171.40484288	-41.58925359
171.40604292	-41.58927908
171.40724297	-41.58930456
171.40844302	-41.58933003
171.40964307	-41.58935549
171.41084312	-41.58938093
171.41204317	-41.58940636
171.41324323	-41.58943177
171.41444328	-41.58945718
171.41564334	-41.58948257
171.41684340	-41.58950795
171.41804345	-41.58953331
171.41924352	-41.58955867
171.42044358	-41.58958401
171.42164364	-41.58960934
171.42284371	-41.58963465
171.42404377	-41.58965995
171.42524384	-41.58968524
171.42644391	-41.58971052
171.42764398	-41.58973578
171.42884405	-41.58976104
171.43004412	-41.58978628
171.43124420	-41.58981150
171.43244427	-41.58983671
171.43364435	-41.58986192
171.43484443	-41.58988710
171.43604451	-41.58991228
171.43724459	-41.58993744
171.43844467	-41.58996259
171.43964475	-41.58998773
171.44084484	-41.59001285
171.44204492	-41.59003796
171.44324501	-41.59006306
171.44444510	-41.59008815
171.44564519	-41.59011322
171.44684528	-41.59013828
171.44804537	-41.59016333
171.44924547	-41.59018837
171.45044556	-41.59021339
171.45164566	-41.59023840
171.45284576	-41.59026340
171.45404586	-41.59028838
171.45524596	-41.59031335
171.45644606	-41.59033831
171.45764616	-41.59036326
171.45884627	-41.59038819
171.46004637	-41.59041311
171.46124648	-41.59043802
171.46244659	-41.59046292
171.46364670	-41.59048780
171.46484681	-41.59051267
171.46604693	-41.59053753
171.46724704	-41.59056237
171.46844715	-41.59058720
171.46964727	-41.59061202
171.47084739	-41.59063683
171.47204751	-41.59066162
171.47324763	-41.59068640
171.47444775	-41.59071117
171.47564787	-41.59073593
171.47684800	-41.59076067
171.47804812	-41.59078540
171.47924825	-41.59081012
171.48044838	-41.59083482
171.48164851	-41.59085951
171.48284864	-41.59088419
171.48404877	-41.59090886
171.48524891	-41.59093351
171.48644904	-41.59095816
171.48764918	-41.59098278
171.48884932	-41.59100740
171.49004946	-41.59103200
171.49124960	-41.59105659
171.49244974	-41.59108117
171.49364988	-41.59110574
171.49485003	-41.59113029
171.49605017	-41.59115483
171.49725032	-41.59117935
171.49845046	-41.59120387
171.49965061	-41.59122837
171.50085077	-41.59125286
171.50205092	-41.59127734
171.50325107	-41.59130180
171.50445123	-41.59132625
171.50565138	-41.59135069
171.50685154	-41.59137512
171.50805170	-41.59139953
171.50925186	-41.59142393
171.51045202	-41.59144832
171.51165218	-41.59147269
171.51285234	-41.59149706
171.51405251	-41.59152141
171.51525268	-41.59154574
171.51645284	-41.59157007
171.51765301	-41.59159438
171.51885318	-41.59161868
171.52005335	-41.59164296
171.52125353	-41.59166724
171.52245370	-41.59169150
171.52365388	-41.59171575
171.52485405	-41.59173998
171.52605423	-41.59176420
171.52725441	-41.59178841
171.52845459	-41.59181261
171.52965477	-41.59183679
171.53085496	-41.59186097
171.53205514	-41.59188513
171.53325533	-41.59190927
171.53445551	-41.59193341
171.53565570	-41.59195753
171.53685589	-41.59198163
171.53805608	-41.59200573
171.53925627	-41.59202981
171.54045647	-41.59205388
171.54165666	-41.59207794
171.54285686	-41.59210199
171.54405706	-41.59212602
171.54525725	-41.59215004
171.54645745	-41.59217404
171.54765766	-41.59219804
171.54885786	-41.59222202
171.55005806	-41.59224599
171.55125827	-41.59226994
171.55245847	-41.59229389
171.55365868	-41.59231782
171.55485889	-41.59234173
171.55605910	-41.59236564
171.55725931	-41.59238953
171.55845952	-41.59241341
171.55965974	-41.59243728
171.56085995	-41.59246113
171.56206017	-41.59248497
171.56326039	-41.59250880
171.56446061	-41.59253262
171.56566083	-41.59255642
171.56686105	-41.59258021
171.56806127	-41.59260399
171.56926150	-41.59262775
171.57046172	-41.59265151
171.57166195	-41.59267525
171.57286218	-41.59269897
171.57406240	-41.59272269
171.57526263	-41.59274639
171.57646287	-41.59277008
171.57766310	-41.59279376
171.57886333	-41.59281742
171.58006357	-41.59284107
171.58126381	-41.59286471
171.58246404	-41.59288833
171.58366428	-41.59291195
171.58486452	-41.59293555
171.58606476	-41.59295913
171.58726501	-41.59298271
171.58846525	-41.59300627
171.58966550	-41.59302982
171.59086574	-41.59305336
171.59206599	-41.59307688
171.59326624	-41.59310039
171.59446649	-41.59312389
171.59566674	-41.59314738
171.59686700	-41.59317085
171.59806725	-41.59319431
171.59926751	-41.59321776
171.60046776	-41.59324119
171.60166802	-41.59326462
171.60286828	-41.59328803
171.60406854	-41.59331142
171.60526880	-41.59333481
171.60646906	-41.59335818
171.60766933	-41.59338154
171.60886959	-41.59340489
171.61006986	-41.59342822
171.61127013	-41.59345154
171.61247040	-41.59347485
171.61367067	-41.59349815
171.61487094	-41.59352143
171.61607121	-41.59354470
171.61727148	-41.59356796
171.61847176	-41.59359120
171.61967204	-41.59361444
171.62087231	-41.59363766
171.62207259	-41.59366086
171.62327287	-41.59368406
171.62447315	-41.59370724
171.62567344	-41.59373041
171.62687372	-41.59375356
171.62807400	-41.59377671
171.62927429	-41.59379984
171.63047458	-41.59382296
171.63167487	-41.59384606
171.63287516	-41.59386916
171.63407545	-41.59389224
171.63527574	-41.59391530
171.63647603	-41.59393836
171.63767633	-41.59396140
171.63887662	-41.59398443
171.64007692	-41.59400745
171.64127722	-41.59403045
171.64247752	-41.59405344
171.64367782	-41.59407642
171.64487812	-41.59409938
171.64607843	-41.59412234
171.64727873	-41.59414528
171.64847904	-41.59416821
171.64967934	-41.59419112
171.65087965	-41.59421402
171.65207996	-41.59423691
171.65328027	-41.59425979
171.65448058	-41.59428265
171.65568090	-41.59430551
171.65688121	-41.59432834
171.65808153	-41.59435117
171.65928184	-41.59437398
171.66048216	-41.59439678
171.66168248	-41.59441957
171.66288280	-41.59444235
171.66408312	-41.59446511
171.66528344	-41.59448786
171.66648377	-41.59451060
171.66768409	-41.59453332
171.66888442	-41.59455603
171.67008475	-41.59457873
171.67128508	-41.59460142
171.67248541	-41.59462409
171.67368574	-41.59464675
171.67488607	-41.59466940
171.67608640	-41.59469204
171.67728674	-41.59471466
171.67848707	-41.59473727
171.67968741	-41.59475987
171.68088775	-41.59478245
171.68208809	-41.59480503
171.68328843	-41.59482759
171.68448877	-41.59485013
171.68568912	-41.59487267
171.68688946	-41.59489519
171.68808981	-41.59491770
171.68929015	-41.59494019
171.69049050	-41.59496268
171.69169085	-41.59498515
171.69289120	-41.59500760
171.69409155	-41.59503005
171.69529190	-41.59505248
171.69649226	-41.59507490
171.69769261	-41.59509731
171.69889297	-41.59511970
171.70009333	-41.59514209
171.70129368	-41.59516446
171.70249404	-41.59518682
171.70369440	-41.59520916
171.70489476	-41.59523149
171.70609513	-41.59525381
171.70729549	-41.59527612
171.70849586	-41.59529842
171.70969622	-41.59532070
171.71089659	-41.59534297
171.71209696	-41.59536522
171.71329733	-41.59538747
171.71449770	-41.59540970
171.71569807	-41.59543192
171.71689844	-41.59545412
171.71809882	-41.59547632
171.71929919	-41.59549850
171.72049957	-41.59552067
171.72169995	-41.59554282
171.72290033	-41.59556496
171.72410071	-41.59558709
171.72530109	-41.59560921
171.72650147	-41.59563132
171.72770186	-41.59565341
171.72890224	-41.59567549
171.73010263	-41.59569755
171.73130301	-41.59571961
171.73250340	-41.59574165
171.73370379	-41.59576368
171.73490418	-41.59578569
171.73610457	-41.59580769
171.73730497	-41.59582968
171.73850536	-41.59585166
171.73970576	-41.59587363
171.74090615	-41.59589558
171.74210655	-41.59591752
171.74330695	-41.59593944
171.74450735	-41.59596136
171.74570775	-41.59598326
171.74690815	-41.59600515
171.74810856	-41.59602702
171.74930896	-41.59604889
171.75050937	-41.59607074
171.75170978	-41.59609258
171.75291018	-41.59611440
171.75411059	-41.59613621
171.75531100	-41.59615801
171.75651142	-41.59617980
171.75771183	-41.59620158
171.75891224	-41.59622334
171.76011266	-41.59624509
171.76131307	-41.59626682
171.76251349	-41.59628855
171.76371391	-41.59631026
171.76491433	-41.59633196
171.76611475	-41.59635364
171.76731517	-41.59637532
171.76851560	-41.59639698
171.76971602	-41.59641862
171.77091645	-41.59644026
171.77211687	-41.59646188
171.77331730	-41.59648349
171.77451773	-41.59650509
171.77571816	-41.59652667
171.77691859	-41.59654824
171.77811902	-41.59656980
171.77931946	-41.59659135
171.78051989	-41.59661288
171.78172033	-41.59663440
171.78292076	-41.59665591
171.78412120	-41.59667740
171.78532164	-41.59669889
171.78652208	-41.59672036
171.78772252	-41.59674182
171.78892296	-41.59676326
171.79012341	-41.59678469
171.79132385	-41.59680611
171.79252430	-41.59682752
171.79372475	-41.59684891
171.79492519	-41.59687029
171.79612564	-41.59689166
171.79732609	-41.59691302
171.79852655	-41.59693436
171.79972700	-41.59695569
171.80092745	-41.59697701
171.80212791	-41.59699831
171.80332836	-41.59701961
171.80452882	-41.59704089
171.80572928	-41.59706215
171.80692974	-41.59708341
171.80813020	-41.59710465
171.80933066	-41.59712588
171.81053112	-41.59714709
171.81173159	-41.59716830
171.81293205	-41.59718949
171.81413252	-41.59721067
171.81533299	-41.59723183
171.81653346	-41.59725298
171.81773392	-41.59727413
171.81893440	-41.59729525
171.82013487	-41.59731637
171.82133534	-41.59733747
171.82253581	-41.59735856
171.82373629	-41.59737964
171.82493677	-41.59740070
171.82613724	-41.59742175
171.82733772	-41.59744279
171.82853820	-41.59746382
171.82973868	-41.59748483
171.83093916	-41.59750583
171.83213965	-41.59752682
171.83334013	-41.59754779
171.83454062	-41.59756876
171.83574110	-41.59758971
171.83694159	-41.59761064
171.83814208	-41.59763157
171.83934257	-41.59765248
171.84054306	-41.59767338
171.84174355	-41.59769427
171.84294404	-41.59771514
171.84414454	-41.59773600
171.84534503	-41.59775685
171.84654553	-41.59777769
171.84774603	-41.59779851
171.84894653	-41.59781932
171.85014702	-41.59784012
171.85134753	-41.59786090
171.85254803	-41.59788167
171.85374853	-41.59790243
171.85494904	-41.59792318
171.85614954	-41.59794392
171.85735005	-41.59796464
171.85855056	-41.59798535
171.85975106	-41.59800604
171.86095157	-41.59802673
171.86215209	-41.59804740
171.86335260	-41.59806806
171.86455311	-41.59808870
171.86575362	-41.59810934
171.86695414	-41.59812996
171.86815466	-41.59815056
171.86935517	-41.59817116
171.87055569	-41.59819174
171.87175429	-41.59822328
171.87295289	-41.59825480
171.87415150	-41.59828631
171.87535010	-41.59831781
171.87654871	-41.59834930
171.87774732	-41.59838077
171.87894593	-41.59841223
171.88014454	-41.59844368
171.88134315	-41.59847511
171.88254177	-41.59850653
171.88374038	-41.59853794
171.88493900	-41.59856934
