169.4797587	-45.04172434	
169.4804985	-45.04138952	
169.4827699	-45.04122473	
169.4833066	-45.0406765	
169.4825902	-45.03942342	
169.4825552	-45.03880664	
169.4831042	-45.03805354	
169.4854366	-45.03755946	
169.4883756	-45.03775065	
169.4893966	-45.03752485	
169.4913501	-45.03614696	
169.4943288	-45.03567216	
169.4955625	-45.03309241	
169.4964275	-45.0330671	
169.4970555	-45.03339384	
169.4972969	-45.03417075	
169.4993647	-45.03448942	
169.5019123	-45.03400147	
169.5073405	-45.03226575	
169.5089007	-45.0314402	
169.5094309	-45.03099429	
169.5090932	-45.030625	
169.5094828	-45.03012357	
169.5118482	-45.02906554	
169.5120114	-45.02753112	
169.5125629	-45.02672666	
169.5131053	-45.02607585	
169.5141259	-45.02584983	
169.5156001	-45.02404674	
169.5148619	-45.0231524	
169.5152696	-45.02234363	
169.5160748	-45.02211115	
169.5174898	-45.0225126	
169.5209855	-45.02179602	
169.5225593	-45.0219456	
169.5266871	-45.02027282	
169.530488	-45.0192572	
169.533681	-45.01878778	
169.5346418	-45.01835456	
169.5356449	-45.01720426	
169.5367492	-45.01677529	
169.5404537	-45.01616695	
169.5426569	-45.01417994	
169.5443742	-45.01433348	
169.5464004	-45.01290556	
169.5493177	-45.01222232	
169.5525166	-45.01041853	
169.5537613	-45.01004486	
169.5571456	-45.0075281	
169.5592251	-45.00640939	
169.5618522	-45.00330575	
169.5651102	-45.0004772	
169.5653975	-44.99925425	
169.5662292	-44.99856043	
169.5680089	-44.99763799	
169.5696152	-44.99722349	
169.5728186	-44.99531669	
169.5747058	-44.99501301	
169.5757407	-44.99453033	
169.5744247	-44.99367072	
169.5736351	-44.99364751	
169.5727528	-44.99151791	
169.5702437	-44.98892996	
169.5701451	-44.98815742	
169.5705997	-44.98776033	
169.5714669	-44.98768323	
169.5727618	-44.98890142	
169.5747087	-44.99003615	
169.575286	-44.99123321	
169.5746041	-44.99182888	
169.5750886	-44.99215097	
169.5758572	-44.99253272	
169.5784323	-44.99276227	
169.5800592	-44.99198908	
169.5814964	-44.99168481	
169.5846348	-44.99015399	
169.5850624	-44.98935511	
169.5846749	-44.98815369	
169.585239	-44.98762928	
169.5878577	-44.98716504	
169.5898927	-44.98625091	
169.5925127	-44.983136	
169.5940212	-44.98209822	
169.6005472	-44.97996273	
169.605205	-44.97717745	
169.6096354	-44.97568362	
169.6119197	-44.97439772	
169.6123313	-44.97386875	
169.6111345	-44.97215706	
169.6118442	-44.97174494	
169.6128332	-44.97177369	
169.6146172	-44.97123051	
169.6180562	-44.9710599	
169.6218709	-44.96965593	
169.6240104	-44.96955565	
169.6265705	-44.9687643	
169.6287859	-44.96866613	
169.6293198	-44.96732925	
169.6314234	-44.96652458	
169.6229546	-44.96671221	
169.619769	-44.96645757	
169.6181421	-44.96559896	
169.6169858	-44.96318529	
169.616472	-44.96284581	
169.6087869	-44.96002589	
169.6040493	-44.96026654	
169.6036085	-44.95998322	
169.6040887	-44.95826622	
169.6038396	-44.95598702	
169.6032082	-44.95504901	
169.6035499	-44.95440985	
169.6044177	-44.95389421	
169.6061096	-44.95361895	
169.6074142	-44.95609118	
169.6089584	-44.95705573	
169.6091461	-44.95776441	
169.6109341	-44.95846556	
169.6125295	-44.9598643	
169.6146219	-44.96057424	
169.6164474	-44.96062727	
169.6185274	-44.96155315	
169.619468	-44.96374417	
169.6220232	-44.96435921	
169.6275249	-44.96408582	
169.6303814	-44.96476348	
169.6361485	-44.96384824	
169.6394063	-44.96150806	
169.641155	-44.95890793	
169.644919	-44.95836726	
169.6463713	-44.95694856	
169.6504126	-44.95555021	
169.6526899	-44.95301921	
169.6526055	-44.95182675	
169.6550492	-44.95038234	
169.6560993	-44.94933064	
169.6575081	-44.94866786	
169.6581749	-44.94765923	
169.6579775	-44.94711264	
169.6583277	-44.9463113	
169.6593201	-44.94493336	
169.6598616	-44.94478661	
169.6620055	-44.9459299	
169.6693732	-44.94495071	
169.6742984	-44.94271134	
169.6770243	-44.94030089	
169.6793665	-44.93928582	
169.6821284	-44.93757948	
169.6813225	-44.93701561	
169.6815933	-44.93626603	
169.6824631	-44.9356958	
169.6839199	-44.9355209	
169.6870099	-44.93609563	
169.6883116	-44.93597036	
169.6919672	-44.93461374	
169.6932718	-44.93443441	
169.6953094	-44.93341039	
169.6972249	-44.93048967	
169.699168	-44.92978746	
169.699928	-44.92845671	
169.7049445	-44.92454185	
169.7006142	-44.92301292	
169.7002705	-44.92235408	
169.7011248	-44.92205373	
169.7067046	-44.92302297	
169.7079204	-44.92170506	
169.7099723	-44.92041075	
169.7126926	-44.91805344	
169.7135499	-44.91769899	
169.7157258	-44.91554262	
169.7190221	-44.91103778	
169.7203007	-44.9085856	
169.7208771	-44.90643819	
169.7218981	-44.90587193	
169.73542	-44.90360126	
169.736235	-44.90400273	
169.7403057	-44.90471171	
169.7420846	-44.90557284	
169.7441275	-44.90579223	
169.7442454	-44.90503826	
169.7455509	-44.90345203	
169.7473093	-44.90193252	
169.7539517	-44.89741197	
169.7532291	-44.8953364	
169.7510018	-44.89294842	
169.749749	-44.89221028	
169.7456791	-44.89150164	
169.7439286	-44.8915068	
169.7426891	-44.89190486	
169.7414316	-44.89262695	
169.7401382	-44.89399711	
169.7383672	-44.89849113	
169.7324863	-44.8988672	
169.7290709	-44.90006951	
169.7279681	-44.90074171	
169.7240536	-44.90133485	
169.7279494	-44.89560255	
169.7295762	-44.89234871	
169.7305659	-44.89097013	
169.7314046	-44.89093959	
169.7315716	-44.89067382	
169.7312577	-44.88947501	
169.7344083	-44.88069251	
169.7351527	-44.87687294	
169.7356444	-44.87623764	
169.7368896	-44.87573164	
169.7399057	-44.8748425	
169.7430497	-44.87438959	
169.743869	-44.8733307	
169.7453052	-44.86936815	
169.7454544	-44.86666779	
169.7461293	-44.8640903	
169.7491405	-44.85914401	
169.7505029	-44.85788388	
169.7549411	-44.85600635	
169.7604153	-44.85464431	
169.7623593	-44.8524807	
169.7654213	-44.85072676	
169.766639	-44.85070651	
169.7687423	-44.8497913	
169.7697826	-44.84884655	
169.7720513	-44.84907176	
169.7738379	-44.84977038	
169.7737334	-44.85306698	
169.7742501	-44.85335175	
169.7762301	-44.85329842	
169.7783067	-44.8528691	
169.7804571	-44.85108954	
169.780814	-44.8501258	
169.7843396	-44.84822193	
169.7836195	-44.84609253	
169.7843418	-44.84400298	
169.7842577	-44.84275659	
169.7832156	-44.84234916	
169.7785406	-44.84303121	
169.7767305	-44.84276473	
169.7788262	-44.83919872	
169.7794727	-44.8371071	
169.7799969	-44.83447119	
169.7799243	-44.82884382	
169.7768033	-44.82058978	
169.7723924	-44.81370618	
169.7721303	-44.81294165	
169.7723767	-44.81121759	
169.7729196	-44.81101629	
169.7736025	-44.81103524	
169.7743316	-44.81159636	
169.7753958	-44.81297813	
169.7768061	-44.81637082	
169.7773865	-44.81687371	
169.7788076	-44.8172917	
169.7791161	-44.81859841	
169.7814639	-44.82153017	
169.7838141	-44.82581418	
169.7843211	-44.82766726	
169.7840838	-44.82922931	
169.7853527	-44.83104934	
169.7858914	-44.83371463	
169.7864198	-44.83378331	
169.7865421	-44.83432759	
169.7867574	-44.83595623	
169.7859689	-44.83647535	
169.7862107	-44.83761791	
169.785927	-44.83863779	
169.7876827	-44.8426889	
169.7893439	-44.84289701	
169.7897729	-44.84339565	
169.7901313	-44.84519049	
169.7887531	-44.84536884	
169.788866	-44.84748145	
169.7891461	-44.84792189	
169.7907581	-44.84764181	
169.7915085	-44.84782477	
169.7918646	-44.8482673	
169.7918352	-44.84880738	
169.7910465	-44.84932654	
169.7922049	-44.8517925	
169.7919942	-44.85286848	
169.7949049	-44.8552745	
169.796528	-44.85759093	
169.7991966	-44.86026061	
169.7995906	-44.86140732	
169.8008725	-44.86301113	
169.8023854	-44.86316086	
169.8038723	-44.86239035	
169.8072283	-44.86221197	
169.8083439	-44.86267526	
169.8096495	-44.86384691	
169.8103912	-44.86559807	
169.8116939	-44.8668237	
169.8119568	-44.86758814	
169.8121261	-44.87008086	
169.813464	-44.87347098	
169.8137444	-44.87531767	
169.8132857	-44.87817182	
169.8154974	-44.88228896	
169.8166399	-44.88367239	
169.8191382	-44.8853092	
169.8204182	-44.88696679	
169.8256437	-44.8916527	
169.830973	-44.89866694	
169.832759	-44.89941863	
169.8338204	-44.90090785	
169.8354545	-44.90165537	
169.8357289	-44.90079741	
169.835059	-44.8991025	
169.8349258	-44.89450141	
169.834575	-44.893951	
169.8305853	-44.89173312	
169.8268937	-44.88822509	
169.826347	-44.88707435	
169.8253885	-44.88650736	
169.8229424	-44.88389853	
169.8219693	-44.88360154	
169.8213206	-44.88293479	
169.8206717	-44.88086172	
169.821548	-44.87872209	
169.8281346	-44.87224875	
169.8290337	-44.86967698	
169.8279546	-44.86429284	
169.8251232	-44.8589691	
169.8248806	-44.85782663	
169.8234903	-44.85681511	
169.8232974	-44.85616079	
169.8232589	-44.85264398	
169.8237926	-44.84838553	
169.8246423	-44.84813826	
169.8253809	-44.84713072	
169.8254042	-44.84669864	
169.8241252	-44.8464474	
169.8240784	-44.84590524	
169.8244633	-44.84299495	
169.8241851	-44.83828163	
169.8248358	-44.83608174	
169.8262835	-44.83460674	
169.8269515	-44.83208278	
169.8277919	-44.8305912	
169.8296832	-44.8293446	
169.8308449	-44.82894352	
169.8338155	-44.8259954	
169.8361574	-44.82059614	
169.837473	-44.81873879	
169.838182	-44.81827126	
169.8396856	-44.81290324	
169.8412817	-44.81857179	
169.8411688	-44.82067818	
169.8427392	-44.82683278	
169.8436058	-44.82626131	
169.8471618	-44.82230106	
169.8481772	-44.82178768	
169.8507805	-44.82142544	
169.8528488	-44.8154235	
169.8535836	-44.81446978	
169.8546977	-44.80925334	
169.8557656	-44.80917402	
169.8567808	-44.80866056	
169.8585679	-44.80649121	
169.8637712	-44.80722652	
169.8646058	-44.80724901	
169.8651685	-44.8066692	
169.8659747	-44.80436513	
169.8683698	-44.80075163	
169.8690726	-44.80039193	
169.8690012	-44.79887554	
169.8703582	-44.79620765	
169.8714103	-44.79212525	
169.8717368	-44.78596798	
169.8723922	-44.7850661	
169.8818773	-44.77947922	
169.8835798	-44.77887579	
169.8897083	-44.77498322	
169.8967288	-44.77143867	
169.8991844	-44.76950292	
169.9013471	-44.76880332	
169.9041644	-44.76720163	
169.9134096	-44.76463477	
169.9142915	-44.76373869	
169.9165522	-44.76260872	
169.9188162	-44.758504	
169.9193221	-44.75608347	
169.9192412	-44.75326879	
169.9181981	-44.74707521	
169.9165885	-44.74010935	
169.9176764	-44.7323496	
169.9180547	-44.72219118	
169.918605	-44.72036679	
169.9195451	-44.71979675	
169.9206702	-44.72004291	
169.9218906	-44.72137333	
169.9230404	-44.72551442	
169.924769	-44.7258306	
169.9258016	-44.72639879	
169.9283326	-44.72879144	
169.9277797	-44.73066989	
169.9258432	-44.73289036	
169.9246501	-44.73540091	
169.9252141	-44.73768749	
169.9262777	-44.73912188	
169.9279196	-44.73965206	
169.9289975	-44.73789565	
169.9305945	-44.73636929	
169.9327724	-44.73534503	
169.9355311	-44.73336246	
169.9369821	-44.73318434	
169.9375799	-44.73336235	
169.937782	-44.73385446	
169.9376336	-44.73671716	
169.9384168	-44.73771134	
169.9390093	-44.73945772	
169.9382658	-44.74208841	
169.9420924	-44.74586699	
169.9420448	-44.74678521	
169.9411272	-44.74838368	
169.9380676	-44.75030438	
169.9369954	-44.75195284	
169.9371724	-44.75293107	
169.9385118	-44.75491345	
169.9408762	-44.7576259	
169.941632	-44.76062054	
169.9414947	-44.76180683	
169.94063	-44.76237905	
169.9406559	-44.76627397	
169.9409874	-44.76720216	
169.9431446	-44.76953048	
169.9423643	-44.77140301	
169.9434992	-44.77294725	
169.9439049	-44.77831245	
169.9453912	-44.78040676	
169.9469335	-44.78142078	
169.9466146	-44.78611792	
169.9472166	-44.78916254	
169.9482678	-44.79086677	
169.9497937	-44.79220483	
169.9495498	-44.79398328	
169.9480057	-44.79740432	
169.9479303	-44.79886266	
169.9492237	-44.80176311	
169.9498428	-44.80448362	
169.952954	-44.8060254	
169.9542326	-44.80627519	
169.9560737	-44.80740505	
169.9550824	-44.80894762	
169.954144	-44.80946393	
169.9531136	-44.81176266	
169.9519816	-44.81308518	
169.9500655	-44.81487393	
169.9469604	-44.81614471	
169.9468453	-44.81689889	
169.9485749	-44.82018936	
169.9492109	-44.82258579	
169.9533766	-44.82285709	
169.953582	-44.82329514	
169.9529023	-44.82468359	
169.9512443	-44.82588417	
169.9521562	-44.82882865	
169.9534979	-44.83081083	
169.9552121	-44.83588558	
169.9569678	-44.8386898	
169.9575584	-44.83902974	
169.9596164	-44.8389212	
169.9591624	-44.84182995	
169.9618164	-44.84638825	
169.9643801	-44.84975424	
169.9652079	-44.85139834	
169.9653014	-44.85253656	
169.9659542	-44.85314849	
169.9668413	-44.85511864	
169.9690445	-44.85663624	
169.9704689	-44.85851215	
169.9746451	-44.86159526	
169.9764147	-44.86564342	
169.9778396	-44.86751924	
169.9801305	-44.86882253	
169.9797299	-44.87070511	
169.9838756	-44.88482021	
169.9836186	-44.88984338	
169.9838783	-44.89071544	
169.9859603	-44.89314895	
169.9872189	-44.89383047	
169.9917093	-44.89529844	
169.9948347	-44.89667699	
169.9988403	-44.89721276	
169.9993877	-44.89841668	
169.9989693	-44.89916309	
169.9972423	-44.90020033	
169.9977705	-44.90178234	
169.9986028	-44.90337217	
169.999403	-44.90409584	
170.0023662	-44.90568632	
170.0065702	-44.90682181	
170.0092277	-44.90694403	
170.010843	-44.90660683	
170.011438	-44.90537815	
170.0124753	-44.90443122	
170.0150594	-44.90449734	
170.0178901	-44.90570544	
170.0183024	-44.9065813	
170.0202562	-44.90857818	
170.0207337	-44.90967202	
170.021491	-44.90974544	
170.0232556	-44.90946595	
170.0280365	-44.90672139	
170.0297846	-44.90676589	
170.0302786	-44.90753561	
170.0298739	-44.90952637	
170.0318908	-44.91028074	
170.0337446	-44.91427588	
170.0353138	-44.91485657	
170.0393182	-44.91393062	
170.0417942	-44.91464237	
170.041349	-44.91592906	
170.0376405	-44.91853914	
170.0367119	-44.91884007	
170.0356639	-44.92000328	
170.0354466	-44.92129574	
170.035843	-44.92249561	
170.0353353	-44.92351028	
170.0343767	-44.92440534	
170.0326823	-44.92479495	
170.0325845	-44.92522513	
170.0366956	-44.92976426	
170.0383874	-44.9309429	
170.0405492	-44.93337731	
170.0453594	-44.9376634	
170.0463426	-44.93779643	
170.0507027	-44.94196272	
170.0500753	-44.94232545	
170.0490268	-44.94197448	
170.0471878	-44.94068413	
170.046362	-44.94044693	
170.0452238	-44.93884977	
170.0438549	-44.93881514	
170.0388302	-44.93576744	
170.0366059	-44.933061	
170.0321605	-44.93062258	
170.0296678	-44.92872041	
170.0282504	-44.92814352	
170.0262141	-44.92625288	
170.0203906	-44.92248088	
170.0151935	-44.92288896	
170.0141346	-44.92275372	
170.0053467	-44.92041938	
170.003142	-44.92036281	
169.9984716	-44.92089181	
169.9948462	-44.92182612	
169.9914668	-44.9239024	
169.9904233	-44.92495717	
169.9906765	-44.92745154	
169.9914743	-44.92822927	
169.99105	-44.92908367	
169.9873105	-44.92925764	
169.9848124	-44.92897682	
169.9818222	-44.9293863	
169.9777438	-44.93171454	
169.977149	-44.93440333	
169.973463	-44.93501092	
169.9708942	-44.93461979	
169.9680752	-44.93465478	
169.9655325	-44.93523772	
169.9618749	-44.93676511	
169.9588717	-44.94036463	
169.9580101	-44.94082894	
169.9564228	-44.94354586	
169.9568289	-44.94452996	
169.9582013	-44.94597191	
169.960481	-44.94754563	
169.9628655	-44.95004145	
169.9653597	-44.95189107	
169.9665545	-44.95235478	
169.9683893	-44.95370044	
169.9700405	-44.95417596	
169.9716324	-44.95432542	
169.9741093	-44.95503862	
169.9781242	-44.95546708	
169.9810881	-44.95559781	
169.9829276	-44.95537492	
169.9849303	-44.95493989	
169.988284	-44.95340392	
169.9893434	-44.9535394	
169.990147	-44.95420911	
169.9908817	-44.95622911	
169.9909593	-44.95769135	
169.9920022	-44.95815088	
169.992694	-44.95952077	
169.9923195	-44.96237752	
169.9900679	-44.96469918	
169.9876375	-44.9660427	
169.9860122	-44.96654161	
169.9853773	-44.9685263	
169.9863761	-44.96985006	
169.989222	-44.97230309	
169.9936468	-44.97517524	
169.9945186	-44.97600891	
169.9946239	-44.97693103	
169.9886956	-44.98110503	
169.9850801	-44.98474353	
169.9825049	-44.98592097	
169.9806408	-44.98809023	
169.9800181	-44.98834456	
169.9791917	-44.99108143	
169.9777495	-44.9924503	
169.9661826	-44.99209653	
169.9608349	-44.99233616	
169.9574355	-44.99322121	
169.9524174	-44.99298228	
169.95096	-44.9931606	
169.9466278	-44.99585983	
169.9422356	-44.99677258	
169.9402876	-44.99758693	
169.9384722	-44.99878332	
169.9339105	-45.00001581	
169.9286268	-45.00047198	
169.9265093	-45.00160616	
169.9236926	-45.00153204	
169.9206586	-45.00269607	
169.9158048	-45.00803059	
169.905098	-45.01445401	
169.9047536	-45.01520208	
169.9028379	-45.01682795	
169.9018502	-45.01820797	
169.900039	-45.01929572	
169.8991358	-45.02051571	
169.8961927	-45.02281732	
169.8925107	-45.02466654	
169.8898946	-45.02654401	
169.8789615	-45.03279687	
169.8738944	-45.03628517	
169.871477	-45.03870842	
169.8699836	-45.03953381	
169.8641605	-45.04429951	
169.8603906	-45.04917419	
169.8591929	-45.05016965	
169.8577706	-45.05251119	
169.8566779	-45.05296859	
169.8548947	-45.05492179	
169.8511533	-45.05638957	
169.8454654	-45.05715569	
169.8452768	-45.06066619	
169.8446041	-45.06324415	
169.8392606	-45.0689411	
169.8375228	-45.07002992	
169.8329076	-45.07493501	
169.8298417	-45.07658269	
169.8271979	-45.07889078	
169.8257794	-45.0811239	
169.8235782	-45.0851206	
169.8225789	-45.08806819	
169.8232124	-45.08905895	
169.8247667	-45.08996654	
169.825556	-45.09231366	
169.8250167	-45.09381343	
169.8233045	-45.09582222	
169.8195452	-45.09896524	
169.8157092	-45.10351231	
169.8130607	-45.10587407	
169.8125327	-45.10715776	
169.8113535	-45.10777466	
169.8064491	-45.10807358	
169.8021986	-45.10898512	
169.7970796	-45.1104136	
169.7954278	-45.11128784	
169.7952601	-45.11295994	
169.7964033	-45.11580376	
169.7959625	-45.11827968	
169.7962731	-45.11958626	
169.7958268	-45.12076395	
169.7964484	-45.12197087	
169.7951941	-45.12675024	
169.7929424	-45.13020418	
169.7911516	-45.13221039	
169.7827108	-45.13982125	
169.7819759	-45.14207269	
169.7821396	-45.1432671	
169.783128	-45.14475461	
169.783265	-45.14643506	
169.779401	-45.14860046	
169.7765882	-45.14971295	
169.7740856	-45.15213202	
169.7728803	-45.15458679	
169.7703982	-45.15662774	
169.7689033	-45.15739779	
169.7674281	-45.15919603	
169.7665735	-45.15944287	
169.7663207	-45.15986858	
169.771192	-45.16303189	
169.7710859	-45.16356983	
169.7700925	-45.16494869	
169.7679271	-45.16678198	
169.7673271	-45.16795533	
169.7599781	-45.17364771	
169.7587312	-45.17545216	
169.7577821	-45.17602085	
169.756664	-45.17826154	
169.7520751	-45.17689036	
169.7466122	-45.17473748	
169.745696	-45.17471202	
169.7413584	-45.17707941	
169.7393143	-45.17945645	
169.7382333	-45.17964269	
169.7371955	-45.1804251	
169.7363465	-45.1805637	
169.7350676	-45.18155571	
169.7330482	-45.18485283	
169.7301211	-45.18796232	
169.7274884	-45.18853783	
169.7255951	-45.18956667	
169.7202288	-45.19114731	
169.7183996	-45.19239418	
169.7155192	-45.19328702	
169.7145572	-45.19407136	
169.7142063	-45.19487284	
169.7141644	-45.1969811	
169.7133618	-45.19901393	
169.7154412	-45.20285842	
169.7152097	-45.20425822	
169.7102873	-45.20471505	
169.7080096	-45.20984352	
169.702604	-45.21071916	
169.7019198	-45.21199801	
169.701049	-45.21251438	
169.6983752	-45.21379126	
169.6958999	-45.21426235	
169.694323	-45.21508327	
169.6930181	-45.21650683	
169.6927004	-45.21806643	
169.6894333	-45.22035405	
169.6900538	-45.22156153	
169.6917868	-45.22204319	
169.6919	-45.22410175	
169.6910138	-45.22759247	
169.6900937	-45.22897278	
169.6889719	-45.22986059	
169.6876329	-45.2305259	
169.6865569	-45.23060365	
169.6853401	-45.23181327	
169.6857283	-45.23306829	
169.6842334	-45.23378323	
169.6824478	-45.23557171	
169.6805279	-45.2356796	
169.679944	-45.23517626	
169.6786421	-45.23248901	
169.676062	-45.23209131	
169.6725368	-45.23350574	
169.6717725	-45.23348403	
169.6705163	-45.23269109	
169.6690765	-45.23243381	
169.6655819	-45.23330801	
169.6633563	-45.23340691	
169.6592926	-45.2348597	
169.6558719	-45.23443757	
169.6502824	-45.23579239	
169.6459259	-45.23566774	
169.6441278	-45.23631941	
169.6421437	-45.23620846	
169.6402814	-45.23664187	
169.6371633	-45.23628195	
169.6329703	-45.23464698	
169.6319874	-45.2331042	
169.6271229	-45.23240188	
169.6261031	-45.2318415	
169.6251973	-45.2294062	
169.624037	-45.22867854	
169.6245856	-45.22698553	
169.6238569	-45.22659072	
169.6226174	-45.22463255	
169.621745	-45.22412677	
169.6213442	-45.22326079	
169.6214685	-45.22240996	
169.6190598	-45.21988399	
169.6180847	-45.21985583	
169.6112226	-45.22157987	
169.6090543	-45.22269192	
169.6079082	-45.22431416	
169.6072145	-45.22461447	
169.6061953	-45.22405092	
169.6053098	-45.22247661	
169.6047709	-45.22011132	
169.6052721	-45.21665475	
169.6077086	-45.21480293	
169.6087199	-45.21290977	
169.611487	-45.21053344	
169.6128395	-45.20533924	
169.6148942	-45.20358303	
169.6159615	-45.20201185	
169.6164351	-45.2003167	
169.6168082	-45.19386591	
169.6196367	-45.19170479	
169.6222297	-45.18841538	
169.6222686	-45.18644065	
169.6229925	-45.18560712	
169.6265012	-45.18335868	
169.6283666	-45.18095598	
169.6319514	-45.17737455	
169.6343322	-45.17253015	
169.6345281	-45.17173477	
169.6339057	-45.17080904	
169.6340985	-45.17006697	
169.6361526	-45.16959204	
169.63715	-45.16791188	
169.6389471	-45.1666819	
169.6390802	-45.1656711	
169.6403802	-45.1639462	
169.6419905	-45.16335163	
169.6434816	-45.1622196	
169.6418728	-45.16147921	
169.6417688	-45.16067521	
169.6440258	-45.15796313	
169.643775	-45.15710152	
169.6443437	-45.15503519	
169.6454032	-45.15357036	
169.6462074	-45.1526322	
169.6498417	-45.15076052	
169.6519773	-45.14884584	
169.6536023	-45.14798453	
169.6553528	-45.147554	
169.6566184	-45.14641537	
169.6625024	-45.14060254	
169.6637606	-45.1369538	
169.6663274	-45.13403656	
169.6683778	-45.13227938	
169.6726901	-45.13031954	
169.6763751	-45.13015734	
169.6797671	-45.12854489	
169.6815391	-45.12507077	
169.6826956	-45.12451618	
169.6837471	-45.12449261	
169.6843909	-45.12504487	
169.6860836	-45.12429185	
169.6880578	-45.12386718	
169.6904756	-45.12222684	
169.6912158	-45.12107298	
169.6910307	-45.11903854	
169.6904768	-45.11822186	
169.6907526	-45.11732187	
169.6946883	-45.1166856	
169.6948712	-45.11610336	
169.6940896	-45.11533367	
169.6940361	-45.11362335	
169.6931587	-45.11322473	
169.6937071	-45.11147804	
169.6933181	-45.11039903	
169.6946636	-45.10648547	
169.7034438	-45.10368961	
169.7045728	-45.10227964	
169.7079234	-45.10135946	
169.7097948	-45.10007715	
169.7161715	-45.09331451	
169.7189733	-45.09147081	
169.7204249	-45.08964256	
169.7266826	-45.08362365	
169.7277685	-45.08162489	
169.7303063	-45.08046773	
169.7333794	-45.07852167	
169.7366141	-45.07435681	
169.7412948	-45.07000094	
169.7424427	-45.06813659	
169.7435187	-45.0675653	
169.7450955	-45.06737798	
169.7463132	-45.06778191	
169.7494616	-45.06985838	
169.7535188	-45.06849109	
169.7530307	-45.06787625	
169.7536925	-45.06535077	
169.7561241	-45.06504828	
169.7580802	-45.06390001	
169.7613767	-45.06329764	
169.7648451	-45.06075735	
169.7662247	-45.05940798	
169.7666008	-45.05613449	
169.7680488	-45.0535382	
169.7691497	-45.05250485	
169.7743542	-45.04922601	
169.7836906	-45.04434947	
169.7932906	-45.04058947	
169.7999633	-45.03665606	
169.8026014	-45.03612702	
169.8034257	-45.03536331	
169.8054599	-45.03514145	
169.8060913	-45.03432619	
169.806888	-45.03407046	
169.8101747	-45.03360523	
169.8122389	-45.03282905	
169.820019	-45.0288785	
169.8237036	-45.02828497	
169.8278009	-45.02608376	
169.8332771	-45.0212835	
169.8378572	-45.01372997	
169.8388521	-45.00977934	
169.8411316	-45.00618721	
169.8430239	-45.00494336	
169.8430462	-45.00452771	
169.8445354	-45.00350419	
169.8453135	-45.00236894	
169.8497534	-44.99980626	
169.8521751	-44.99718904	
169.8539944	-44.9960818	
169.8540314	-44.99538904	
169.8575543	-44.99289387	
169.8607959	-44.98955853	
169.8611508	-44.98901307	
169.8610172	-44.98785322	
169.8631392	-44.98717024	
169.8638847	-44.98663526	
169.8662855	-44.9843872	
169.867414	-44.98400123	
169.8683116	-44.98305406	
169.86972	-44.98230557	
169.8728178	-44.97919732	
169.8739412	-44.97890365	
169.8748436	-44.97786405	
169.8772351	-44.97700304	
169.8784148	-44.97564709	
169.8790114	-44.97422928	
169.8800241	-44.9735626	
169.8812051	-44.97340915	
169.8819453	-44.97296642	
169.8828988	-44.97095689	
169.8848541	-44.96971408	
169.8868508	-44.96768609	
169.8886027	-44.9641253	
169.8919734	-44.96074635	
169.8941533	-44.95770563	
169.8946606	-44.95549913	
169.894484	-44.95267319	
169.8953522	-44.95103129	
169.8968252	-44.94903547	
169.9004613	-44.94677335	
169.9025181	-44.94234173	
169.9054898	-44.93784184	
169.9076482	-44.93641906	
169.9099079	-44.93430519	
169.9110501	-44.93239294	
169.9166018	-44.92833106	
169.9188754	-44.92593989	
169.9220467	-44.92505235	
169.9251817	-44.92485751	
169.9282542	-44.92211722	
169.9325399	-44.91982501	
169.9339027	-44.92115581	
169.9350704	-44.92123274	
169.940006	-44.92020605	
169.9465371	-44.91727846	
169.9474277	-44.91642303	
169.9521695	-44.91409579	
169.9563618	-44.9110603	
169.957329	-44.90997555	
169.9599483	-44.90588144	
169.9600127	-44.90463439	
169.9609116	-44.90234537	
169.9625737	-44.90039996	
169.9630976	-44.89907238	
169.9648221	-44.89717481	
169.9660719	-44.89438614	
169.967854	-44.89262878	
169.9687216	-44.89094012	
169.9688417	-44.88354343	
169.9696131	-44.87866109	
169.9672951	-44.87693587	
169.9661465	-44.87524102	
169.9626983	-44.87399502	
169.9624021	-44.87343232	
169.9596465	-44.87137178	
169.9593979	-44.86988532	
169.9569316	-44.86852599	
169.9519759	-44.86751779	
169.946484	-44.86681907	
169.9435348	-44.86600178	
169.9394576	-44.8656173	
169.9383943	-44.86480313	
169.9358445	-44.86381113	
169.9325251	-44.86261382	
169.9297615	-44.86198605	
169.9242873	-44.86096296	
169.9213578	-44.86102435	
169.9161819	-44.8605175	
169.915393	-44.86068162	
169.9135792	-44.86178985	
169.9127128	-44.86343191	
169.9116653	-44.86728919	
169.9110445	-44.86796649	
169.907515	-44.8695379	
169.9066319	-44.87025447	
169.9063449	-44.87200437	
169.9032819	-44.87335679	
169.9018529	-44.87331881	
169.9014778	-44.87303134	
169.901493	-44.87150547	
169.9021139	-44.87082822	
169.9018736	-44.87045183	
169.899658	-44.87053166	
169.8994243	-44.87126545	
169.8927733	-44.87404835	
169.8921595	-44.87458699	
169.8905016	-44.87519028	
169.8886706	-44.87537266	
169.8872309	-44.87676799	
169.8859123	-44.87710277	
169.8841023	-44.87811816	
169.8778959	-44.87984834	
169.8751101	-44.88208623	
169.8683918	-44.88486596	
169.8667013	-44.88606931	
169.8644507	-44.88679505	
169.8625543	-44.88697527	
169.857736	-44.88582792	
169.8562722	-44.88643597	
169.8554384	-44.887431	
169.8559475	-44.89008107	
169.8558316	-44.89225176	
169.8613849	-44.89304895	
169.8685748	-44.8961099	
169.8718114	-44.89642806	
169.8722393	-44.8969483	
169.8722637	-44.89893775	
169.8715428	-44.90025968	
169.8703142	-44.90133673	
169.867868	-44.9020573	
169.8621947	-44.90227475	
169.8601836	-44.90337688	
169.8600989	-44.9037446	
169.8607217	-44.90427014	
169.8643842	-44.90515497	
169.8696261	-44.9057121	
169.8716714	-44.9064145	
169.8724169	-44.90708202	
169.8733795	-44.90733909	
169.880838	-44.91151641	
169.8844231	-44.91387852	
169.8852629	-44.91501887	
169.8860099	-44.91540224	
169.8863402	-44.91641045	
169.8838757	-44.91707147	
169.8827975	-44.91690637	
169.8795885	-44.91713855	
169.875388	-44.91798006	
169.877995	-44.91945812	
169.8825203	-44.92334963	
169.8893706	-44.9280298	
169.8909423	-44.9297525	
169.8861097	-44.93044129	
169.8850663	-44.93082228	
169.8849607	-44.93281825	
169.883002	-44.93599126	
169.8807791	-44.93811235	
169.8775931	-44.94029849	
169.876423	-44.94185712	
169.8753866	-44.94210193	
169.873961	-44.9436537	
169.8696174	-44.94594489	
169.8673165	-44.94710967	
169.8652459	-44.94755376	
169.8629473	-44.94867309	
169.8607778	-44.94856932	
169.8602837	-44.94823803	
169.8607105	-44.94743182	
169.8632937	-44.94577505	
169.8648509	-44.94536263	
169.8660213	-44.94380412	
169.8685679	-44.94282766	
169.8683848	-44.94145993	
169.8668785	-44.94091978	
169.865272	-44.94105834	
169.861568	-44.94454753	
169.8609196	-44.94471179	
169.8594369	-44.94612557	
169.8558931	-44.9478018	
169.8546657	-44.9492224	
169.8476702	-44.95203183	
169.8426617	-44.95475836	
169.8409349	-44.95593817	
169.8402473	-44.95682811	
169.837744	-44.95816856	
169.8363072	-44.9599013	
169.8348577	-44.96067969	
169.8342074	-44.96325144	
169.8315144	-44.96454119	
169.8266371	-44.9683609	
169.8251282	-44.96904671	
169.8226657	-44.96961568	
169.8215427	-44.97144765	
169.8179177	-44.97457427	
169.8134171	-44.97731345	
169.8095013	-44.97870559	
169.7992972	-44.9803796	
169.7955087	-44.98177478	
169.7940923	-44.98309874	
169.7935142	-44.98430943	
169.7924643	-44.98478029	
169.7924074	-44.98582359	
169.792997	-44.98674837	
169.7955287	-44.98845334	
169.7926939	-44.98878434	
169.7915825	-44.98920807	
169.7859482	-44.99273279	
169.7848156	-44.99588161	
169.7811384	-45.00223117	
169.7764979	-45.00628257	
169.7743231	-45.00740365	
169.7731389	-45.00914266	
169.7728823	-45.01031672	
169.7722993	-45.01043689	
169.7712422	-45.00986251	
169.769651	-45.0096822	
169.7682268	-45.00996079	
169.7678182	-45.01040377	
169.7675954	-45.0121239	
169.7687721	-45.01401907	
169.7688392	-45.01629238	
169.7666644	-45.01973021	
169.7673529	-45.02002185	
169.7673645	-45.02097618	
169.7657296	-45.02274807	
169.7620414	-45.02341814	
169.760341	-45.02405241	
169.760242	-45.02468568	
169.7610284	-45.02552522	
169.7608933	-45.02797465	
169.762153	-45.0306899	
169.7617331	-45.03249542	
169.7605591	-45.03287172	
169.7562531	-45.03311563	
169.752805	-45.03406467	
169.749782	-45.03543431	
169.7452199	-45.03567068	
169.7398018	-45.03747302	
169.7362429	-45.03810048	
169.7337084	-45.03989223	
169.7279829	-45.04604668	
169.7222814	-45.04715884	
169.713774	-45.04687432	
169.7112202	-45.04784732	
169.7088527	-45.04778062	
169.7075701	-45.04665414	
169.7090478	-45.04201648	
169.7084102	-45.04081732	
169.7072662	-45.04064877	
169.70555	-45.04382591	
169.7041045	-45.04560233	
169.7026307	-45.04674191	
169.700847	-45.047691	
169.6996876	-45.04779453	
169.6956901	-45.0493624	
169.6936835	-45.04971447	
169.691577	-45.04956395	
169.6908399	-45.05013366	
169.6912981	-45.05223645	
169.6854801	-45.05425212	
169.6828153	-45.05603911	
169.6795949	-45.0574468	
169.6755033	-45.06178262	
169.6705036	-45.06968146	
169.6662206	-45.07510186	
169.664169	-45.0762245	
169.6616363	-45.07678817	
169.6592244	-45.07635576	
169.6584846	-45.07583485	
169.6577332	-45.07326921	
169.6567814	-45.07196989	
169.6564432	-45.07227823	
169.6562027	-45.07649645	
169.6558516	-45.07703157	
169.6535004	-45.07778199	
169.6531356	-45.07967965	
169.6518959	-45.080053	
169.6504201	-45.0811919	
169.6477538	-45.08184231	
169.6453132	-45.08190854	
169.642261	-45.08145738	
169.6392734	-45.08323415	
169.6379676	-45.08587703	
169.6381873	-45.08651939	
169.6401805	-45.0886666	
169.642277	-45.09013525	
169.6425442	-45.09218735	
169.641916	-45.09307792	
169.6392428	-45.0949546	
169.6372983	-45.09530753	
169.6369251	-45.0973412	
169.6355037	-45.09975359	
169.6325999	-45.10116917	
169.6293129	-45.10143784	
169.6259422	-45.10315781	
169.624251	-45.10356327	
169.6221819	-45.10495729	
169.6208055	-45.10546267	
169.6177313	-45.10537372	
169.6146335	-45.10569288	
169.6047837	-45.10849643	
169.6028622	-45.10844057	
169.5994562	-45.10743283	
169.5907787	-45.10881546	
169.5902795	-45.10857373	
169.5905885	-45.1076741	
169.5879547	-45.10332652	
169.5846806	-45.10336712	
169.5822252	-45.10256837	
169.5822633	-45.09861682	
169.5808222	-45.09802944	
169.5774817	-45.09811332	
169.5764779	-45.09663003	
169.5755491	-45.09605761	
169.5746739	-45.09566847	
169.573073	-45.0956215	
169.5716699	-45.09657984	
169.5695063	-45.09737953	
169.5684905	-45.10048457	
169.5666418	-45.10247473	
169.5635075	-45.1088795	
169.5627736	-45.10935767	
169.5619679	-45.11106042	
169.5584106	-45.11372709	
169.5567667	-45.11549597	
169.5537934	-45.11586261	
169.5520264	-45.11753694	
169.5485727	-45.11734406	
169.5477054	-45.11572825	
169.5478365	-45.11241547	
169.5467718	-45.11088468	
169.5459445	-45.11076935	
169.5451012	-45.11092614	
169.5427523	-45.11267397	
169.5406011	-45.11324634	
169.5382624	-45.11590307	
169.5309005	-45.11777458	
169.530401	-45.11862298	
169.5286521	-45.11997947	
169.5268251	-45.12265119	
169.5233759	-45.12345725	
169.5196184	-45.12620769	
169.5200501	-45.12758358	
169.5206611	-45.12810156	
169.5209883	-45.13015585	
169.5208244	-45.13183203	
169.5200333	-45.13326236	
169.5194432	-45.13347194	
169.5178602	-45.13310673	
169.5163791	-45.13210844	
169.5154713	-45.1322631	
169.513414	-45.13447342	
169.5121787	-45.13689	
169.5106373	-45.13797982	
169.510169	-45.1393743	
169.5101611	-45.1427362	
169.5088037	-45.14719365	
169.5087514	-45.14914576	
169.5061453	-45.15515606	
169.5063845	-45.15652624	
169.5039838	-45.15908963	
169.5034321	-45.16079963	
169.5036107	-45.16425798	
169.5018262	-45.16724868	
169.5018306	-45.16824836	
169.5033583	-45.17170165	
169.5031732	-45.17265023	
169.4997402	-45.17527353	
169.4978427	-45.17585277	
169.4933698	-45.1786719	
169.4912742	-45.17933597	
169.4888226	-45.18057995	
169.4873751	-45.18221754	
169.4867982	-45.18433562	
169.4855484	-45.18588826	
169.4846765	-45.18649813	
169.4827197	-45.18698448	
169.4820716	-45.18814628	
169.4789643	-45.18959751	
169.4775914	-45.19105549	
169.4741113	-45.19335862	
169.4725469	-45.19585578	
169.4729165	-45.19718454	
169.4727319	-45.1991781	
169.4712167	-45.2008589	
169.4698202	-45.20163457	
169.4693762	-45.20366573	
169.4696163	-45.20394559	
169.4732648	-45.204192	
169.473433	-45.20247055	
169.4741073	-45.20194567	
169.4770938	-45.20144504	
169.4811858	-45.19966001	
169.4828181	-45.19816435	
169.4828672	-45.19521258	
169.4834526	-45.19295846	
169.4839343	-45.19242774	
169.4879014	-45.19163829	
169.4881428	-45.19082772	
169.4870292	-45.19011275	
169.4874468	-45.18958008	
169.4913043	-45.18846919	
169.4921816	-45.18776857	
169.4938145	-45.18518236	
169.4936586	-45.18349661	
169.4942424	-45.18233283	
169.4988373	-45.1806986	
169.4994569	-45.18108063	
169.5001304	-45.18378142	
169.5010092	-45.18412576	
169.5039647	-45.18412331	
169.5058615	-45.18463436	
169.5069563	-45.18566663	
169.507276	-45.1867666	
169.506893	-45.18780014	
169.5045742	-45.19004797	
169.5012787	-45.19035831	
169.5007222	-45.1910686	
169.4994231	-45.19130232	
169.4974168	-45.19046985	
169.4960341	-45.18888365	
169.4949492	-45.18876026	
169.4943693	-45.18878831	
169.4931087	-45.19052244	
169.4925004	-45.1920944	
169.4929645	-45.19292614	
169.498017	-45.19439517	
169.4998859	-45.19645023	
169.4989478	-45.19923906	
169.4977948	-45.20024952	
169.4950597	-45.20084909	
169.4905805	-45.20266841	
169.4894817	-45.20277174	
169.4874972	-45.2037117	
169.4859466	-45.20384685	
169.4851522	-45.20423189	
169.4846199	-45.20453392	
169.4841026	-45.20565423	
169.4844494	-45.20630074	
169.4842747	-45.20706787	
169.4818326	-45.20813029	
169.4786753	-45.20826243	
169.4745011	-45.2071371	
169.4710762	-45.2074427	
169.470586	-45.20810942	
169.4744339	-45.20931593	
169.4767106	-45.21206519	
169.4767392	-45.2126567	
169.4753821	-45.21384254	
169.4761533	-45.21491078	
169.4761096	-45.21563641	
169.4753381	-45.21670359	
169.4729405	-45.21808522	
169.4709113	-45.21975052	
169.4682924	-45.22053473	
169.4668192	-45.2204448	
169.4651744	-45.21894119	
169.4635867	-45.21862058	
169.4612169	-45.21741302	
169.4594285	-45.21722258	
169.4590023	-45.2178912	
169.4590069	-45.21993592	
169.4567884	-45.22259482	
169.4555525	-45.22601043	
169.4546742	-45.22671077	
169.4527607	-45.22751602	
169.4471525	-45.23198018	
169.4399646	-45.23280663	
169.4374216	-45.23127527	
169.4386516	-45.23008597	
169.4382914	-45.22966608	
169.437161	-45.22922274	
169.4348367	-45.22937908	
169.4318779	-45.23360522	
169.4299445	-45.23472754	
169.4301541	-45.23550635	
169.4290217	-45.23719833	
169.4268032	-45.23772124	
169.4263709	-45.23848044	
169.4241413	-45.2391847	
169.4228466	-45.24037187	
169.4215881	-45.24096947	
169.4167068	-45.2419105	
169.4162409	-45.24321386	
169.4143516	-45.24465534	
169.414162	-45.24669414	
169.4126381	-45.24846485	
169.4093445	-45.2507719	
169.4062962	-45.25222312	
169.4027843	-45.25493221	
169.4011651	-45.25510959	
169.4017292	-45.25326406	
169.4036108	-45.25195884	
169.4079878	-45.24982153	
169.4084567	-45.24847285	
169.4056654	-45.24993193	
169.4023827	-45.24996732	
169.4017434	-45.25094725	
169.399376	-45.25282816	
169.3971008	-45.25321246	
169.3965005	-45.25355746	
169.3963133	-45.25450586	
169.3938875	-45.25420392	
169.3922487	-45.25469862	
169.3903664	-45.25704867	
169.3884931	-45.2571726	
169.3880963	-45.25838713	
169.3840538	-45.2582168	
169.3835073	-45.25665506	
169.3830718	-45.25641441	
169.3820529	-45.25624659	
169.3794621	-45.25652992	
169.3777037	-45.25583936	
169.3763998	-45.25611703	
169.3751455	-45.25766845	
169.3736906	-45.2583049	
169.3723393	-45.25830844	
169.3667799	-45.25563684	
169.3642032	-45.25569307	
169.3604962	-45.25530514	
169.3547497	-45.2535813	
169.3517078	-45.24976056	
169.3513208	-45.24874886	
169.3517844	-45.24853614	
169.3535234	-45.24849951	
169.3544666	-45.24884698	
169.3546686	-45.25076165	
169.3560999	-45.25153326	
169.3585622	-45.25124646	
169.3653147	-45.25127479	
169.3657952	-45.25078992	
169.365561	-45.25041914	
169.3629098	-45.24960972	
169.3599083	-45.24719902	
169.3591492	-45.24699364	
169.3577171	-45.2472671	
169.3544373	-45.24725576	
169.3500464	-45.24752771	
169.349192	-45.2478191	
169.347499	-45.24917479	
169.345927	-45.24962548	
169.34521	-45.25182952	
169.3439049	-45.25315185	
169.3423498	-45.2533304	
169.3399897	-45.25198429	
169.3392892	-45.25187149	
169.3365171	-45.25196641	
169.3342687	-45.25294101	
169.3284533	-45.25334923	
169.3170432	-45.25576209	
169.3134929	-45.25696791	
169.3030886	-45.25972919	
169.3013674	-45.26049265	
169.2988402	-45.26077618	
169.2980342	-45.26029627	
169.2981359	-45.25970879	
169.2984215	-45.25926344	
169.2992591	-45.25924452	
169.2995294	-45.25802623	
169.3008711	-45.25715992	
169.3019511	-45.25433145	
169.3033674	-45.25228607	
169.3065535	-45.25175064	
169.3086029	-45.24986151	
169.3066759	-45.248801	
169.301635	-45.24714213	
169.3011953	-45.24494715	
169.3014281	-45.24431838	
169.3026555	-45.24322124	
169.3019867	-45.24260938	
169.3024092	-45.24203204	
169.3047737	-45.24024383	
169.3081534	-45.23866941	
169.3091399	-45.23629232	
169.3100872	-45.23554978	
169.3163862	-45.23356744	
169.3190376	-45.23333292	
169.3206835	-45.23374825	
169.3238868	-45.23393993	
169.3240994	-45.23362855	
169.3228087	-45.23267918	
169.3228674	-45.23072718	
169.3224896	-45.22957933	
169.3194471	-45.22480338	
169.318583	-45.2242309	
169.313886	-45.22326492	
169.312794	-45.22223081	
169.3085818	-45.2217343	
169.3071376	-45.22118883	
169.3065812	-45.22185282	
169.304954	-45.22216488	
169.3024218	-45.2215395	
169.3014431	-45.2197364	
169.2998821	-45.21900538	
169.2994646	-45.21849233	
169.2972385	-45.21405963	
169.2984068	-45.2128698	
169.2994689	-45.21031342	
169.300955	-45.20917908	
169.3029227	-45.20551537	
169.3057766	-45.20206143	
169.3068747	-45.20096018	
169.3080024	-45.20040513	
169.3120767	-45.19898894	
169.3136608	-45.19731227	
169.3149527	-45.19517198	
169.3151525	-45.19404231	
169.3143095	-45.19110762	
169.3099087	-45.1865156	
169.308311	-45.1833298	
169.3071586	-45.18224825	
169.3097453	-45.18096687	
169.3106258	-45.18126733	
169.3116386	-45.18252619	
169.3132216	-45.18289426	
169.3160214	-45.1843458	
169.3170302	-45.18465026	
169.3187318	-45.18415865	
169.3182547	-45.18255325	
169.3148138	-45.18108152	
169.3133362	-45.17599114	
169.3131679	-45.1715328	
169.3132778	-45.17080924	
169.3149664	-45.16949939	
169.3193286	-45.16959158	
169.3201935	-45.16911902	
169.3211767	-45.16778684	
169.323043	-45.16670967	
169.3231785	-45.16557797	
169.3223353	-45.16468806	
169.3190901	-45.16522192	
169.3185462	-45.16365984	
169.316947	-45.16151918	
169.3171638	-45.16011741	
169.3186511	-45.15893748	
169.3207413	-45.15532283	
169.3216173	-45.15466886	
169.322791	-45.15438777	
169.3241738	-45.15588539	
169.3245184	-45.15653238	
169.3242634	-45.15752401	
169.3249983	-45.15809242	
169.3265138	-45.15850364	
169.3277687	-45.15795243	
169.3298539	-45.1595175	
169.3315931	-45.15943586	
169.3415064	-45.1498414	
169.3435085	-45.14863186	
169.344159	-45.14747084	
169.345456	-45.14623919	
169.3471817	-45.14533901	
169.3490394	-45.14335241	
169.3497811	-45.14278492	
169.3541763	-45.14128653	
169.3542018	-45.14087838	
169.3523548	-45.14063891	
169.3487597	-45.14166244	
169.346627	-45.14291341	
169.344763	-45.14294591	
169.3442844	-45.14238566	
169.3444523	-45.14175478	
169.3473165	-45.13907272	
169.3578682	-45.13458608	
169.3597988	-45.13451001	
169.3606816	-45.13476474	
169.3616362	-45.13593046	
169.3628085	-45.13669401	
169.3667184	-45.13472567	
169.3722158	-45.13303375	
169.3770953	-45.12991381	
169.3804928	-45.12583897	
169.3809235	-45.12199012	
169.3815594	-45.12001058	
169.3821055	-45.11948227	
169.3830677	-45.11637689	
169.3836222	-45.11571252	
169.3851486	-45.11489651	
169.38479	-45.11343138	
169.3852667	-45.11194671	
169.390374	-45.11133241	
169.391048	-45.11080801	
169.3913546	-45.10999962	
169.3915473	-45.10791545	
169.3922185	-45.1074364	
169.3936246	-45.10752531	
169.3947215	-45.10846797	
169.3967513	-45.10884874	
169.3988815	-45.10864189	
169.4015102	-45.10763251	
169.4057704	-45.10721859	
169.4063635	-45.10696424	
169.4063329	-45.10537299	
169.4111581	-45.10411298	
169.4126838	-45.1032966	
169.4170105	-45.10283888	
169.4178763	-45.10232023	
169.4206826	-45.10154306	
169.424755	-45.09894172	
169.4273022	-45.09820189	
169.4270903	-45.09746842	
169.4278694	-45.09626548	
169.4299793	-45.09533046	
169.4333217	-45.09311543	
169.4346718	-45.09306583	
169.4358989	-45.09187654	
169.4385427	-45.09059419	
169.4388931	-45.09010509	
169.4384864	-45.08941112	
169.437924	-45.08916677	
169.4359922	-45.08928951	
169.4350595	-45.08880664	
169.4349619	-45.08830385	
169.439902	-45.08722794	
169.4429805	-45.08723099	
169.4437708	-45.08689159	
169.4440737	-45.08612841	
169.4439719	-45.08358086	
169.4445199	-45.08300689	
169.4468237	-45.08203206	
169.4464699	-45.08152148	
169.448974	-45.0804164	
169.4523835	-45.07706699	
169.4538969	-45.07643147	
169.4541302	-45.07575702	
169.455265	-45.0750191	
169.4577778	-45.07164229	
169.4582084	-45.07088295	
169.458224	-45.06956578	
169.4586327	-45.06916926	
169.4601988	-45.06871701	
169.4611413	-45.06479267	
169.4631122	-45.06294414	
169.4638452	-45.06142155	
169.4670236	-45.05974588	
169.4685112	-45.0563378	
169.4712182	-45.05396621	
169.4713396	-45.05301573	
169.4701485	-45.05257075	
169.4704372	-45.05203426	
169.4719022	-45.05112444	
169.4756895	-45.04996678	
169.4774417	-45.04747532	
169.4795531	-45.04540361	
169.479688	-45.04209086	
169.4797587	-45.04172434	
