169.8837214	-46.19794281	
169.8824355	-46.19783356	
169.8815454	-46.19717991	
169.8807146	-46.19648964	
169.8799047	-46.19578751	
169.8794363	-46.19494877	
169.8788172	-46.19415854	
169.8779892	-46.19346672	
169.877384	-46.19267132	
169.8775217	-46.19177681	
169.8777828	-46.19089567	
169.8782323	-46.19005195	
169.8785632	-46.1891822	
169.878673	-46.18828583	
169.8785644	-46.18738939	
169.8782921	-46.18650988	
169.8778214	-46.18567177	
169.877221	-46.18487466	
169.8766376	-46.18407149	
169.8760287	-46.18327751	
169.8752854	-46.1825408	
169.8742455	-46.18200449	
169.872976	-46.18182651	
169.8717369	-46.18208809	
169.8704431	-46.18204684	
169.8700007	-46.18120133	
169.8699928	-46.18030174	
169.8697868	-46.17941358	
169.8692148	-46.17860646	
169.8683212	-46.17795537	
169.8672267	-46.17747449	
169.8660234	-46.17714186	
169.8647672	-46.17692332	
169.8634866	-46.17678954	
169.8621947	-46.17672719	
169.8608998	-46.17674014	
169.8596141	-46.17684746	
169.8583515	-46.17704751	
169.8571128	-46.17730991	
169.8558855	-46.17759699	
169.854649	-46.1778645	
169.8533917	-46.17808004	
169.8521247	-46.17826627	
169.8508676	-46.17848231	
169.8496231	-46.1787313	
169.8483792	-46.17898169	
169.8471397	-46.17924238	
169.8459261	-46.17955647	
169.8447587	-46.17994585	
169.843668	-46.18043095	
169.842922	-46.18116633	
169.8428904	-46.18206568	
169.8432045	-46.18293843	
169.8434204	-46.18382546	
169.8432951	-46.18472086	
169.842798	-46.1855516	
169.8419171	-46.1862111	
169.8407028	-46.18652397	
169.8394082	-46.1865524	
169.8381213	-46.18665431	
169.8370129	-46.1871198	
169.8362021	-46.18782133	
169.8354721	-46.18856446	
169.8347082	-46.18929098	
169.833973	-46.19003164	
169.833386	-46.19083359	
169.8330704	-46.19170608	
169.8331111	-46.19260525	
169.8335202	-46.19345882	
169.8342469	-46.19420356	
169.8351979	-46.19481442	
169.8362798	-46.19530924	
169.8374291	-46.1957243	
169.8385976	-46.19611269	
169.8396361	-46.19665047	
169.8394099	-46.19753621	
169.8382168	-46.19788674	
169.8369231	-46.19793356	
169.8356293	-46.19788749	
169.8343338	-46.19788241	
169.8330639	-46.19806039	
169.8319286	-46.19849375	
169.8310134	-46.1991305	
169.8302892	-46.1998764	
169.829671	-46.200667	
169.8290806	-46.20146777	
169.8284691	-46.20226086	
169.8278309	-46.20304376	
169.8271988	-46.20382906	
169.8266189	-46.20463356	
169.8261285	-46.20546622	
169.8257486	-46.2063263	
169.8254906	-46.20720789	
169.8253567	-46.20810268	
169.8253229	-46.20900199	
169.8253282	-46.20990159	
169.8253029	-46.21080102	
169.8252089	-46.21169826	
169.8250474	-46.21259085	
169.8248376	-46.2134786	
169.8245998	-46.21436293	
169.8243523	-46.21524598	
169.8241257	-46.21613173	
169.824008	-46.21702761	
169.8242651	-46.21790927	
169.8252745	-46.21847318	
169.8265648	-46.21838978	
169.8276879	-46.21794088	
169.8287002	-46.21737918	
169.8297019	-46.21680841	
169.83074	-46.21626989	
169.8318248	-46.21577767	
169.8329499	-46.21533135	
169.8341051	-46.21492362	
169.8352827	-46.21454815	
169.8364836	-46.21421011	
169.8377192	-46.21393878	
169.8389973	-46.21379065	
169.8402923	-46.21382351	
169.8415473	-46.21404757	
169.8427299	-46.2144155	
169.8438256	-46.21489568	
169.8446114	-46.21561011	
169.8443344	-46.21648809	
169.843299	-46.21702895	
169.8420993	-46.21736903	
169.8408678	-46.21764919	
169.8396204	-46.21789327	
169.8383576	-46.21809563	
169.8370837	-46.21826093	
169.8358089	-46.21842265	
169.8345563	-46.2186534	
169.8333856	-46.21903897	
169.8323797	-46.2196061	
169.8315651	-46.22030569	
169.8309283	-46.22108913	
169.8305304	-46.22194511	
169.8304857	-46.22284407	
169.8307179	-46.22372912	
169.8309056	-46.22461913	
169.8308221	-46.22551686	
169.8306781	-46.22641064	
169.8309426	-46.22729058	
169.8317656	-46.22798524	
169.8328245	-46.228504	
169.8337299	-46.22914518	
169.8339194	-46.2300339	
169.8335267	-46.23089105	
169.8333603	-46.23178027	
169.8339631	-46.23257444	
169.8350104	-46.23310413	
169.8361706	-46.23350543	
169.837317	-46.23392462	
169.8383112	-46.23449739	
169.8387619	-46.23532946	
169.8382426	-46.23614582	
169.8371858	-46.23666596	
169.8360394	-46.23708487	
169.8350058	-46.23762356	
169.8342771	-46.23836223	
169.8340208	-46.23923906	
169.8342685	-46.24011884	
169.8348794	-46.2409113	
169.8356545	-46.24163242	
169.8364425	-46.24234663	
169.8371665	-46.24309278	
169.8378252	-46.24386758	
169.8384673	-46.2446491	
169.8391446	-46.24541604	
169.839888	-46.24615286	
169.8407113	-46.24684746	
169.8416242	-46.24748574	
169.8426348	-46.2480484	
169.8437434	-46.24851358	
169.8449365	-46.24886394	
169.8461895	-46.24909322	
169.8474749	-46.24920841	
169.8487709	-46.24922782	
169.8500654	-46.2491768	
169.8513549	-46.24908208	
169.8526407	-46.24896592	
169.8539252	-46.2488429	
169.8552105	-46.24872429	
169.8576632	-46.24866805	
169.8595129	-46.24815931	
169.861326	-46.24778986	
169.8610936	-46.24896495	
169.8604403	-46.25031356	
169.8603716	-46.25223603	
169.8588029	-46.25218173	
169.8574494	-46.25127548	
169.8556342	-46.25108182	
169.8532761	-46.25112186	
169.8519795	-46.2511222	
169.8506836	-46.25115201	
169.8493882	-46.25119354	
169.8480931	-46.25123868	
169.8467994	-46.25129811	
169.8455128	-46.25140457	
169.8442522	-46.25160676	
169.8430624	-46.25195447	
169.8420201	-46.25247962	
169.8412212	-46.25317894	
169.8407405	-46.25400711	
169.8405881	-46.25489567	
169.840711	-46.25578845	
169.8410419	-46.25665646	
169.8415407	-46.25748501	
169.8422033	-46.25825559	
169.8430364	-46.25894149	
169.8440156	-46.25952912	
169.8450659	-46.26005683	
169.8460717	-46.26062054	
169.8468885	-46.26130985	
169.8474133	-46.26212609	
169.8476845	-46.26300414	
169.8478369	-46.26389746	
169.8479903	-46.26479053	
169.8482151	-46.26567588	
169.8485511	-46.26654357	
169.8490334	-46.26737645	
169.849696	-46.26814605	
169.8505469	-46.26882082	
169.8515355	-46.269402	
169.8525482	-46.26996282	
169.8534081	-46.27062409	
169.8539018	-46.27143946	
169.8539762	-46.27233084	
169.8538245	-46.273224	
169.853676	-46.27411689	
169.8536481	-46.27501507	
169.8537263	-46.27591283	
169.853817	-46.27681001	
169.8538219	-46.27770846	
169.8536865	-46.27860165	
169.8534117	-46.27947984	
169.8530363	-46.28034058	
169.8526078	-46.28118962	
169.8521611	-46.28203422	
169.8517117	-46.28287811	
169.8512636	-46.28372235	
169.8508283	-46.28456974	
169.8504374	-46.28542713	
169.8501365	-46.28630124	
169.8499584	-46.28719121	
169.8498923	-46.28808916	
169.849878	-46.28898868	
169.8498274	-46.28988703	
169.8496593	-46.29077743	
169.8493301	-46.29164558	
169.8488439	-46.29247804	
169.8482349	-46.29327151	
169.847549	-46.29403494	
169.8468442	-46.29479027	
169.8461959	-46.29556845	
169.8456712	-46.29638938	
169.8452635	-46.29724305	
169.8448553	-46.29809615	
169.8442861	-46.29889928	
169.8434801	-46.29959716	
169.8424927	-46.3001776	
169.8414267	-46.30069056	
169.8403616	-46.30120423	
169.8393554	-46.30177036	
169.8384687	-46.30242306	
169.8377855	-46.30318088	
169.8374037	-46.30403147	
169.8373691	-46.30492323	
169.8375974	-46.30580674	
169.837889	-46.30668302	
169.8380396	-46.30757294	
169.8379814	-46.3084694	
169.8378321	-46.30936298	
169.837761	-46.31025966	
169.8378281	-46.31115705	
169.8379594	-46.31205201	
169.8380606	-46.31294857	
169.8381271	-46.31384696	
169.8382546	-46.314741	
169.8385601	-46.31561152	
169.839089	-46.31642897	
169.8397926	-46.31718309	
169.8405872	-46.31789414	
169.8414153	-46.31858696	
169.8422647	-46.31926718	
169.8431574	-46.31991972	
169.8441246	-46.32051801	
169.8451888	-46.32102948	
169.8463568	-46.32141329	
169.8476118	-46.32161821	
169.8488981	-46.32159754	
169.8501317	-46.32134226	
169.8512534	-46.32089789	
169.852271	-46.3203411	
169.8532455	-46.31974669	
169.8542454	-46.31917361	
169.8553106	-46.31866139	
169.8564443	-46.3182251	
169.8576261	-46.31785383	
169.8588308	-46.31751875	
169.8600376	-46.31718708	
169.8612317	-46.31683433	
169.8624055	-46.3164504	
169.8635596	-46.31603858	
169.864701	-46.31561	
169.8658395	-46.31517767	
169.866984	-46.31475312	
169.8681417	-46.31434633	
169.8693187	-46.31396713	
169.8705192	-46.31362554	
169.8717444	-46.31332919	
169.8729913	-46.31307987	
169.8742544	-46.3128732	
169.8755287	-46.31270219	
169.8768106	-46.31256093	
169.8780977	-46.31244409	
169.8793875	-46.3123424	
169.8806767	-46.31223691	
169.8819582	-46.31209613	
169.8832164	-46.31187998	
169.8844221	-46.31155328	
169.8855421	-46.31110381	
169.8865622	-46.31055023	
169.8875022	-46.30993068	
169.8884031	-46.30928308	
169.8892975	-46.30863114	
169.8901909	-46.30797853	
169.891062	-46.30731178	
169.8918769	-46.30661232	
169.8926089	-46.30587043	
169.893254	-46.30509055	
169.8938338	-46.30428593	
169.8943819	-46.30347054	
169.894929	-46.3026548	
169.895495	-46.30184532	
169.896091	-46.30104631	
169.8967234	-46.30026092	
169.8973944	-46.29949103	
169.8980994	-46.29873589	
169.8988273	-46.29799113	
169.8995619	-46.29724957	
169.9002868	-46.29650344	
169.900988	-46.29574656	
169.9016557	-46.29497531	
169.9022829	-46.29418798	
169.9028617	-46.29338309	
169.9033778	-46.29255816	
169.9038097	-46.2917106	
169.9041339	-46.29084058	
169.9043379	-46.28995322	
169.9044415	-46.28905697	
169.9045243	-46.2881593	
169.9047409	-46.28727567	
169.9052666	-46.28646565	
169.906154	-46.28582857	
169.9072811	-46.28539663	
169.9085012	-46.28509359	
169.9097355	-46.28481644	
169.9109454	-46.28449343	
169.9121023	-46.28408913	
169.9131808	-46.28359209	
169.9141594	-46.28300418	
169.9150276	-46.28233767	
169.9157995	-46.28161555	
169.9165203	-46.28086765	
169.9172486	-46.28012331	
169.9180278	-46.27940457	
169.9188703	-46.27872102	
169.9197637	-46.27806906	
169.9206879	-46.27743786	
169.9216274	-46.27681747	
169.9225757	-46.27620363	
169.9235351	-46.27559812	
169.9245125	-46.27500674	
169.9255163	-46.27443707	
169.9265532	-46.27389691	
169.9276265	-46.27339215	
169.9287332	-46.27292318	
169.9298636	-46.27248206	
169.9310053	-46.27205504	
169.932149	-46.27163051	
169.9332933	-46.2712068	
169.9344455	-46.2707937	
169.9356166	-46.27040729	
169.9368142	-46.27006254	
169.9380393	-46.26976805	
169.9392876	-46.26952497	
169.9405531	-46.26932859	
169.9418296	-46.26916967	
169.9431119	-46.26903421	
169.9443955	-46.26890442	
169.9456768	-46.26876445	
169.9469544	-46.26860914	
169.9482307	-46.26844848	
169.9495105	-46.26830267	
169.9507973	-46.26819129	
169.9520904	-46.26812465	
169.9533868	-46.26810254	
169.9546835	-46.26811902	
169.9559785	-46.26816788	
169.9572707	-46.26824493	
169.9585593	-46.26834701	
169.9598443	-46.26846951	
169.9611268	-46.26860434	
169.9624093	-46.26873903	
169.9636951	-46.26885681	
169.9649867	-46.26893658	
169.9662826	-46.26895315	
169.9675736	-46.26888066	
169.9688416	-46.26869973	
169.9700614	-46.26840034	
169.9711972	-46.26797214	
169.9721835	-46.26739609	
169.9729231	-46.26666701	
169.9733549	-46.26582648	
169.9735304	-46.26493825	
169.9735742	-46.26403961	
169.9735945	-46.26314016	
169.9736552	-46.26224179	
169.9737942	-46.26134791	
169.9740353	-46.2604648	
169.9743748	-46.25959719	
169.9747723	-46.25874103	
169.9751741	-46.25788573	
169.975557	-46.2570263	
169.9759576	-46.25617083	
169.9764547	-46.25534128	
169.9771082	-46.25456705	
169.9779028	-46.25385796	
169.9787571	-46.25318125	
169.9795835	-46.25248847	
169.9803477	-46.25176221	
169.9810865	-46.25102291	
169.9818636	-46.25030324	
169.9827172	-46.24962709	
169.983653	-46.24900556	
169.9846636	-46.24844318	
169.985736	-46.24793859	
169.986847	-46.2474751	
169.9879619	-46.24701587	
169.9890393	-46.24651639	
169.9900414	-46.24594754	
169.9909538	-46.2453098	
169.9917984	-46.24462773	
169.9926265	-46.24393551	
169.993498	-46.24327012	
169.994463	-46.24267169	
169.9955402	-46.24217532	
169.9967065	-46.24178635	
169.9979172	-46.24146567	
169.999133	-46.24115337	
170.000328	-46.24080533	
170.0014882	-46.24040488	
170.0026087	-46.23995321	
170.0036952	-46.2394627	
170.0047697	-46.23895947	
170.0058745	-46.23848965	
170.007056	-46.23812622	
170.0083196	-46.23795683	
170.009601	-46.23802836	
170.0108284	-46.23830423	
170.011988	-46.2387034	
170.0131054	-46.23915905	
170.0142053	-46.23963512	
170.0153	-46.24011706	
170.0163935	-46.2406003	
170.0174868	-46.24108376	
170.0185801	-46.24156724	
170.0196734	-46.24205072	
170.0207668	-46.24253418	
170.0218601	-46.24301763	
170.0229535	-46.24350108	
170.0240469	-46.24398451	
170.0251403	-46.24446793	
170.0262337	-46.24495134	
170.0273272	-46.24543474	
170.0284206	-46.24591813	
170.0295141	-46.24640151	
170.0306076	-46.24688488	
170.0317011	-46.24736824	
170.0327947	-46.24785159	
170.0338882	-46.24833492	
170.0349818	-46.24881825	
170.0360754	-46.24930157	
170.037169	-46.24978487	
170.0382626	-46.25026817	
170.0393563	-46.25075145	
170.04045	-46.25123472	
170.0415437	-46.25171798	
170.0426374	-46.25220124	
170.0437311	-46.25268448	
170.0448248	-46.25316771	
170.0459186	-46.25365093	
170.0470124	-46.25413414	
170.0481062	-46.25461734	
170.0492	-46.25510053	
170.0502938	-46.2555837	
170.0513877	-46.25606687	
170.0524816	-46.25655003	
170.0535755	-46.25703317	
170.0546694	-46.25751631	
170.0557633	-46.25799943	
170.0568573	-46.25848255	
170.0579513	-46.25896565	
170.0590452	-46.25944874	
170.0601393	-46.25993182	
170.0612333	-46.26041489	
170.0623273	-46.26089796	
170.0634214	-46.26138103	
170.0645152	-46.26186433	
170.0656075	-46.26234932	
170.0666915	-46.26284322	
170.0677407	-46.26337134	
170.0686739	-46.26399194	
170.0693071	-46.26476407	
170.0694379	-46.26564093	
170.0690819	-46.26649408	
170.06844	-46.26727202	
170.0676802	-46.26800048	
170.0668823	-46.26870964	
170.0660745	-46.26941346	
170.0652647	-46.27011615	
170.0644545	-46.27081866	
170.0636442	-46.27152114	
170.062834	-46.27222362	
170.0620237	-46.27292608	
170.0612134	-46.27362854	
170.0604031	-46.274331	
170.0595927	-46.27503345	
170.0587823	-46.2757359	
170.0579719	-46.27643833	
170.0571615	-46.27714077	
170.0563511	-46.2778432	
170.0555407	-46.27854562	
170.0547302	-46.27924803	
170.0539197	-46.27995045	
170.0531092	-46.28065285	
170.0522986	-46.28135525	
170.0514881	-46.28205764	
170.0506775	-46.28276003	
170.0498669	-46.28346241	
170.0490563	-46.28416479	
170.0482457	-46.28486716	
170.047435	-46.28556953	
170.0466243	-46.28627189	
170.0458136	-46.28697424	
170.0450029	-46.28767659	
170.0441922	-46.28837893	
170.0433814	-46.28908127	
170.0425707	-46.2897836	
170.0417599	-46.29048593	
170.040949	-46.29118825	
170.0401382	-46.29189056	
170.0393273	-46.29259287	
170.0385165	-46.29329517	
170.0377056	-46.29399747	
170.0368946	-46.29469976	
170.0360837	-46.29540205	
170.0352727	-46.29610433	
170.0344618	-46.2968066	
170.0336508	-46.29750887	
170.0328397	-46.29821114	
170.0320287	-46.29891339	
170.0312176	-46.29961565	
170.0304065	-46.30031789	
170.0295954	-46.30102013	
170.0287843	-46.30172237	
170.0279732	-46.3024246	
170.027162	-46.30312682	
170.0263508	-46.30382904	
170.0255396	-46.30453125	
170.0247284	-46.30523346	
170.0239171	-46.30593566	
170.0231059	-46.30663785	
170.0222946	-46.30734004	
170.0214833	-46.30804222	
170.0206719	-46.3087444	
170.0198606	-46.30944657	
170.0190492	-46.31014874	
170.0182378	-46.3108509	
170.0174264	-46.31155306	
170.016615	-46.31225521	
170.0158035	-46.31295735	
170.014992	-46.31365949	
170.0141806	-46.31436162	
170.013369	-46.31506375	
170.0125575	-46.31576587	
170.0117459	-46.31646798	
170.0109344	-46.31717009	
170.0101228	-46.3178722	
170.0093112	-46.31857429	
170.0084995	-46.31927639	
170.0076879	-46.31997847	
170.0068762	-46.32068056	
170.0060645	-46.32138263	
170.0052528	-46.3220847	
170.004441	-46.32278677	
170.0036293	-46.32348882	
170.0028175	-46.32419088	
170.0020057	-46.32489292	
170.0011939	-46.32559497	
170.000382	-46.326297	
169.9995702	-46.32699903	
169.9987583	-46.32770105	
169.9979464	-46.32840307	
169.9971344	-46.32910508	
169.9963225	-46.32980709	
169.9955105	-46.33050909	
169.9946985	-46.33121108	
169.9938865	-46.33191307	
169.9930745	-46.33261505	
169.9922624	-46.33331703	
169.9914504	-46.334019	
169.9906383	-46.33472097	
169.9898262	-46.33542293	
169.989014	-46.33612488	
169.9882019	-46.33682683	
169.9873897	-46.33752877	
169.9865775	-46.33823071	
169.9857653	-46.33893264	
169.9849531	-46.33963457	
169.9841408	-46.34033649	
169.9833285	-46.3410384	
169.9825162	-46.34174031	
169.9817039	-46.34244222	
169.9808916	-46.34314412	
169.9800792	-46.34384601	
169.9792669	-46.3445479	
169.9784545	-46.34524978	
169.977642	-46.34595165	
169.9768296	-46.34665352	
169.9760171	-46.34735538	
169.9752047	-46.34805724	
169.9743922	-46.34875909	
169.9735796	-46.34946094	
169.9727671	-46.35016278	
169.9719545	-46.35086462	
169.971142	-46.35156645	
169.9703294	-46.35226827	
169.9695167	-46.35297009	
169.9687041	-46.3536719	
169.9678914	-46.35437371	
169.9670787	-46.35507551	
169.966266	-46.35577731	
169.9654533	-46.3564791	
169.9646406	-46.35718088	
169.9638278	-46.35788266	
169.963015	-46.35858443	
169.9622022	-46.3592862	
169.9613894	-46.35998796	
169.9605765	-46.36068972	
169.9597636	-46.36139147	
169.9589508	-46.36209321	
169.9581378	-46.36279495	
169.9573249	-46.36349669	
169.956512	-46.36419841	
169.955699	-46.36490013	
169.954886	-46.36560185	
169.954073	-46.36630356	
169.9532599	-46.36700527	
169.9524469	-46.36770697	
169.9516338	-46.36840866	
169.9508207	-46.36911035	
169.9500076	-46.36981203	
169.9491945	-46.37051371	
169.9483813	-46.37121538	
169.9475681	-46.37191704	
169.9467549	-46.3726187	
169.9459417	-46.37332036	
169.9451285	-46.374022	
169.9443152	-46.37472365	
169.9435019	-46.37542528	
169.9426886	-46.37612691	
169.9418753	-46.37682854	
169.941062	-46.37753016	
169.9402486	-46.37823177	
169.9394352	-46.37893338	
169.9386218	-46.37963498	
169.9378084	-46.38033658	
169.936995	-46.38103817	
169.9361815	-46.38173976	
169.935368	-46.38244134	
169.9345545	-46.38314291	
169.933741	-46.38384448	
169.9329274	-46.38454604	
169.9321139	-46.3852476	
169.9313003	-46.38594915	
169.9304867	-46.3866507	
169.929673	-46.38735224	
169.9288594	-46.38805377	
169.9280457	-46.3887553	
169.927232	-46.38945682	
169.9264183	-46.39015834	
169.9256046	-46.39085985	
169.9247908	-46.39156136	
169.9239771	-46.39226286	
169.9231633	-46.39296435	
169.9223494	-46.39366584	
169.9215356	-46.39436732	
169.9207218	-46.3950688	
169.9199079	-46.39577027	
169.919094	-46.39647174	
169.9182801	-46.3971732	
169.9174661	-46.39787466	
169.9166522	-46.3985761	
169.9158382	-46.39927755	
169.9150242	-46.39997899	
169.9142102	-46.40068042	
169.9133962	-46.40138185	
169.9125821	-46.40208327	
169.911768	-46.40278468	
169.9109539	-46.40348609	
169.9101398	-46.4041875	
169.9093257	-46.4048889	
169.9085115	-46.40559029	
169.9076973	-46.40629167	
169.9068831	-46.40699306	
169.9060689	-46.40769443	
169.9052547	-46.4083958	
169.9044404	-46.40909717	
169.9036261	-46.40979852	
169.9028118	-46.41049988	
169.9019975	-46.41120122	
169.9011832	-46.41190257	
169.9003688	-46.4126039	
169.8995544	-46.41330523	
169.89874	-46.41400655	
169.8979256	-46.41470787	
169.8971111	-46.41540919	
169.8962967	-46.41611049	
169.8954822	-46.41681179	
169.8946677	-46.41751309	
169.8938531	-46.41821438	
169.8930386	-46.41891566	
169.892224	-46.41961694	
169.8914094	-46.42031822	
169.8905948	-46.42101948	
169.8897802	-46.42172074	
169.8889655	-46.422422	
169.8881508	-46.42312325	
169.8873362	-46.42382449	
169.8865214	-46.42452573	
169.8857067	-46.42522697	
169.8848919	-46.42592819	
169.8840772	-46.42662941	
169.8832624	-46.42733063	
169.8824476	-46.42803184	
169.8816327	-46.42873304	
169.8808179	-46.42943424	
169.880003	-46.43013544	
169.8791881	-46.43083662	
169.8783732	-46.43153781	
169.8775582	-46.43223898	
169.8767433	-46.43294015	
169.8759283	-46.43364132	
169.8751133	-46.43434247	
169.8742983	-46.43504363	
169.8734832	-46.43574477	
169.8726681	-46.43644592	
169.8718531	-46.43714705	
169.871038	-46.43784818	
169.8702228	-46.43854931	
169.8694077	-46.43925043	
169.8685925	-46.43995154	
169.8677773	-46.44065264	
169.8669621	-46.44135375	
169.8661469	-46.44205484	
169.8653316	-46.44275593	
169.8645164	-46.44345702	
169.8637011	-46.4441581	
169.8628858	-46.44485917	
169.8620704	-46.44556024	
169.8612551	-46.4462613	
169.8604397	-46.44696235	
169.8596243	-46.4476634	
169.8588089	-46.44836445	
169.8579935	-46.44906549	
169.857178	-46.44976652	
169.8563625	-46.45046755	
169.855547	-46.45116857	
169.8547315	-46.45186957	
169.8539157	-46.45257046	
169.8530984	-46.45327049	
169.852273	-46.45396597	
169.8514174	-46.45464359	
169.8504813	-46.45526718	
169.8494029	-46.45576409	
169.8481778	-46.45604562	
169.8468867	-46.45608198	
169.8456073	-46.45593311	
169.8443569	-46.45568573	
169.8431234	-46.45539904	
169.8418958	-46.45510024	
169.8406697	-46.45479853	
169.8394438	-46.45449628	
169.838218	-46.45419393	
169.8369923	-46.45389157	
169.8357665	-46.45358919	
169.8345408	-46.4532868	
169.833315	-46.45298439	
169.8320893	-46.45268197	
169.8308636	-46.45237954	
169.8296379	-46.4520771	
169.8284122	-46.45177464	
169.8271866	-46.45147214	
169.8259611	-46.45116941	
169.8247363	-46.45086525	
169.8235148	-46.45055476	
169.8223044	-46.45022455	
169.8211206	-46.4498516	
169.8199832	-46.4494157	
169.8188976	-46.44892044	
169.817839	-46.44839739	
169.8167684	-46.44788613	
169.8156632	-46.44741161	
169.8145247	-46.44697634	
169.813368	-46.44656428	
169.8122158	-46.44614619	
169.8110925	-46.44569258	
169.810009	-46.44519493	
169.8089531	-46.44466931	
169.8079056	-46.44413562	
169.8068545	-46.4436053	
169.8057818	-46.44309635	
169.8046539	-46.44264931	
169.8034488	-46.4423151	
169.802183	-46.44211615	
169.8008908	-46.44201716	
169.799594	-46.44194262	
169.7983044	-46.4418253	
169.7970327	-46.44163757	
169.795786	-46.44138161	
169.7945716	-46.44105997	
169.7934066	-46.44066117	
169.7923186	-46.44017009	
169.7913323	-46.43958555	
169.7904561	-46.43892205	
169.7896918	-46.43819525	
169.7890559	-46.4374118	
169.7885981	-46.436572	
169.788487	-46.43568333	
169.7894646	-46.43531928	
169.7902737	-46.43596811	
169.7908952	-46.43675785	
169.7916219	-46.43750364	
169.7925817	-46.43810886	
169.7938268	-46.43793092	
169.7938949	-46.43705178	
169.793525	-46.43619072	
169.793113	-46.4353375	
169.7927431	-46.43447509	
169.7924222	-46.43360337	
169.7921179	-46.43272878	
169.7917668	-46.43186264	
169.7913004	-46.43102301	
169.7906978	-46.43022598	
169.7900174	-46.42945934	
169.7893687	-46.42867965	
169.7888496	-46.42785501	
169.7884886	-46.42699102	
169.7882469	-46.42610725	
169.7880813	-46.42521507	
169.7879913	-46.42431773	
169.7880222	-46.42341855	
169.7882424	-46.42253227	
169.7886975	-46.42169004	
169.7893528	-46.42091342	
169.7900862	-46.42017057	
169.7907285	-46.41938846	
169.7911143	-46.41852999	
169.7911812	-46.41763237	
169.7910162	-46.41674046	
169.7907686	-46.41585741	
169.7905617	-46.41496933	
169.7904778	-46.41407177	
169.7906261	-46.41317847	
169.7912481	-46.41239025	
169.792475	-46.41211145	
169.7936384	-46.41251126	
169.7945586	-46.41314644	
169.7956466	-46.41362353	
169.7968954	-46.4134783	
169.7975582	-46.41273866	
169.7972849	-46.41188795	
169.7963331	-46.41129225	
169.7951316	-46.41095291	
169.7938759	-46.4107187	
169.7926263	-46.41047202	
169.7914313	-46.41012563	
169.7904031	-46.40959257	
169.7897842	-46.40882806	
169.7898165	-46.40795154	
169.7903855	-46.40714939	
169.7911356	-46.4064148	
169.7917401	-46.40562824	
169.7919107	-46.40475643	
169.7915067	-46.40392325	
169.7906306	-46.40327948	
169.7894783	-46.4028843	
169.7882095	-46.40270727	
169.7869122	-46.40265044	
169.7856161	-46.40258869	
169.7843428	-46.40242154	
169.7831292	-46.40210806	
169.7820037	-46.40166219	
169.7809726	-46.40111656	
169.7800359	-46.4004944	
169.7792005	-46.39980676	
169.7784717	-46.39906307	
169.7778414	-46.39827703	
169.7772961	-46.39746099	
169.7768435	-46.39661864	
169.7765264	-46.39574829	
169.7763997	-46.39485613	
169.7764907	-46.39396191	
169.7767848	-46.39308808	
169.7772439	-46.39224807	
169.7778235	-46.39144368	
169.7784767	-46.39066616	
169.779161	-46.38990129	
169.779853	-46.38913977	
169.7805574	-46.3883838	
169.7812907	-46.38764114	
169.782044	-46.38690805	
169.7827521	-46.38615482	
169.7832881	-46.38534102	
169.7835245	-46.38446479	
169.7834551	-46.38357075	
169.7832216	-46.38268609	
169.7829935	-46.38180097	
169.7828733	-46.38090653	
169.782886	-46.38000809	
169.7830032	-46.37911261	
169.7827657	-46.37680137	
169.7833687	-46.37521021	
169.7821464	-46.37505263	
169.781503	-46.37577979	
169.7806353	-46.3783418	
169.7802192	-46.38011573	
169.778482	-46.37977197	
169.7777132	-46.37842736	
169.7776419	-46.37625914	
169.7770254	-46.37510213	
169.7761782	-46.37438499	
169.7749588	-46.37377925	
169.7735279	-46.37359776	
169.7723531	-46.37321483	
169.7711338	-46.37290442	
169.7698883	-46.37264831	
169.768628	-46.37242898	
169.7673656	-46.37221534	
169.7661233	-46.37195188	
169.7649486	-46.37156988	
169.7639164	-46.37102723	
169.763084	-46.37033956	
169.7624459	-46.36955759	
169.7619568	-46.3687249	
169.7615796	-46.36786444	
169.7613057	-46.36698539	
169.7611497	-46.36609274	
169.7611332	-46.36519379	
169.761267	-46.36429962	
169.76153	-46.36341912	
169.7618336	-46.36254448	
169.7619815	-46.36165163	
169.7617262	-46.36077454	
169.7610493	-46.36001251	
169.7601934	-46.35933681	
169.7593805	-46.35863524	
169.7587344	-46.35785594	
169.758266	-46.35701775	
169.7578844	-46.35615801	
169.7574371	-46.35531359	
169.756762	-46.35454682	
169.7557772	-46.35396571	
169.754559	-46.35366538	
169.7532642	-46.35364282	
169.7519908	-46.35381501	
169.7507517	-46.35408453	
169.7495197	-46.35437007	
169.7482638	-46.35459979	
169.7469684	-46.35465159	
169.7458207	-46.35424556	
169.7455589	-46.35337815	
169.7460698	-46.35255432	
169.746873	-46.35184781	
169.7478093	-46.35122436	
169.7488518	-46.3506878	
169.7499987	-46.35026558	
169.7512342	-46.3499881	
169.75252	-46.34986107	
169.7538186	-46.34983995	
169.7551176	-46.34982894	
169.7564052	-46.34971047	
169.7576307	-46.34941273	
169.7587649	-46.34897446	
169.7598696	-46.34850123	
169.7610127	-46.34807387	
169.7621833	-46.3476839	
169.7632993	-46.34722357	
169.764167	-46.34655482	
169.7644572	-46.34567919	
169.7640094	-46.3448358	
169.7630406	-46.34423727	
169.7618362	-46.343901	
169.7605544	-46.34375597	
169.759256	-46.34373284	
169.7579599	-46.34379257	
169.7566751	-46.34392449	
169.7554108	-46.3441307	
169.7541738	-46.34440523	
169.7529568	-46.3447196	
169.7517339	-46.34502275	
169.7504773	-46.34525015	
169.749185	-46.34533842	
169.7478929	-46.34524899	
169.7466489	-46.34499067	
169.7454681	-46.34461581	
169.744323	-46.34419123	
169.743174	-46.34377163	
169.7419985	-46.34338906	
169.7407898	-46.34305973	
169.7395449	-46.3428036	
169.7382634	-46.34265854	
169.736965	-46.34266728	
169.7356864	-46.34282557	
169.7343476	-46.34303323	
169.7307782	-46.34466459	
169.7308229	-46.34329791	
169.734038	-46.3409842	
169.7346874	-46.34020601	
169.7352065	-46.33938326	
169.7355131	-46.33851361	
169.7354586	-46.33762732	
169.7348752	-46.33684516	
169.7338512	-46.33630473	
169.7326719	-46.33592789	
169.7315301	-46.33550788	
169.730573	-46.33491269	
169.7299194	-46.33414459	
169.729573	-46.33328104	
169.7293862	-46.33239082	
169.7290875	-46.33152248	
169.7284032	-46.33078247	
169.7273145	-46.33032536	
169.7260484	-46.33014964	
169.7247513	-46.33011035	
169.7217211	-46.33005803	
169.7192953	-46.32998803	
169.7191035	-46.32909177	
169.7203168	-46.32837634	
169.7214911	-46.32753468	
169.7218083	-46.32666702	
169.7217691	-46.32578113	
169.7213167	-46.32494909	
169.7205827	-46.3242118	
169.7197082	-46.32354813	
169.7187588	-46.32293522	
169.7177439	-46.3223754	
169.716672	-46.32186859	
169.7155755	-46.32138673	
169.7144861	-46.32089747	
169.7134001	-46.32040436	
169.7122808	-46.31994993	
169.7110946	-46.31958993	
169.7098405	-46.31937208	
169.7085501	-46.31932266	
169.7072645	-46.31942783	
169.7059983	-46.31962495	
169.7047336	-46.31982773	
169.7034513	-46.31996004	
169.7006163	-46.32023451	
169.6988704	-46.3202721	
169.699254	-46.3190281	
169.7000526	-46.31795334	
169.701594	-46.317304	
169.7030138	-46.31709585	
169.7042097	-46.31674589	
169.7054075	-46.31639887	
169.7065957	-46.31603647	
169.7077667	-46.31564817	
169.7089018	-46.31521228	
169.7099733	-46.31470568	
169.7109581	-46.31412096	
169.7118367	-46.31346019	
169.7125735	-46.31272145	
169.7131164	-46.31190694	
169.7134306	-46.31103681	
169.7135248	-46.31014164	
169.7134478	-46.30924473	
169.7132788	-46.30835304	
169.7131215	-46.30746013	
169.7130797	-46.3065618	
169.7132037	-46.3056676	
169.7134507	-46.30478498	
169.7137101	-46.30390354	
169.7138606	-46.30301076	
169.7138075	-46.30211394	
169.713505	-46.30124196	
169.7129804	-46.30042138	
169.7123441	-46.29963777	
169.7117581	-46.29883548	
169.7113812	-46.29797728	
169.7112974	-46.29708316	
169.7115029	-46.29619796	
169.711641	-46.29489206	
169.7128413	-46.29379073	
169.714757	-46.29306046	
169.7162274	-46.29361125	
169.7163401	-46.29561096	
169.7174518	-46.29671193	
169.7189106	-46.2956016	
169.7198807	-46.29425739	
169.7207521	-46.29359091	
169.7217087	-46.29298313	
169.722812	-46.29250989	
169.7240025	-46.29215212	
169.7251855	-46.29178236	
169.7262178	-46.29123758	
169.7268832	-46.29046623	
169.7270923	-46.28957921	
169.7269228	-46.28868786	
169.7264929	-46.28783928	
169.7259209	-46.28703181	
169.7253174	-46.28623547	
169.7247767	-46.28541791	
169.7243731	-46.28456323	
169.7241494	-46.28367739	
169.7240973	-46.28277865	
169.7241605	-46.28188014	
169.7242706	-46.28098379	
169.7244016	-46.28008884	
169.7246174	-46.27920224	
169.7250468	-46.27835435	
169.7257498	-46.27759909	
169.7266452	-46.27694832	
169.7276175	-46.27635274	
169.7285956	-46.27576174	
169.7295499	-46.27515239	
169.7304652	-46.27451496	
169.7313119	-46.27383378	
169.7320281	-46.27308461	
169.7325254	-46.27225492	
169.7327469	-46.27136926	
169.7327512	-46.27046973	
169.7327014	-46.26957094	
169.7327566	-46.26867251	
169.7329639	-46.26778459	
169.7332528	-46.26690757	
169.733528	-46.26602852	
169.7337329	-46.26514034	
169.7338495	-46.2642445	
169.7338742	-46.26334519	
169.7338059	-46.26244695	
169.733656	-46.26155338	
169.7334822	-46.26066207	
169.7334297	-46.25976508	
169.7337373	-46.25889678	
169.7345501	-46.25820016	
169.7356165	-46.25768963	
169.7365032	-46.25705496	
169.7366163	-46.25617186	
169.7360518	-46.25536387	
169.7352736	-46.2546444	
169.7344436	-46.25395317	
169.7336225	-46.25325699	
169.7328451	-46.25253716	
169.7321457	-46.25178012	
169.7315615	-46.25097762	
169.7311176	-46.25013287	
169.7308043	-46.24926015	
169.7305791	-46.24837426	
169.730394	-46.24748386	
169.7302113	-46.24659324	
169.7299905	-46.24570701	
169.7296654	-46.2448371	
169.7291467	-46.24401493	
169.7283716	-46.24329696	
169.7273685	-46.2427292	
169.7262377	-46.24228955	
169.7250729	-46.24189454	
169.7239369	-46.24146171	
169.7228664	-46.24095492	
169.7218715	-46.24037851	
169.7209524	-46.23974447	
169.7201159	-46.2390576	
169.7193694	-46.2383224	
169.7187092	-46.23754836	
169.7181187	-46.23674757	
169.7175725	-46.23593172	
169.7170459	-46.23510967	
169.716529	-46.23428465	
169.7160337	-46.23345337	
169.7155838	-46.23260977	
169.7151919	-46.23175229	
169.7148327	-46.23088792	
169.71444	-46.23003087	
169.7139428	-46.22920069	
169.7133098	-46.22841624	
169.7125573	-46.22768411	
169.7117209	-46.22699707	
169.7108309	-46.22634305	
169.7099113	-46.22570906	
169.7089883	-46.2250775	
169.7080936	-46.22442676	
169.7072515	-46.22374307	
169.7064612	-46.22303006	
169.705699	-46.22230242	
169.7049475	-46.22156951	
169.7042265	-46.22082222	
169.7035933	-46.22003803	
169.7031046	-46.21920557	
169.702769	-46.21833699	
169.7025382	-46.21745181	
169.7023469	-46.21656204	
169.7021518	-46.21567267	
169.7019428	-46.21478482	
169.7017304	-46.21389737	
169.7015238	-46.21300925	
169.7013206	-46.21212076	
169.7011133	-46.21123272	
169.7009045	-46.21034485	
169.7007114	-46.2094553	
169.700554	-46.20856239	
169.7004407	-46.20766626	
169.7003673	-46.2067681	
169.700326	-46.20586895	
169.7003069	-46.20496942	
169.7002855	-46.20406996	
169.700215	-46.20317193	
169.7000379	-46.20228133	
169.6997146	-46.2014108	
169.6992444	-46.20057304	
169.698653	-46.19977298	
169.6979647	-46.19901115	
169.6971888	-46.19829109	
169.6963264	-46.19762022	
169.6953793	-46.197007	
169.694351	-46.19646051	
169.6932469	-46.19599091	
169.6920766	-46.19560622	
169.6908558	-46.19530605	
169.6896031	-46.19507736	
169.6883336	-46.19489842	
169.6870557	-46.19475113	
169.6857722	-46.19462926	
169.684484	-46.1945344	
169.6831921	-46.19446833	
169.6818978	-46.19443198	
169.6806024	-46.1944244	
169.679307	-46.19443311	
169.6780119	-46.19442417	
169.6767224	-46.19434601	
169.6754597	-46.19415021	
169.6742563	-46.19381947	
169.6731259	-46.19338066	
169.6720403	-46.19288974	
169.6709477	-46.19240684	
169.6698092	-46.19197845	
169.6686194	-46.19162314	
169.6673999	-46.19131971	
169.6661856	-46.19100759	
169.6650233	-46.19061301	
169.6639647	-46.1900965	
169.6630284	-46.18947563	
169.6621905	-46.18878989	
169.661433	-46.1880605	
169.6607607	-46.18729177	
169.6601549	-46.1864966	
169.6595396	-46.18570532	
169.658826	-46.18495547	
169.6579806	-46.18427471	
169.657033	-46.18366173	
169.6560356	-46.18308777	
169.655037	-46.18251498	
169.6540774	-46.18191123	
169.6531898	-46.18125665	
169.6523988	-46.18054493	
169.6517126	-46.17978233	
169.6511104	-46.17898591	
169.6505312	-46.17818136	
169.6498839	-46.17740314	
169.6490907	-46.17669378	
169.6481389	-46.17608513	
169.6470792	-46.17556842	
169.6459748	-46.17509863	
169.6448689	-46.17463059	
169.6437791	-46.17414466	
169.6426996	-46.17364771	
169.6416097	-46.173162	
169.6404857	-46.17271596	
169.6393108	-46.1723391	
169.6380833	-46.17205467	
169.6368176	-46.17186612	
169.6355343	-46.17174613	
169.6342486	-46.17163958	
169.6329756	-46.17147903	
169.6317433	-46.17120704	
169.6305895	-46.17080126	
169.6295297	-46.17028508	
169.6285319	-46.16971168	
169.6275314	-46.16914089	
169.6264723	-46.16862444	
169.6253385	-46.16819102	
169.6241506	-46.16783326	
169.6229388	-46.1675163	
169.6217235	-46.16720576	
169.6205108	-46.16689049	
169.6192935	-46.16658399	
169.618061	-46.1663088	
169.6168095	-46.16607868	
169.6155432	-46.16589095	
169.6142692	-46.16573057	
169.6129929	-46.16557897	
169.6117184	-46.16542023	
169.6104495	-46.16524165	
169.609191	-46.16503058	
169.6079499	-46.16477494	
169.6067312	-46.16447131	
169.6055318	-46.16413241	
169.6043397	-46.16378142	
169.6031444	-46.16343562	
169.6019458	-46.16309529	
169.6007506	-46.16274945	
169.599563	-46.16239118	
169.5983809	-46.16202417	
169.597201	-46.16165379	
169.5960264	-46.16127532	
169.5948684	-46.16087327	
169.593741	-46.16043136	
169.5926556	-46.15994136	
169.5916165	-46.15940494	
169.5906168	-46.15883334	
169.5896339	-46.15824785	
169.5886331	-46.15767742	
169.5875837	-46.15715123	
169.5864724	-46.1566907	
169.5853017	-46.15630791	
169.5840821	-46.15600758	
169.582829	-46.1557825	
169.5815591	-46.15560749	
169.5802854	-46.15544686	
169.5790155	-46.15527221	
169.5777532	-46.15507281	
169.5764985	-46.15485139	
169.5752496	-46.15461449	
169.574005	-46.15436692	
169.572764	-46.15411098	
169.5715263	-46.15384737	
169.570291	-46.1535783	
169.5690551	-46.15331065	
169.5678156	-46.15305114	
169.5665765	-46.15279077	
169.5653575	-46.15249019	
169.564207	-46.15208338	
169.5632194	-46.15150919	
169.5625109	-46.15076224	
169.5621265	-46.14990603	
169.5619901	-46.14901208	
169.5619746	-46.14811252	
169.5619872	-46.14721291	
169.5620004	-46.1463133	
169.5620371	-46.14541412	
169.5621333	-46.14451716	
169.5623034	-46.14362544	
169.5625265	-46.14273926	
169.5627572	-46.14185404	
169.562948	-46.1409644	
169.5630645	-46.14006871	
169.5630843	-46.13916961	
169.5629893	-46.138273	
169.5627637	-46.13738786	
169.5624006	-46.13652509	
169.5619096	-46.13569324	
169.5613161	-46.1348941	
169.5606454	-46.13412501	
169.5599065	-46.13338674	
169.559099	-46.13268403	
169.558234	-46.132015	
169.5573394	-46.13136498	
169.5564411	-46.1307174	
169.5555461	-46.13006767	
169.5546501	-46.12941854	
169.5537692	-46.12875984	
169.5529553	-46.12806155	
169.5522639	-46.12730208	
169.5516878	-46.12649664	
169.5511398	-46.1256818	
169.5505275	-46.12488979	
169.5498234	-46.12413531	
169.5490552	-46.12341148	
169.5482539	-46.12270516	
169.5474301	-46.12201151	
169.5465868	-46.12132917	
169.5457399	-46.12064907	
169.54492	-46.11995339	
169.5441573	-46.11922703	
169.5434578	-46.11847029	
169.5427895	-46.11769996	
169.5421011	-46.11693841	
169.5413643	-46.11619904	
169.5405927	-46.11547688	
169.5398133	-46.11475885	
169.5390235	-46.11404643	
169.5381891	-46.11335938	
169.5372828	-46.11271801	
169.5363082	-46.11212682	
169.5352883	-46.11157344	
169.5342527	-46.11103441	
169.5332353	-46.11047919	
169.5322724	-46.10987921	
169.5313931	-46.10922023	
169.530609	-46.10850533	
169.5299126	-46.1077475	
169.5292841	-46.10696131	
169.5287051	-46.10615694	
169.5281749	-46.10533654	
169.527721	-46.10449472	
169.5273962	-46.10362531	
169.5272636	-46.10273249	
169.5273499	-46.1018361	
169.5275829	-46.10095115	
169.5277981	-46.10006508	
169.5278412	-46.09916798	
169.5276706	-46.09827736	
169.5273474	-46.09740663	
169.5269341	-46.09655443	
169.5264363	-46.09572477	
169.5258203	-46.09493495	
169.5250723	-46.09420199	
169.5242305	-46.09351917	
169.5233585	-46.09285485	
169.5225066	-46.09217816	
169.5216982	-46.09147617	
169.520933	-46.09075101	
169.5201972	-46.09001122	
169.5194715	-46.08926658	
169.5187368	-46.08852627	
169.517977	-46.08779839	
169.5171803	-46.08708997	
169.5163416	-46.08640539	
169.5154679	-46.08574218	
169.5145789	-46.08508896	
169.5136944	-46.08443275	
169.5128214	-46.08376913	
169.5119554	-46.08310105	
169.5110973	-46.08242812	
169.5102618	-46.08174167	
169.5094686	-46.08103145	
169.508728	-46.08029422	
169.5080315	-46.07953627	
169.5066009	-46.07801845	
169.5055851	-46.07651621	
169.5048591	-46.0771808	
169.5052728	-46.0790768	
169.5048869	-46.08018376	
169.5047546	-46.08107865	
169.5046327	-46.08197403	
169.5046301	-46.08287141	
169.5044618	-46.08422896	
169.5054594	-46.08491712	
169.5066227	-46.08498799	
169.5078233	-46.08531871	
169.5090216	-46.08565274	
169.5101229	-46.08611474	
169.5110839	-46.0867122	
169.5119408	-46.08738519	
169.5127499	-46.08808688	
169.5135291	-46.08880469	
169.5142786	-46.08953773	
169.5150101	-46.09027963	
169.5157439	-46.09102036	
169.5165024	-46.09174887	
169.5173043	-46.09245432	
169.5181489	-46.09313538	
169.5190121	-46.09380526	
169.5198556	-46.09448694	
169.5206005	-46.09521939	
169.5217987	-46.09616425	
169.5217703	-46.09701273	
169.520473	-46.09774885	
169.5188878	-46.09772664	
169.5168845	-46.09728674	
169.5157899	-46.09749082	
169.5149366	-46.09835697	
169.5154312	-46.0994237	
169.5166306	-46.10032024	
169.5181777	-46.1012415	
169.5190518	-46.10190454	
169.5198707	-46.10260054	
169.5206084	-46.10333898	
169.5212499	-46.10411956	
169.5218189	-46.10492723	
169.5223919	-46.10573379	
169.5230576	-46.10650442	
169.5238492	-46.10721464	
169.5247332	-46.10787073	
169.5256568	-46.10850046	
169.526585	-46.10912709	
169.5275078	-46.10975756	
169.5284302	-46.11038828	
169.5293524	-46.11101913	
169.5302569	-46.1116623	
169.5311126	-46.11233667	
169.531891	-46.11305472	
169.5325752	-46.11381762	
169.5331596	-46.11461967	
169.5336474	-46.11545245	
169.534052	-46.1163067	
169.53439	-46.11717495	
169.5346662	-46.11805371	
169.5348663	-46.1189423	
169.5349689	-46.11983873	
169.5349693	-46.120738	
169.5349005	-46.12163625	
169.5348332	-46.12253469	
169.5348432	-46.12343401	
169.5349648	-46.12432918	
169.5351755	-46.12521657	
169.5354236	-46.12609952	
169.5356529	-46.12698491	
169.5358059	-46.12787798	
169.5358245	-46.12877676	
169.5356556	-46.12966726	
169.5352514	-46.13051947	
169.5345779	-46.13128371	
169.5336307	-46.13188994	
169.5324469	-46.13223667	
169.5311676	-46.13219792	
169.5300676	-46.13174074	
169.5293417	-46.13100152	
169.5289523	-46.13014521	
169.5287285	-46.12925938	
169.5284715	-46.12837767	
169.5280174	-46.12753572	
169.527311	-46.12678283	
169.5264214	-46.12613003	
169.5254548	-46.12553212	
169.524486	-46.12493574	
169.5235514	-46.1243136	
169.5226603	-46.12366138	
169.5218125	-46.12298178	
169.5210133	-46.12227428	
169.5202755	-46.1215353	
169.5196086	-46.12076439	
169.5190077	-46.11996768	
169.5184491	-46.1191562	
169.517888	-46.11834554	
169.5172496	-46.11756313	
169.5164418	-46.11686066	
169.5154337	-46.11629746	
169.5142985	-46.11586631	
169.5131244	-46.11548852	
169.5119474	-46.11511524	
169.5107562	-46.1147643	
169.5095405	-46.11445681	
169.5083209	-46.11415677	
169.5071421	-46.11378634	
169.5060655	-46.11328763	
169.5051407	-46.11265865	
169.5043719	-46.11193513	
169.503731	-46.11115367	
169.5031888	-46.11033686	
169.5027394	-46.10949325	
169.5024039	-46.10862442	
169.5022108	-46.10773489	
169.5021717	-46.10683569	
169.5022685	-46.10593855	
169.5024432	-46.10504712	
169.5025964	-46.10415383	
169.5026207	-46.10325444	
169.502472	-46.10236082	
169.5021941	-46.10148216	
169.5018583	-46.10061334	
169.501503	-46.09974829	
169.5011295	-46.09888694	
169.5007242	-46.09803259	
169.5002681	-46.09719076	
169.4997378	-46.09637026	
169.499112	-46.09558305	
169.4979946	-46.09439577	
169.4972122	-46.09363377	
169.496181	-46.09287799	
169.4951064	-46.09288976	
169.4944854	-46.09347626	
169.4943482	-46.09488062	
169.4945217	-46.09682379	
169.4947083	-46.09771402	
169.4949201	-46.09860155	
169.4951287	-46.09948944	
169.4953225	-46.10037896	
169.4955006	-46.10127006	
169.4956682	-46.10216216	
169.4958302	-46.10305475	
169.4959855	-46.10394792	
169.4961267	-46.10484221	
169.4962515	-46.10573769	
169.4963782	-46.106633	
169.4965434	-46.10752512	
169.4967818	-46.10840906	
169.4971097	-46.10927898	
169.4975304	-46.11012934	
169.4980466	-46.11095374	
169.4986611	-46.11174494	
169.4993651	-46.11249932	
169.5001389	-46.11322006	
169.5009646	-46.11391248	
169.5018344	-46.11457827	
169.5027437	-46.11521809	
169.5036819	-46.11583751	
169.5046349	-46.11644592	
169.5055923	-46.11705092	
169.506547	-46.11765811	
169.5074878	-46.11827556	
169.5083978	-46.11891484	
169.5092592	-46.11958577	
169.5100631	-46.12029042	
169.5108161	-46.12102196	
169.511537	-46.12176901	
169.5122423	-46.12252323	
169.5129254	-46.12328712	
169.5135424	-46.12407694	
169.5140091	-46.12491329	
169.5142134	-46.12579662	
169.514062	-46.12668403	
169.5135573	-46.12750818	
169.5128129	-46.12824287	
169.5119682	-46.12892434	
169.5111103	-46.12959784	
169.5102433	-46.13026527	
169.5092862	-46.1308647	
169.5081413	-46.13124904	
169.5068881	-46.13120778	
169.5058573	-46.13069417	
169.5051949	-46.12992627	
169.5047142	-46.12909106	
169.5041186	-46.12830231	
169.5031638	-46.12773335	
169.5019149	-46.12755949	
169.5006281	-46.12765339	
169.4993446	-46.12770488	
169.4981018	-46.12750324	
169.4970232	-46.12701761	
169.4960931	-46.12639216	
169.4950999	-46.12582939	
169.4939006	-46.1255449	
169.4926235	-46.12562294	
169.4913995	-46.125913	
169.4901907	-46.12623246	
169.4889456	-46.12647024	
169.4876642	-46.12657984	
169.4863732	-46.12655877	
169.4851007	-46.12640862	
169.4838846	-46.12611187	
169.4827814	-46.12565044	
169.4818563	-46.12502879	
169.4811726	-46.12427174	
169.4807701	-46.12342159	
169.4806229	-46.12252992	
169.4806419	-46.12163082	
169.4807342	-46.12073347	
169.4808417	-46.1198369	
169.4809428	-46.11893998	
169.4810384	-46.11804276	
169.4811264	-46.11714519	
169.4811813	-46.11624653	
169.4811698	-46.11534723	
169.4810872	-46.11444955	
169.4809574	-46.11355446	
169.4807932	-46.11266217	
169.4805751	-46.11177572	
169.4802788	-46.11090033	
169.4799166	-46.11003672	
169.4795388	-46.10917631	
169.4792044	-46.10830759	
169.478951	-46.10742579	
169.4787664	-46.10653535	
169.4785308	-46.10565399	
169.4778547	-46.1049973	
169.476665	-46.10502721	
169.4755708	-46.10550676	
169.4744732	-46.10598177	
169.4733999	-46.10647745	
169.4725428	-46.10713434	
169.472011	-46.1079467	
169.4717099	-46.10882062	
169.4714598	-46.10970312	
169.4711387	-46.11057399	
169.470786	-46.1114393	
169.4706008	-46.1123229	
169.4707989	-46.11319702	
169.4714149	-46.11397616	
169.4722816	-46.11464157	
169.4731863	-46.11528365	
169.4739223	-46.11601363	
169.474286	-46.11686054	
169.4741893	-46.11774459	
169.4737351	-46.11858157	
169.4730936	-46.11936171	
169.4723699	-46.12010713	
169.471572	-46.12081406	
169.4706551	-46.12144477	
169.4696014	-46.12196113	
169.4684429	-46.1223567	
169.4672195	-46.12264454	
169.465954	-46.12282117	
169.4646669	-46.12285102	
169.4634034	-46.12268913	
169.4622266	-46.12232897	
169.4611617	-46.12182216	
169.460164	-46.12124954	
169.4591558	-46.12068637	
169.4580915	-46.12017623	
169.4569945	-46.11969924	
169.455968	-46.11915813	
169.4552386	-46.1184396	
169.4550616	-46.11757593	
169.4553392	-46.11670345	
169.4556822	-46.11583728	
169.4557587	-46.11494877	
169.4554384	-46.11408905	
169.454761	-46.11333304	
169.4538224	-46.11272338	
169.4527124	-46.11227022	
169.4515025	-46.11195959	
169.4502419	-46.11176463	
169.4489596	-46.11165075	
169.4476724	-46.11156127	
169.4463909	-46.11160153	
169.4448326	-46.1115395	
169.4438902	-46.1108438	
169.4435901	-46.10969325	
169.4430489	-46.10887681	
169.4425536	-46.10804572	
169.4420941	-46.1072049	
169.4417228	-46.10634402	
169.4414713	-46.10546254	
169.441291	-46.10457174	
169.4410667	-46.10368629	
169.4406953	-46.10282677	
169.4401691	-46.1020065	
169.4396026	-46.10119776	
169.4384881	-46.10042327	
169.438744	-46.09944966	
169.4394644	-46.09848437	
169.4411441	-46.09805999	
169.4423762	-46.09762984	
169.4423472	-46.09653373	
169.4422039	-46.09563708	
169.4420361	-46.094747	
169.4417716	-46.09386654	
169.4414508	-46.09299515	
169.4410049	-46.09215218	
169.4403399	-46.0913855	
169.4394436	-46.09074362	
169.4383868	-46.09022983	
169.4372524	-46.0897994	
169.43612	-46.08936538	
169.4346728	-46.08894063	
169.4341113	-46.08802512	
169.4339828	-46.08714862	
169.4343316	-46.08626043	
169.4347722	-46.08469167	
169.4344523	-46.08341458	
169.4334457	-46.08273825	
169.4326019	-46.08310066	
169.4321675	-46.08486767	
169.4318944	-46.08574702	
169.4315969	-46.08662248	
169.4313773	-46.08750816	
169.4313553	-46.08840624	
169.4315712	-46.08929219	
169.4319748	-46.09014667	
169.4324521	-46.09098272	
169.4328473	-46.09183763	
169.4334944	-46.09274349	
169.4331529	-46.09366713	
169.4325712	-46.09438949	
169.4311837	-46.09503664	
169.4303288	-46.09570873	
169.4297015	-46.09649085	
169.4293928	-46.09736168	
169.4293597	-46.09825938	
169.4295432	-46.0991488	
169.4298966	-46.10001371	
169.4303598	-46.10085348	
169.4308976	-46.10167141	
169.4315131	-46.10246248	
169.4321815	-46.10323271	
169.4331572	-46.10433345	
169.4341228	-46.10530038	
169.4337589	-46.1060698	
169.4320592	-46.10584321	
169.4300142	-46.1053899	
169.4287686	-46.10514893	
169.4274993	-46.10498972	
169.4262142	-46.10500707	
169.4249766	-46.10525263	
169.4238293	-46.10566671	
169.422697	-46.10609539	
169.4215055	-46.10690282	
169.4200936	-46.10675908	
169.4194597	-46.10532227	
169.4189621	-46.10402704	
169.4184627	-46.10328031	
169.4193508	-46.10275027	
169.4203353	-46.10210369	
169.4210828	-46.10119226	
169.4205505	-46.10031303	
169.4193564	-46.09946861	
169.418449	-46.09882961	
169.4174442	-46.09826359	
169.4164177	-46.0977167	
169.4154803	-46.09710377	
169.4144072	-46.09647433	
169.4139308	-46.09558749	
169.4149615	-46.09459723	
169.4155411	-46.09379486	
169.4162576	-46.09304654	
169.4170373	-46.09232878	
169.4178004	-46.09160332	
169.4184435	-46.09082557	
169.4188967	-46.0899853	
169.4191742	-46.08910753	
169.4193296	-46.08821489	
169.419372	-46.08731686	
169.4192408	-46.08642497	
169.4188546	-46.08557188	
169.4181831	-46.08480956	
169.4172742	-46.0841744	
169.4162284	-46.08364618	
169.415158	-46.08314234	
169.4141573	-46.0825753	
169.4132545	-46.08193173	
169.4123668	-46.0812787	
169.4113734	-46.08070869	
169.4102323	-46.08029605	
169.4089875	-46.08006695	
169.4077013	-46.0800055	
169.4064155	-46.08008263	
169.4051503	-46.08026452	
169.4039068	-46.08051029	
169.4026747	-46.08078279	
169.4014453	-46.0810612	
169.4002138	-46.08133519	
169.3989719	-46.08158393	
169.3977051	-46.08174841	
169.3964334	-46.08170095	
169.3953204	-46.0812961	
169.3945929	-46.08056969	
169.3942211	-46.07971133	
169.3940953	-46.07882099	
169.3943614	-46.07796296	
169.3951736	-46.07729753	
169.3963379	-46.07693395	
169.397612	-46.07681685	
169.3988987	-46.07687433	
169.4001773	-46.07700697	
169.4013247	-46.07740139	
169.4027095	-46.07701536	
169.4038055	-46.07602986	
169.4036065	-46.07514656	
169.4034659	-46.07425795	
169.4030597	-46.07340831	
169.4024164	-46.07263358	
169.4015745	-46.07195486	
169.4006523	-46.07132443	
169.3998218	-46.07063999	
169.3992226	-46.06985022	
169.3988515	-46.06899089	
169.3985535	-46.06811548	
169.3981416	-46.06726567	
169.3975192	-46.06648213	
169.3967111	-46.06578312	
169.3957988	-46.06514653	
169.3948671	-46.06452305	
169.3940149	-46.06384942	
169.3933783	-46.06307489	
169.3930733	-46.06221035	
169.3930787	-46.06131523	
169.3932252	-46.06042146	
169.3932778	-46.05952527	
169.3930608	-46.05864527	
169.3926976	-46.05778184	
169.3927311	-46.05691479	
169.3935435	-46.0562822	
169.3946832	-46.05586372	
169.3957595	-46.0553734	
169.3965638	-46.05468375	
169.3969929	-46.05384558	
169.3970908	-46.05295353	
169.3970356	-46.05205513	
169.3972291	-46.05117321	
169.3981277	-46.05059971	
169.3993516	-46.05069577	
169.4004097	-46.05119554	
169.4012828	-46.05185576	
169.4019449	-46.05262567	
169.4022857	-46.05348901	
169.4022687	-46.05438443	
169.4019932	-46.05526154	
169.4016309	-46.05612501	
169.4013768	-46.05700655	
169.4013707	-46.05790402	
169.401639	-46.05878168	
169.4021758	-46.05959739	
169.4029648	-46.06030657	
169.4039282	-46.06090391	
169.4049739	-46.06143196	
169.4060509	-46.0619292	
169.4071496	-46.06240294	
169.4082933	-46.06282138	
169.409516	-46.06310834	
169.4107985	-46.06319495	
169.4120857	-46.06312923	
169.4133762	-46.06308252	
169.4146535	-46.06320536	
169.415872	-46.06349968	
169.4170054	-46.06392946	
169.4179905	-46.06450862	
169.4187346	-46.06524027	
169.4191653	-46.06608462	
169.4192919	-46.06697725	
169.419174	-46.06787157	
169.4188659	-46.06874429	
169.4184772	-46.0696022	
169.4182587	-46.07048768	
169.4184894	-46.07136614	
169.4191499	-46.07213268	
169.4200556	-46.07277137	
169.4211255	-46.07327314	
169.4223658	-46.07350739	
169.4235973	-46.07327644	
169.4245296	-46.07266548	
169.4252181	-46.07190623	
169.4258541	-46.071123	
169.4265475	-46.07036386	
169.4273062	-46.06963559	
169.4281153	-46.06893409	
169.4290315	-46.06830013	
169.4301472	-46.06785073	
169.4314216	-46.06773258	
169.4326486	-46.068	
169.433653	-46.06856176	
169.4344361	-46.06927618	
169.4350948	-46.07005002	
169.4357263	-46.07083504	
169.4363986	-46.07160342	
169.4371241	-46.07234802	
169.4378726	-46.07308153	
169.4393818	-46.07486117	
169.4409434	-46.07517308	
169.4411875	-46.07442075	
169.4405085	-46.07259873	
169.4402219	-46.07172142	
169.4399417	-46.07084323	
169.4397121	-46.06995791	
169.4395152	-46.06906872	
169.4392947	-46.06818254	
169.4389721	-46.06731237	
169.4384891	-46.06647953	
169.4378283	-46.0657081	
169.437019	-46.06500713	
169.4361522	-46.06433995	
169.4353498	-46.06363637	
169.4347015	-46.06286005	
169.4342351	-46.06202243	
169.433931	-46.06114868	
169.4337446	-46.0602587	
169.4336394	-46.05936214	
169.4335848	-46.05846324	
169.4335277	-46.05756452	
169.4334189	-46.05666818	
169.4332496	-46.05577634	
169.4330303	-46.05488979	
169.4327567	-46.05401071	
169.4324137	-46.0531435	
169.4320111	-46.05228861	
169.4315904	-46.05143793	
169.4311673	-46.05058791	
169.4306769	-46.04975723	
169.4299755	-46.04901194	
169.4289263	-46.04854642	
169.4277622	-46.04871338	
169.427144	-46.04945882	
169.4271056	-46.05034875	
169.4273831	-46.05122409	
169.4278463	-46.0520625	
169.4284147	-46.05287017	
169.4290113	-46.05366821	
169.42956	-46.05448205	
169.4299959	-46.05532745	
169.4302914	-46.05620198	
169.430463	-46.05709299	
169.4305382	-46.05799068	
169.4305281	-46.05888988	
169.4304315	-46.05978654	
169.4302528	-46.06067725	
169.4300453	-46.06156521	
169.429892	-46.06245806	
169.4297436	-46.06335104	
169.4293942	-46.06420927	
169.428755	-46.06498553	
169.4279632	-46.06569634	
169.42715	-46.06639567	
169.4262945	-46.06706815	
169.4252518	-46.06756952	
169.4240253	-46.06764185	
169.422934	-46.06721726	
169.422158	-46.06651056	
169.421642	-46.06568987	
169.4213271	-46.0648198	
169.421194	-46.06392702	
169.4212324	-46.06302954	
169.421387	-46.0621367	
169.4214979	-46.06124159	
169.4212926	-46.06036732	
169.4205315	-46.05968639	
169.4193469	-46.05942325	
169.4180851	-46.05954404	
169.4169012	-46.05989339	
169.4157996	-46.06036134	
169.4147146	-46.06085017	
169.4135576	-46.06124454	
169.4123041	-46.06142794	
169.4110288	-46.0613503	
169.4098142	-46.06105714	
169.4086874	-46.06062098	
169.4076485	-46.06008802	
169.4067045	-46.05947536	
169.4058893	-46.05877984	
169.4052598	-46.05799788	
169.4048475	-46.05714858	
169.4046252	-46.05626413	
169.4045614	-46.05536682	
169.4046951	-46.05447463	
169.4051241	-46.05363294	
169.4058958	-46.05292328	
169.4069363	-46.05240266	
169.4081284	-46.05206669	
169.4093901	-46.05188398	
169.4106773	-46.05182323	
169.4119665	-46.0518659	
169.4132447	-46.05199316	
169.4145218	-46.05213008	
169.4158085	-46.05212757	
169.417024	-46.05185494	
169.4180527	-46.051325	
169.4189045	-46.0506519	
169.4196656	-46.04992524	
169.4203848	-46.04917791	
169.4210677	-46.04841423	
169.4217175	-46.04763666	
169.422321	-46.04684133	
169.4227631	-46.04599851	
169.4227455	-46.04511479	
169.421926	-46.04449166	
169.4207005	-46.04446649	
169.4195591	-46.04485996	
169.4185443	-46.04541405	
169.4175641	-46.04600022	
169.416564	-46.04656971	
169.4155251	-46.04710429	
169.4144474	-46.04760025	
169.4133288	-46.04804996	
169.4121432	-46.0484042	
169.4108755	-46.04854636	
169.4096391	-46.04833511	
169.4086854	-46.04775197	
169.4082228	-46.04692693	
169.4083987	-46.04605075	
169.4091815	-46.04535153	
169.4102752	-46.04488191	
169.4114459	-46.04450214	
169.4125628	-46.04405098	
169.4134886	-46.0434275	
169.4141095	-46.04264257	
169.414437	-46.04177444	
169.4145428	-46.04087877	
169.4144724	-46.03998103	
169.4142571	-46.03909434	
169.4139495	-46.03822066	
169.4136294	-46.03734901	
169.4134091	-46.03646274	
169.4134437	-46.03556478	
169.413894	-46.03472505	
169.4147638	-46.03406424	
169.4158565	-46.0335867	
169.4170204	-46.03319676	
169.4181968	-46.03282521	
169.4193481	-46.03241717	
169.420454	-46.03195247	
169.421578	-46.03150908	
169.4228066	-46.03123349	
169.4240968	-46.03122777	
169.4253595	-46.03141597	
169.4266171	-46.03162143	
169.4279014	-46.03171675	
169.4291913	-46.03167123	
169.4304616	-46.03150837	
169.4316976	-46.03124694	
169.4328883	-46.03089832	
169.4340391	-46.03048968	
169.4351754	-46.0300618	
169.436326	-46.02965296	
169.4375287	-46.02932488	
169.4388065	-46.02919623	
169.4400852	-46.02932279	
169.4413326	-46.02955569	
169.4426149	-46.02965407	
169.4438813	-46.02948114	
169.4450678	-46.02912544	
169.4462516	-46.02876587	
169.447473	-46.02847339	
169.4486641	-46.02812923	
169.4496664	-46.02756717	
169.4503246	-46.02679584	
169.4506633	-46.02592884	
169.4507589	-46.0250332	
169.4505642	-46.02414769	
169.4499739	-46.02335277	
169.4490569	-46.02272157	
169.4479948	-46.02221	
169.4468941	-46.02173937	
169.4458042	-46.02125712	
169.4447708	-46.02071836	
169.4438229	-46.02010799	
169.4429687	-46.01943395	
169.4422271	-46.01869829	
169.4416217	-46.01790448	
169.4411667	-46.01706347	
169.4408817	-46.01618703	
169.4407865	-46.01529145	
169.4409559	-46.01440673	
169.441619	-46.01366774	
169.4427941	-46.01343447	
169.4439098	-46.01382724	
169.4446743	-46.01454463	
169.4452421	-46.01535248	
169.4457915	-46.01616654	
169.4463971	-46.01696065	
169.4470865	-46.01772056	
169.4478746	-46.01843194	
169.4487724	-46.01907625	
169.4497909	-46.01962508	
169.4509369	-46.02002643	
169.452189	-46.02017667	
169.4533985	-46.01994883	
169.4542894	-46.0193334	
169.4547704	-46.01850712	
169.4550425	-46.01762783	
169.455337	-46.01675294	
169.4557836	-46.01591161	
169.4563994	-46.01512286	
169.4571341	-46.01438383	
169.4579709	-46.01370086	
169.458951	-46.01312235	
169.4600764	-46.01268907	
169.4612817	-46.01236845	
169.4625089	-46.01208845	
169.4637418	-46.01182134	
169.4649935	-46.01160442	
169.4662642	-46.01144528	
169.4675223	-46.01125069	
169.4687284	-46.01093672	
169.4698897	-46.01054357	
169.4710729	-46.01018794	
169.4723231	-46.00999393	
169.4736012	-46.01003478	
169.4748398	-46.0102762	
169.4760209	-46.01063694	
169.4771485	-46.01107359	
169.4782284	-46.01156617	
169.4792902	-46.01207821	
169.4803646	-46.01257713	
169.4814195	-46.0130947	
169.4823671	-46.01370064	
169.4832623	-46.01434859	
169.4843631	-46.01472721	
169.4854839	-46.01445722	
169.486267	-46.0137598	
169.4869266	-46.01298637	
169.4878135	-46.01235181	
169.4890018	-46.01209084	
169.4902693	-46.01218978	
169.4915246	-46.01240067	
169.4927835	-46.01260047	
169.4940233	-46.01284847	
169.4951907	-46.01322517	
169.4962528	-46.01373251	
169.4972335	-46.01431681	
169.4981811	-46.01492795	
169.4991097	-46.01555311	
169.4999991	-46.01620506	
169.5008404	-46.01688728	
169.5016841	-46.01756833	
169.5027688	-46.01801545	
169.5037369	-46.01766289	
169.5041885	-46.01684388	
169.5042658	-46.0159507	
169.5041867	-46.01505324	
169.5040603	-46.01415789	
169.5038385	-46.01327238	
169.50347	-46.01241155	
169.5030108	-46.01157094	
169.5025796	-46.01072315	
169.5022723	-46.00985057	
169.5020702	-46.0089624	
169.5018897	-46.00807152	
169.5017574	-46.0071768	
169.5017515	-46.00627828	
169.5018852	-46.0053844	
169.5022173	-46.00451783	
169.5028419	-46.00373789	
169.5037154	-46.00308141	
169.5046903	-46.0024922	
169.5055499	-46.00182524	
169.5060884	-46.0010179	
169.5063347	-46.0001386	
169.5064455	-45.99924265	
169.5066358	-45.99835377	
169.5073407	-45.99763004	
169.5085247	-45.99769565	
169.5095226	-45.99824424	
169.5102774	-45.99897019	
169.5106292	-45.99982855	
169.5105435	-46.00072057	
169.5102866	-46.00160173	
169.5101676	-46.00249666	
169.5102976	-46.00338987	
169.5104775	-46.00428079	
169.5104541	-46.00517881	
169.510234	-46.00606432	
169.5100474	-46.00695447	
169.510037	-46.00785315	
169.5101486	-46.00874914	
169.5102932	-46.00964317	
169.5104384	-46.01053717	
169.510586	-46.01143098	
169.5107457	-46.01232378	
169.5109155	-46.01321566	
169.5111642	-46.01409831	
169.5120555	-46.01455532	
169.5131028	-46.01402951	
169.5142289	-46.0136186	
169.5155009	-46.01360473	
169.5166945	-46.01393592	
169.5177701	-46.01443303	
169.5187967	-46.01497846	
169.5197606	-46.01557436	
169.5205628	-46.01627449	
169.5211349	-46.01707819	
169.5215227	-46.01793596	
169.5218667	-46.01880264	
169.5223412	-46.0196358	
169.5230526	-46.02038185	
169.5239629	-46.02101826	
169.5249508	-46.0215977	
169.5258933	-46.0222105	
169.5267019	-46.0229094	
169.5273622	-46.02368166	
169.5279364	-46.02448754	
169.5285268	-46.02528698	
169.5292311	-46.02603902	
169.5300708	-46.02672174	
169.5309628	-46.02737215	
169.5317797	-46.02806605	
169.5324083	-46.02884766	
169.5328224	-46.02969859	
169.5331716	-46.0305635	
169.5337284	-46.03136474	
169.5345945	-46.03202787	
169.5355043	-46.03265737	
169.5359607	-46.0334502	
169.5355315	-46.03423992	
169.5344726	-46.0347127	
169.5332194	-46.03491289	
169.5319347	-46.03500531	
169.5306477	-46.03508198	
169.5293634	-46.03517769	
169.5280919	-46.03533065	
169.5268546	-46.0355823	
169.5256726	-46.03594128	
169.5245614	-46.0363969	
169.5235607	-46.03696025	
169.5227753	-46.0376631	
169.5224074	-46.03850272	
169.5226599	-46.03935295	
169.5234578	-46.04003718	
169.5245461	-46.04050693	
169.5257629	-46.04079761	
169.5270121	-46.04102702	
169.5281506	-46.04142301	
169.528882	-46.04212355	
169.5290451	-46.04299569	
169.5288508	-46.04388164	
169.5286249	-46.04476699	
169.528684	-46.04565565	
169.529006	-46.04652478	
169.5290548	-46.04740648	
169.5283913	-46.0481223	
169.527209	-46.04830667	
169.5261384	-46.04788159	
169.5252955	-46.04720455	
169.5243497	-46.04659726	
169.5231669	-46.04627204	
169.5219036	-46.04634329	
169.5208064	-46.04678982	
169.5199395	-46.04745002	
169.5191996	-46.04818676	
169.5184809	-46.04893443	
169.5176862	-46.04964302	
169.5167776	-46.05028111	
169.5158169	-46.05088259	
169.5149139	-46.05152531	
169.514082	-46.05221324	
169.5130344	-46.05272466	
169.5120033	-46.0523723	
169.5114054	-46.05159321	
169.5109081	-46.05076283	
169.5103529	-46.04995071	
169.5098682	-46.04911727	
169.509624	-46.04823699	
169.5095694	-46.04733928	
169.5095374	-46.04643987	
169.5093512	-46.04555097	
169.5089086	-46.04470908	
169.5083437	-46.0439004	
169.5078557	-46.043068	
169.5075029	-46.04220338	
169.5072575	-46.04132049	
169.5071495	-46.04042479	
169.5073013	-46.03953453	
169.5077399	-46.03869196	
169.5083535	-46.03790146	
169.5090903	-46.03716335	
169.5099394	-46.03648634	
169.5108463	-46.0358459	
169.5117424	-46.03519787	
169.5125663	-46.03450555	
169.5132206	-46.03373206	
169.5136577	-46.03288783	
169.5140131	-46.03202298	
169.5143718	-46.03115868	
169.5146549	-46.03028121	
169.5147739	-46.02938658	
169.5146115	-46.02849749	
169.5138817	-46.02777529	
169.5126618	-46.02756631	
169.5114434	-46.027832	
169.5104121	-46.02836768	
169.5096138	-46.02907209	
169.509134	-46.02990459	
169.5089435	-46.03079293	
169.5088531	-46.0316903	
169.5087216	-46.03258528	
169.5084792	-46.03346876	
169.5080784	-46.03432356	
169.5075163	-46.03513309	
169.5068076	-46.03588475	
169.5059073	-46.03652866	
169.5048852	-46.03707815	
169.5040392	-46.03775669	
169.5035854	-46.03859715	
169.5032306	-46.03946218	
169.5027712	-46.04030296	
169.5022031	-46.04111088	
169.5015915	-46.04190336	
169.5010802	-46.04272952	
169.5008262	-46.04361119	
169.5008637	-46.04451013	
169.5011198	-46.0453918	
169.5015111	-46.0462492	
169.5019556	-46.04709396	
169.5024094	-46.04793635	
169.5028731	-46.04877611	
169.5033482	-46.0496128	
169.5038422	-46.05044413	
169.5043853	-46.05126048	
169.5049968	-46.05205304	
169.5057219	-46.05279772	
169.5066739	-46.05340549	
169.5078339	-46.0538019	
169.5090174	-46.05416238	
169.5100763	-46.05467768	
169.5110049	-46.05530332	
169.511893	-46.05595689	
169.5127879	-46.05660579	
169.5137894	-46.05717204	
169.5150085	-46.05746303	
169.5163004	-46.0574851	
169.5175853	-46.05756347	
169.5188066	-46.05785592	
169.5199637	-46.05825645	
169.5211066	-46.05867638	
169.5222415	-46.05910677	
169.5233638	-46.05955287	
169.5244839	-46.06000165	
169.5256123	-46.06044022	
169.526749	-46.06086833	
169.5278984	-46.06127958	
169.5290724	-46.06165547	
169.5302733	-46.06198795	
169.5314887	-46.06229396	
169.5326999	-46.06260769	
169.5338868	-46.06296303	
169.5350107	-46.06340387	
169.5359427	-46.06401932	
169.5364604	-46.06483656	
169.5365208	-46.0657327	
169.5363142	-46.06662066	
169.5360542	-46.0675018	
169.5358712	-46.06839201	
169.5358173	-46.06928947	
169.5357007	-46.07060223	
169.5365475	-46.07128693	
169.5382889	-46.0713338	
169.5395999	-46.07081584	
169.5387564	-46.07001667	
169.5388722	-46.06846987	
169.5389628	-46.06757382	
169.5391707	-46.06668619	
169.5394063	-46.06580167	
169.5396358	-46.06491639	
169.5399809	-46.06405318	
169.5405809	-46.06326446	
169.5414595	-46.06261638	
169.5425737	-46.06218581	
169.5438312	-46.06203474	
169.5451076	-46.06213372	
169.5463387	-46.06239977	
169.547517	-46.06276718	
169.5486513	-46.0631975	
169.5496492	-46.06375226	
169.5500628	-46.06453095	
169.5496481	-46.06535512	
169.549019	-46.06614025	
169.5486787	-46.06699378	
169.5489896	-46.06782213	
169.5499514	-46.06836797	
169.5511615	-46.06867431	
169.5523606	-46.06900461	
169.5532669	-46.06960813	
169.5532051	-46.07041255	
169.5523572	-46.07105558	
169.5512539	-46.07151843	
169.5501082	-46.07193501	
169.548955	-46.07234135	
169.5477634	-46.07268784	
169.546576	-46.07304281	
169.5456115	-46.07361871	
169.5450313	-46.0744077	
169.544615	-46.07525922	
169.5441262	-46.07609099	
169.5435559	-46.0768981	
169.5430071	-46.07771248	
169.5423112	-46.07912249	
169.5421401	-46.0802318	
169.5429491	-46.08107249	
169.5439058	-46.08081148	
169.5451285	-46.08040466	
169.5463995	-46.07994483	
169.547616	-46.08015307	
169.5482652	-46.08090578	
169.5485317	-46.08178347	
169.5487373	-46.08267168	
169.5489759	-46.08355588	
169.5492771	-46.08443072	
169.5496607	-46.08528974	
169.5500833	-46.08613999	
169.5504561	-46.08700139	
169.5507655	-46.08787485	
169.5511213	-46.08873973	
169.5516053	-46.08957359	
169.5523287	-46.09031759	
169.5535546	-46.09045993	
169.5547207	-46.09007153	
169.5558291	-46.08961503	
169.5567239	-46.08897109	
169.5573236	-46.08818166	
169.5574436	-46.08730653	
169.5569081	-46.08649228	
169.5562972	-46.08571858	
169.5564018	-46.08488395	
169.5573795	-46.0843621	
169.5586014	-46.08407683	
169.5592766	-46.08347706	
169.559222	-46.08257977	
169.5592176	-46.08168399	
169.5593697	-46.08079097	
169.559569	-46.07990206	
169.5599541	-46.07905215	
169.5608741	-46.07855104	
169.5620225	-46.07874386	
169.5629631	-46.07935009	
169.5637878	-46.08004277	
169.564633	-46.08072294	
169.565488	-46.08139768	
169.5661655	-46.08215473	
169.5665594	-46.0830056	
169.5668139	-46.08388758	
169.5670587	-46.08477098	
169.5672784	-46.0856574	
169.5674334	-46.08655021	
169.5674328	-46.08744686	
169.5670706	-46.08829443	
169.5663694	-46.08904385	
169.5656966	-46.08980677	
169.5652971	-46.09065516	
169.5650128	-46.09153281	
169.5646336	-46.09239129	
169.5641448	-46.09322366	
169.5636318	-46.0940495	
169.5631451	-46.09488294	
169.5625537	-46.09567938	
169.5616391	-46.09628659	
169.5604314	-46.0965179	
169.5592428	-46.09626039	
169.5582326	-46.09570859	
169.5571595	-46.0952184	
169.5559457	-46.09526665	
169.5548518	-46.09572768	
169.5537408	-46.09618609	
169.5533993	-46.09696438	
169.5542117	-46.09766358	
169.554822	-46.09844565	
169.554777	-46.09933233	
169.5541589	-46.10011792	
169.5532866	-46.10078141	
169.552345	-46.10139813	
169.5514806	-46.10205925	
169.5511789	-46.10282927	
169.5522353	-46.10325465	
169.5535202	-46.1032477	
169.5547775	-46.10305177	
169.5560045	-46.1027674	
169.557246	-46.10251719	
169.5584894	-46.10227285	
169.5596593	-46.10190391	
169.5607393	-46.10140913	
169.5618748	-46.10100005	
169.5631219	-46.10092965	
169.5639674	-46.10142151	
169.5639227	-46.10228679	
169.5634045	-46.1031064	
169.562752	-46.1038831	
169.5621876	-46.10468833	
169.561842	-46.10555155	
169.5617092	-46.10644368	
169.5617849	-46.10733869	
169.5620495	-46.10821746	
169.5624436	-46.10907364	
169.5628657	-46.10992391	
169.5631363	-46.11079863	
169.5631506	-46.11169415	
169.5631972	-46.11258629	
169.5636685	-46.11340076	
169.5643316	-46.11417109	
169.5647474	-46.11501318	
169.5648921	-46.11590469	
169.5648888	-46.11680362	
169.564793	-46.11770038	
169.5646273	-46.11859239	
169.5644154	-46.11947984	
169.5641845	-46.12036505	
169.5638363	-46.12122767	
169.5631058	-46.12193603	
169.5619567	-46.12223396	
169.5607925	-46.12196956	
169.5601078	-46.12125837	
169.5599461	-46.1203782	
169.5599987	-46.11947958	
169.5600003	-46.11858104	
169.5598477	-46.11768953	
169.5594782	-46.11683181	
169.5588369	-46.11605829	
169.5579749	-46.11539226	
169.5570073	-46.11479584	
169.5560694	-46.1141777	
169.5552827	-46.11346841	
169.5546442	-46.1126874	
169.5540609	-46.11188441	
169.5535059	-46.11107186	
169.5530084	-46.1102418	
169.5525155	-46.10941012	
169.5519028	-46.1086205	
169.5511031	-46.10791825	
169.5501394	-46.10732244	
169.5490857	-46.10680166	
169.5480582	-46.10625699	
169.5472144	-46.10558472	
169.5464455	-46.10486134	
169.5453976	-46.10438276	
169.5442233	-46.10400624	
169.5432875	-46.1034119	
169.5424795	-46.10270944	
169.5415188	-46.10211687	
169.540487	-46.10157443	
169.5394976	-46.10099584	
169.5385747	-46.10036643	
169.5377288	-46.09968673	
169.5369955	-46.09894737	
169.5364034	-46.09814934	
169.535929	-46.09731318	
169.5357017	-46.09643338	
169.5363295	-46.09572826	
169.5375745	-46.09563483	
169.5387991	-46.09590438	
169.5397897	-46.09647413	
169.5406526	-46.0971435	
169.5416654	-46.0977009	
169.5429358	-46.09780908	
169.5438732	-46.09720264	
169.5442351	-46.09633912	
169.5445366	-46.09546717	
169.5451988	-46.09470227	
169.5462333	-46.0941633	
169.5473074	-46.09366924	
169.5481022	-46.09297249	
169.5483897	-46.09210259	
169.5482065	-46.09122322	
169.5474632	-46.09054203	
169.546217	-46.09047402	
169.545062	-46.09087149	
169.5439945	-46.09137883	
169.542877	-46.09182807	
169.5416806	-46.09216726	
169.5404432	-46.09242734	
169.5391823	-46.09262248	
169.5378984	-46.09270356	
169.5366352	-46.09257831	
169.5356425	-46.09208508	
169.5354326	-46.09123208	
169.5358509	-46.09038095	
169.5362346	-46.08952688	
169.5362908	-46.08863631	
169.5360024	-46.08776113	
169.5355591	-46.08691637	
169.53506	-46.08608642	
169.5345966	-46.08524711	
169.5342068	-46.08438928	
169.5338068	-46.08353393	
169.533304	-46.08270899	
169.5325771	-46.08248494	
169.532138	-46.08327803	
169.5321444	-46.08417765	
169.5320779	-46.08507379	
169.5319254	-46.08596713	
169.5318128	-46.08686321	
169.5317074	-46.08775977	
169.5315308	-46.0886503	
169.5311788	-46.08951104	
169.530626	-46.09032262	
169.5300952	-46.09113967	
169.5297736	-46.09200744	
169.529594	-46.09289817	
169.5294655	-46.09379326	
169.5294164	-46.09469137	
169.5295124	-46.09558653	
169.5297342	-46.09647246	
169.5300113	-46.09735117	
169.5303234	-46.09822416	
169.5306897	-46.0990866	
169.5311539	-46.09992505	
169.5317684	-46.10071361	
169.5325565	-46.10142302	
169.5334942	-46.1020393	
169.5345207	-46.10258579	
169.5355909	-46.1030905	
169.5366856	-46.10356958	
169.5377965	-46.10403011	
169.5389235	-46.10447149	
169.540046	-46.10491816	
169.5411371	-46.10540053	
169.5421748	-46.10593621	
169.5431393	-46.10653422	
169.5440563	-46.10716862	
169.5449623	-46.10781073	
169.5458594	-46.10845887	
169.5467448	-46.10911471	
169.5476189	-46.10977786	
169.5484832	-46.11044717	
169.5493286	-46.11112803	
169.5501469	-46.11182472	
169.5509449	-46.11253276	
169.5517223	-46.11325175	
169.5524719	-46.11398489	
169.5531991	-46.11472893	
169.5538998	-46.11548502	
169.5545528	-46.11626132	
169.5551359	-46.1170638	
169.5556244	-46.11789587	
169.5560465	-46.11874627	
169.5564613	-46.11959842	
169.5568737	-46.12045114	
169.5572595	-46.12130977	
169.5576143	-46.1221749	
169.5579705	-46.12303975	
169.5583698	-46.12389524	
169.558862	-46.12472592	
169.5594833	-46.12551338	
169.5601709	-46.12627548	
169.5608604	-46.12703675	
169.5615646	-46.12779146	
169.5623102	-46.12852638	
169.5630945	-46.12924189	
169.5638804	-46.12995655	
169.5646312	-46.13068899	
169.5653197	-46.13145012	
169.5659219	-46.1322455	
169.5664436	-46.13306845	
169.5669085	-46.13390786	
169.5673257	-46.13475932	
169.5677154	-46.1356172	
169.5680823	-46.13647987	
169.5684059	-46.13735076	
169.5686805	-46.13822977	
169.5689012	-46.13911601	
169.5691511	-46.13999786	
169.5699465	-46.14034534	
169.5703396	-46.1394889	
169.570518	-46.1385979	
169.5706201	-46.13770131	
169.5705777	-46.13680248	
169.5703851	-46.13591285	
169.5701726	-46.13502564	
169.570102	-46.13412894	
169.5704037	-46.13327313	
169.5715014	-46.13296553	
169.5725451	-46.13349474	
169.5735479	-46.13405598	
169.5747179	-46.1344235	
169.5759853	-46.1346054	
169.5771372	-46.13491985	
169.5777921	-46.13567368	
169.5780105	-46.13655781	
169.5780748	-46.13745634	
169.5781532	-46.13835391	
169.5782919	-46.13924839	
169.5784352	-46.14014249	
169.5786278	-46.1410314	
169.578932	-46.1419051	
169.5792817	-46.14277061	
169.5795223	-46.1436537	
169.5796319	-46.14454884	
169.5796075	-46.1454478	
169.5795095	-46.14634486	
169.5794297	-46.14724219	
169.5794409	-46.1481416	
169.5796031	-46.1490267	
169.580233	-46.14947247	
169.5813761	-46.14905333	
169.5826007	-46.1488386	
169.5838372	-46.1487148	
169.584749	-46.14813834	
169.585069	-46.14728877	
169.584872	-46.14641194	
169.5844144	-46.14557039	
169.584058	-46.14471028	
169.5839571	-46.1438174	
169.5840499	-46.1429208	
169.584119	-46.14202561	
169.5838664	-46.14115825	
169.5832734	-46.1403611	
169.5826792	-46.13956672	
169.5823235	-46.13870625	
169.5821787	-46.13781388	
169.5823312	-46.13693658	
169.5831918	-46.13647053	
169.5843314	-46.13675885	
169.5852105	-46.13740706	
169.5859088	-46.13816269	
169.586518	-46.13895605	
169.5870744	-46.13976814	
169.5875805	-46.14059593	
169.588053	-46.14143346	
169.5885065	-46.14227606	
169.5888969	-46.14313321	
169.5892169	-46.14400472	
169.5896424	-46.14485135	
169.5904269	-46.14554394	
169.5915652	-46.14592976	
169.5928374	-46.14606571	
169.5941299	-46.14610835	
169.5954205	-46.14617311	
169.5966595	-46.14641027	
169.5976357	-46.14696874	
169.5980765	-46.14779035	
169.5980676	-46.14868289	
169.5980551	-46.14958197	
169.5985565	-46.15039063	
169.5997291	-46.15064792	
169.6009084	-46.15029715	
169.6019705	-46.14978369	
169.6029898	-46.14922925	
169.6032679	-46.14836017	
169.6032937	-46.14747662	
169.6041735	-46.14685862	
169.6054416	-46.14674737	
169.6067027	-46.14694225	
169.607927	-46.14723402	
169.6091651	-46.1474959	
169.6104204	-46.14771443	
169.6116924	-46.14787683	
169.6129813	-46.14794542	
169.6142747	-46.14791602	
169.6155659	-46.14785262	
169.6168566	-46.14778491	
169.6181474	-46.14771803	
169.6194383	-46.14765621	
169.6207254	-46.14768695	
169.6219197	-46.14797797	
169.6227547	-46.14863899	
169.6230055	-46.14949026	
169.6226766	-46.15035909	
169.6223703	-46.15122393	
169.6223323	-46.15212319	
169.6223258	-46.15302232	
169.6225243	-46.15389917	
169.6230994	-46.15470046	
169.6238247	-46.15544564	
169.6245151	-46.15620621	
169.6251359	-46.15699522	
169.6256873	-46.15780886	
169.6261464	-46.15864842	
169.6264383	-46.15952234	
169.6264513	-46.16041058	
169.6258491	-46.16108747	
169.6246341	-46.16113643	
169.6234736	-46.16074511	
169.6223853	-46.16025801	
169.6213154	-46.15975146	
169.6202564	-46.159234	
169.6192099	-46.15870438	
169.6181709	-46.15816772	
169.6171237	-46.15763874	
169.6160044	-46.15720443	
169.6147551	-46.15705913	
169.6134808	-46.15719983	
169.6122282	-46.15742707	
169.6109645	-46.15761826	
169.6096803	-46.15772243	
169.6083871	-46.15773725	
169.6070969	-46.15767346	
169.605821	-46.15752769	
169.6045766	-46.15728541	
169.6033836	-46.15694007	
169.6022458	-46.15651219	
169.6011475	-46.15603628	
169.6000735	-46.15553402	
169.5990349	-46.15499833	
169.5981038	-46.1543786	
169.5973654	-46.1536456	
169.5966227	-46.15292298	
169.5955413	-46.15249214	
169.5942679	-46.1524463	
169.5929853	-46.15256775	
169.5917025	-46.15268844	
169.5906694	-46.15310871	
169.5902286	-46.15391915	
169.5904557	-46.15477617	
169.5911068	-46.15554745	
169.5919561	-46.15622267	
169.5929501	-46.15679466	
169.5940482	-46.15726829	
169.5952142	-46.15765651	
169.5964258	-46.15797153	
169.5976652	-46.15823031	
169.5989166	-46.15846104	
169.6001673	-46.15869317	
169.6014125	-46.1589394	
169.6026519	-46.15919944	
169.6038859	-46.15947141	
169.6051182	-46.15974726	
169.6063519	-46.16002014	
169.6075859	-46.16029236	
169.6088187	-46.16056715	
169.6100557	-46.16083249	
169.611313	-46.16104321	
169.6125952	-46.1611546	
169.6138885	-46.16118668	
169.6151832	-46.16119131	
169.6164776	-46.16120648	
169.6177664	-46.16128114	
169.6190127	-46.16150451	
169.6201849	-46.16188065	
169.6213523	-46.16226809	
169.6225756	-46.1625557	
169.623841	-46.16274083	
169.6251265	-46.16283992	
169.6264182	-46.16290137	
169.6276726	-46.16309461	
169.6288583	-46.16345027	
169.6300296	-46.16383333	
169.631198	-46.16422065	
169.6323444	-46.1646385	
169.6334629	-46.16509119	
169.6345335	-46.16559593	
169.6355562	-46.16614725	
169.6366038	-46.16667455	
169.6377232	-46.167124	
169.6388972	-46.16750207	
169.6401253	-46.16778013	
169.6414038	-46.16786175	
169.6426982	-46.16783991	
169.6438293	-46.16818228	
169.6445597	-46.1689026	
169.645218	-46.16967695	
169.6460577	-46.17035626	
169.6470519	-46.17092965	
169.6481114	-46.1714465	
169.6491705	-46.17196402	
169.6501968	-46.17251234	
169.6512083	-46.17307406	
169.6522035	-46.17364959	
169.6530761	-46.1743108	
169.6536668	-46.17510328	
169.6539631	-46.17597475	
169.6542629	-46.17684952	
169.6548823	-46.17762998	
169.6558221	-46.17823873	
169.6569366	-46.17869132	
169.6581529	-46.17899322	
169.6594292	-46.17913019	
169.6607213	-46.17918683	
169.6620005	-46.17932064	
169.6632327	-46.17959152	
169.6644415	-46.17991428	
169.6656768	-46.18018279	
169.6669434	-46.18036758	
169.6682196	-46.18052073	
169.6694837	-46.18071525	
169.6707138	-46.18099439	
169.6718625	-46.18140566	
169.6728022	-46.18201655	
169.673437	-46.18279463	
169.673962	-46.18361683	
169.6747669	-46.18431446	
169.6758921	-46.18474546	
169.6771055	-46.18505855	
169.678302	-46.18540267	
169.6794785	-46.18577888	
169.6806734	-46.18612578	
169.6819508	-46.18625323	
169.6829838	-46.18574697	
169.6835224	-46.18492917	
169.6843488	-46.18425041	
169.6855874	-46.18438138	
169.6864669	-46.18503913	
169.6874993	-46.18558234	
169.688533	-46.18612324	
169.6894745	-46.18674096	
169.6904009	-46.18736888	
169.6914106	-46.18793241	
169.6924118	-46.18850005	
169.6932305	-46.18919445	
169.693922	-46.18993946	
169.6950237	-46.19041255	
169.6961121	-46.19090026	
169.6972162	-46.19137045	
169.6982615	-46.19189849	
169.699217	-46.19248142	
169.7004722	-46.19270343	
169.7017099	-46.19296776	
169.7028993	-46.19331789	
169.7039728	-46.19382099	
169.7049611	-46.19439482	
169.7056848	-46.1951391	
169.7062257	-46.19595534	
169.7066116	-46.19681396	
169.7069573	-46.19768061	
169.7073934	-46.19852764	
169.7078691	-46.19936441	
169.7083281	-46.20020564	
169.7087263	-46.2010605	
169.7089344	-46.20194625	
169.7089716	-46.20284278	
169.7092361	-46.2037233	
169.7094878	-46.20460281	
169.7099826	-46.20543415	
169.7105163	-46.20625391	
169.7110527	-46.20707285	
169.7115869	-46.20789237	
169.7120648	-46.20872767	
169.7124266	-46.2095914	
169.7128227	-46.21044782	
169.7131445	-46.21131845	
169.7133892	-46.21219838	
169.7139243	-46.21301481	
169.7147317	-46.21369897	
169.7158946	-46.21409415	
169.7170748	-46.21445318	
169.7180765	-46.21501929	
169.7189315	-46.21569518	
169.7198267	-46.21634554	
169.7207355	-46.2169857	
169.7215388	-46.21769102	
169.722274	-46.21843185	
169.7230308	-46.2191621	
169.7238282	-46.21987086	
169.7246895	-46.22054295	
169.7255686	-46.22120385	
169.726402	-46.22189244	
169.7272243	-46.22258157	
169.7282721	-46.22310702	
169.7294406	-46.22349254	
169.7306811	-46.22374643	
169.7319646	-46.22386958	
169.7332556	-46.2239489	
169.7345258	-46.22409473	
169.7356061	-46.22453713	
169.7361098	-46.22533624	
169.7357311	-46.22610117	
169.7345814	-46.2265035	
169.733734	-46.22703615	
169.7338969	-46.22785251	
169.7348927	-46.22835785	
169.7360872	-46.22870678	
169.7371704	-46.22918831	
169.7381693	-46.22976144	
169.7392279	-46.23027639	
169.7404212	-46.23060702	
169.7416349	-46.23091888	
169.7425229	-46.23152988	
169.7430775	-46.23233775	
169.7436507	-46.23314331	
169.7444183	-46.23386352	
169.745332	-46.23449974	
169.7463068	-46.23509251	
169.7472877	-46.23568065	
169.7482582	-46.23627713	
169.7492618	-46.23684601	
169.7502963	-46.23738812	
169.7511934	-46.23803117	
169.7519157	-46.2387757	
169.7525643	-46.23955452	
169.7532401	-46.24032201	
169.7539937	-46.24105334	
169.7547999	-46.24175771	
169.7556333	-46.2424468	
169.7564139	-46.24316445	
169.7571231	-46.24391712	
169.7577982	-46.24468512	
169.7587052	-46.24531511	
169.7598621	-46.24570298	
169.7611045	-46.24595667	
169.7623409	-46.24622694	
169.7635224	-46.24659438	
169.7646972	-46.24697497	
169.7658873	-46.24733205	
169.7671069	-46.24763632	
169.7683572	-46.24787305	
169.7696285	-46.24804859	
169.7709083	-46.24819291	
169.7721463	-46.24799201	
169.7732994	-46.24758414	
169.7745659	-46.24743633	
169.7756212	-46.24790659	
169.7765266	-46.24854971	
169.7775173	-46.24912954	
169.7785184	-46.24970132	
169.7796345	-46.2501578	
169.7807258	-46.25064357	
169.7818697	-46.2510668	
169.7831247	-46.25128672	
169.7844101	-46.25140314	
169.7848631	-46.25060317	
169.7851861	-46.24973192	
169.7855188	-46.24886253	
169.7858633	-46.24801249	
169.7868967	-46.2474858	
169.7881739	-46.24733225	
169.7894491	-46.24721321	
169.7902028	-46.24668283	
169.7896759	-46.24586327	
169.7890952	-46.24506753	
169.7888903	-46.24418797	
169.7890914	-46.24330764	
169.7896432	-46.24249834	
169.7904563	-46.2418081	
169.7915556	-46.24138149	
169.7928203	-46.24138421	
169.7937018	-46.24189683	
169.7935198	-46.24272775	
169.7930957	-46.24356964	
169.7929675	-46.24445994	
169.7932029	-46.24533141	
169.7941748	-46.24568919	
169.7952552	-46.24525982	
169.7961959	-46.24464224	
169.7971478	-46.24403162	
169.7981814	-46.24348976	
169.7993396	-46.24309124	
169.8005939	-46.24287521	
169.8018835	-46.24289679	
169.803142	-46.24310423	
169.8042665	-46.24354241	
169.8052835	-46.24409904	
169.8062484	-46.24469978	
169.8069842	-46.24543646	
169.8074288	-46.24627857	
169.807841	-46.2471315	
169.808946	-46.24753462	
169.8102356	-46.24744709	
169.8114795	-46.24719621	
169.8126076	-46.24676401	
169.8132788	-46.24600275	
169.8134196	-46.24511443	
169.8131058	-46.24424252	
169.8126501	-46.2434005	
169.8123002	-46.24253712	
169.8123342	-46.24166514	
169.8132328	-46.2410462	
169.8144707	-46.24083838	
169.8157584	-46.24093505	
169.8168214	-46.24075168	
169.8168796	-46.23988906	
169.8164521	-46.23904849	
169.8162634	-46.23815932	
169.8158981	-46.23730223	
169.8153745	-46.23648269	
169.8149627	-46.23563153	
169.8142652	-46.23490773	
169.8131519	-46.23445533	
169.8119285	-46.23416745	
169.8106502	-46.23404951	
169.8093546	-46.23407655	
169.8080596	-46.23411018	
169.8067634	-46.23410045	
169.8054677	-46.23407216	
169.8043996	-46.23376393	
169.8036858	-46.23301316	
169.8026905	-46.23253552	
169.8014116	-46.23241921	
169.8001286	-46.23231375	
169.7990646	-46.23188173	
169.7991139	-46.23111992	
169.8002581	-46.23079237	
169.8015365	-46.23064855	
169.8028086	-46.2304766	
169.8039802	-46.23010029	
169.8046216	-46.22933897	
169.8050233	-46.22848416	
169.8056123	-46.22768344	
169.8063422	-46.22694033	
169.8069572	-46.22614871	
169.8067043	-46.22527375	
169.8065177	-46.22438953	
169.8069025	-46.2235349	
169.8076609	-46.22280595	
169.8084956	-46.22212062	
169.8090421	-46.2213153	
169.8090042	-46.22042297	
169.8084667	-46.21962911	
169.8073366	-46.21922222	
169.8060525	-46.21921955	
169.8048224	-46.21949588	
169.8036706	-46.21990646	
169.8025984	-46.22040843	
169.8016917	-46.22104121	
169.8009449	-46.22175673	
169.7998882	-46.22227306	
169.7988732	-46.2228034	
169.7976986	-46.22284197	
169.7970611	-46.22214947	
169.797282	-46.22127171	
169.7978487	-46.22046893	
169.7986842	-46.21979036	
169.7997236	-46.2192556	
169.8007481	-46.21871929	
169.8015474	-46.21801427	
169.8022439	-46.21725573	
169.8029872	-46.21651947	
169.8037968	-46.21581717	
169.8046558	-46.21514424	
169.8054555	-46.21444838	
169.8060421	-46.21364624	
169.8068289	-46.21297587	
169.8079466	-46.21252177	
169.8087423	-46.21188223	
169.8087178	-46.211035	
169.8079055	-46.21038654	
169.8070095	-46.20977016	
169.8071486	-46.20899202	
169.8080712	-46.20838379	
169.8084379	-46.20758647	
169.8079601	-46.20678234	
169.8072656	-46.20602307	
169.8061377	-46.20565627	
169.8048553	-46.20556164	
169.8035667	-46.20546986	
169.8022759	-46.20550635	
169.8009857	-46.20558874	
169.7996911	-46.20560697	
169.7984925	-46.20530051	
169.7985083	-46.20449808	
169.7991764	-46.20373607	
169.800001	-46.20304291	
169.8007858	-46.20232732	
169.8019264	-46.20192668	
169.8030143	-46.20144059	
169.8041226	-46.20097488	
169.8051153	-46.20039853	
169.8059036	-46.19968691	
169.8056011	-46.19883151	
169.8044597	-46.19841308	
169.8031671	-46.19835384	
169.8018748	-46.1983946	
169.8006758	-46.19873465	
169.7994131	-46.19893523	
169.7981273	-46.19904456	
169.7968356	-46.19911398	
169.7955686	-46.1991366	
169.7951408	-46.19838109	
169.79599	-46.19771367	
169.7970881	-46.19723903	
169.7982734	-46.19688459	
169.7994496	-46.19656145	
169.8004	-46.19595014	
169.8013488	-46.19533764	
169.8023354	-46.19475607	
169.8033983	-46.19424275	
169.8044638	-46.19373624	
169.8054211	-46.1931303	
169.8063491	-46.19250285	
169.8073112	-46.19191197	
169.808484	-46.19155161	
169.8097496	-46.19136014	
169.8109711	-46.19108129	
169.8120583	-46.19060074	
169.8128668	-46.18992921	
169.8129076	-46.18911862	
169.8120562	-46.1884742	
169.8108933	-46.18808653	
169.8096514	-46.18783847	
169.8083717	-46.18771474	
169.8070777	-46.18767605	
169.8057888	-46.18760561	
169.8048905	-46.1871402	
169.8049633	-46.18633571	
169.8055861	-46.18554826	
169.8061655	-46.18474372	
169.8067118	-46.1839286	
169.8073373	-46.18314488	
169.8081325	-46.1824375	
169.8090535	-46.18180742	
169.8100223	-46.18121037	
169.8109971	-46.1806181	
169.811984	-46.18003556	
169.8129176	-46.17941427	
169.8134365	-46.17862891	
169.8137147	-46.17775059	
169.814354	-46.17699987	
169.8154801	-46.17668594	
169.8167226	-46.17684992	
169.8179423	-46.17715208	
169.8192112	-46.17728292	
169.820463	-46.17711313	
169.8208311	-46.17636989	
169.8206863	-46.17547985	
169.820263	-46.1746336	
169.8202741	-46.17375313	
169.8213774	-46.17361496	
169.8223191	-46.17419715	
169.8231392	-46.17489292	
169.82395	-46.17559439	
169.8250546	-46.17605396	
169.8263366	-46.17610191	
169.827427	-46.1756356	
169.8284045	-46.17504594	
169.8289299	-46.17422667	
169.8290155	-46.17333044	
169.8290974	-46.17243262	
169.8287249	-46.17157999	
169.827583	-46.1711559	
169.8264045	-46.17078345	
169.8252827	-46.17033416	
169.824146	-46.16990353	
169.8230483	-46.16942642	
169.8219948	-46.1689034	
169.8209681	-46.16835546	
169.8199975	-46.1677601	
169.8190792	-46.16712589	
169.8181302	-46.16651493	
169.817032	-46.16603866	
169.8159028	-46.1656051	
169.8150502	-46.1649281	
169.8141699	-46.16429757	
169.8129094	-46.16409266	
169.8116352	-46.16393779	
169.8103432	-46.16388113	
169.8090868	-46.16377954	
169.8083209	-46.1631668	
169.8088162	-46.162443	
169.8100733	-46.1622532	
169.8113656	-46.16220532	
169.8126522	-46.16210589	
169.8139252	-46.16195228	
169.8151502	-46.16166869	
169.8163144	-46.16127606	
169.8174843	-46.16090028	
169.8187415	-46.16072602	
169.8200361	-46.1607285	
169.8213296	-46.16075183	
169.8226124	-46.16085935	
169.8238794	-46.16104429	
169.8251252	-46.16127927	
169.8263287	-46.16161078	
169.8274757	-46.16201736	
169.8285693	-46.16249492	
169.8297727	-46.16278602	
169.8310467	-46.16292882	
169.8322372	-46.16325776	
169.8333292	-46.16374104	
169.8344968	-46.16407384	
169.8357312	-46.16396705	
169.8365711	-46.16337036	
169.8368805	-46.1625021	
169.836904	-46.16160935	
169.8367288	-46.16073554	
169.8361404	-46.15993435	
169.8353205	-46.15924765	
169.8343158	-46.15868625	
169.8333031	-46.15812909	
169.8322482	-46.15760975	
169.8311717	-46.15711618	
169.83026	-46.15648341	
169.8297179	-46.15568517	
169.8296643	-46.1547899	
169.8297142	-46.15389095	
169.8298029	-46.15299371	
169.8299267	-46.15209828	
169.8300718	-46.15120792	
169.8308584	-46.15059405	
169.8321425	-46.15052838	
169.8334346	-46.15048544	
169.8346805	-46.15066934	
169.8358129	-46.15108508	
169.836744	-46.15170941	
169.8374749	-46.15244141	
169.8378942	-46.15328801	
169.8382349	-46.15415579	
169.8386024	-46.15501547	
169.8389695	-46.15586586	
169.8393735	-46.15671523	
169.8397667	-46.1575722	
169.8401108	-46.15843945	
169.8403388	-46.15932428	
169.8404187	-46.16022063	
169.8404401	-46.16111632	
169.8405658	-46.16199619	
169.8402627	-46.16286972	
169.8398843	-46.16372774	
169.8393799	-46.16455619	
169.8386339	-46.16528119	
169.8380792	-46.16608932	
169.8377954	-46.16696182	
169.8379935	-46.16784953	
169.838541	-46.16865133	
169.8397273	-46.16898652	
169.841007	-46.16910222	
169.8423001	-46.16908855	
169.8435634	-46.168914	
169.8447596	-46.16857567	
169.8459123	-46.16816598	
169.847053	-46.16774029	
169.8481666	-46.1672828	
169.849261	-46.16680312	
169.8504225	-46.16640558	
169.851552	-46.16596639	
169.8526176	-46.16545979	
169.8536053	-46.16487845	
169.8545113	-46.16423946	
169.8555589	-46.16371104	
169.85673	-46.16336369	
169.8572219	-46.16393057	
169.8565201	-46.16468575	
169.8557895	-46.16542519	
169.8549224	-46.16609204	
169.8541006	-46.16678503	
169.8536692	-46.16762852	
169.8536003	-46.16852371	
169.8537935	-46.16941325	
169.8545035	-46.17005039	
169.8557092	-46.17036499	
169.856906	-46.17069723	
169.8579573	-46.17122136	
169.858748	-46.17191049	
169.8595516	-46.1726107	
169.8605255	-46.17320127	
169.8616144	-46.1736814	
169.8628248	-46.17398799	
169.8640786	-46.17420396	
169.8653726	-46.17423781	
169.8666674	-46.1742356	
169.8679364	-46.17436179	
169.8691631	-46.17464474	
169.8703527	-46.17500019	
169.8715361	-46.17536544	
169.8725778	-46.17589241	
169.8733779	-46.17659974	
169.8741421	-46.17732578	
169.8749293	-46.17803982	
169.8758066	-46.17869923	
169.8767834	-46.17928881	
169.8777561	-46.17988259	
169.8787226	-46.18048135	
169.8796577	-46.18110378	
169.8804289	-46.18182568	
169.8811788	-46.18255911	
169.8818613	-46.183321	
169.8824405	-46.18412566	
169.8828731	-46.18497269	
169.8829676	-46.18586762	
169.8831876	-46.18675345	
169.8833757	-46.18764314	
169.8834841	-46.1885388	
169.8833342	-46.18942675	
169.8831012	-46.19030994	
169.8831564	-46.19120589	
169.883435	-46.19208283	
169.883789	-46.19294811	
169.8841659	-46.19380875	
169.8845858	-46.19465944	
169.884944	-46.19552393	
169.8851328	-46.19640458	
169.8850225	-46.19729322	
169.884059	-46.19785965	
169.8837214	-46.19794281	
