172.73706397	-40.52637477
172.73669333	-40.52501173
172.73585595	-40.52285899
172.73464199	-40.52092049
172.73295671	-40.51941110
172.73183573	-40.51775957
172.73080847	-40.51617994
172.72893494	-40.51481345
172.72677458	-40.51473680
172.72592910	-40.51473485
172.72499999	-40.51499990
172.72357398	-40.51637839
172.72169048	-40.51752111
172.72027492	-40.51909508
172.71848904	-40.51930594
172.71754722	-40.51987726
172.71801198	-40.52109719
172.71923041	-40.52181704
172.71988516	-40.52253555
172.71969317	-40.52353883
172.71969055	-40.52418409
172.72100504	-40.52440228
172.72269767	-40.52404777
172.72514219	-40.52362330
172.72739991	-40.52291155
172.72909134	-40.52284373
172.72965310	-40.52334689
172.72908431	-40.52463611
172.72776837	-40.52477649
172.72748368	-40.52549279
172.72795120	-40.52606743
172.72860552	-40.52692928
172.72832082	-40.52764558
172.72712307	-40.52840121
172.72617419	-40.53067001
172.72507002	-40.53257986
172.72412723	-40.53329482
172.72192055	-40.53663637
172.72018608	-40.53938136
172.71845441	-40.54140918
172.71641617	-40.54176289
172.71359602	-40.54175609
172.70983180	-40.54270310
172.70826198	-40.54341639
172.70826097	-40.54365544
172.70982624	-40.54401787
172.71013658	-40.54473578
172.70950379	-40.54616853
172.70683045	-40.54843290
172.70414765	-40.55284862
172.70210068	-40.55511445
172.69974592	-40.55606467
172.69817307	-40.55737543
172.69691094	-40.55928459
172.69471536	-40.55963750
172.69298025	-40.56214302
172.69265823	-40.56405457
172.69186599	-40.56596490
172.69075916	-40.56811344
172.68914521	-40.56986888
172.68705331	-40.57090135
172.68595894	-40.57207484
172.68431683	-40.57393886
172.68349205	-40.57566665
172.68267045	-40.57670244
172.68158365	-40.57621510
172.68004148	-40.57607252
172.67904221	-40.57627740
172.67912939	-40.57703884
172.67921006	-40.57918427
172.67874878	-40.58077462
172.67783268	-40.58257132
172.67565010	-40.58346492
172.67301396	-40.58428801
172.67110723	-40.58442109
172.66974375	-40.58483247
172.66928555	-40.58573078
172.66928253	-40.58635357
172.67073782	-40.58573486
172.67164782	-40.58525301
172.67346248	-40.58539647
172.67473156	-40.58574599
172.67518309	-40.58623164
172.67572473	-40.58685594
172.67608419	-40.58761813
172.67589837	-40.58851722
172.67525638	-40.58989946
172.67407302	-40.59058818
172.67306887	-40.59176179
172.67288100	-40.59307607
172.67324079	-40.59376908
172.67414658	-40.59418680
172.67504809	-40.59550410
172.67540329	-40.59716589
172.67594239	-40.59834379
172.67684728	-40.59896908
172.67866168	-40.59925086
172.67875083	-40.59959711
172.67872540	-40.60294152
172.67841016	-40.60559406
172.67855173	-40.60767103
172.67906777	-40.60952249
172.67939165	-40.61124380
172.67945114	-40.61271139
172.67898015	-40.61402573
172.67864194	-40.61534042
172.67883804	-40.61599877
172.67890014	-40.61690976
172.67969435	-40.61746854
172.68101908	-40.61818056
172.68081536	-40.61914143
172.68001423	-40.62005006
172.67874894	-40.62080561
172.67701854	-40.62161047
172.67562303	-40.62180902
172.67382761	-40.62231005
172.67296018	-40.62316784
172.67196234	-40.62351926
172.67143009	-40.62372017
172.67142765	-40.62422617
172.67169060	-40.62478352
172.67308229	-40.62539462
172.67380867	-40.62625686
172.67353914	-40.62706572
172.67326814	-40.62817819
172.67187199	-40.62847789
172.66974503	-40.62882611
172.66741633	-40.62967974
172.66628405	-40.63033432
172.66648056	-40.63089149
172.66594400	-40.63195258
172.66474850	-40.63194916
172.66401791	-40.63194707
172.66381691	-40.63230069
172.66394799	-40.63265528
172.66387931	-40.63311048
172.66307828	-40.63391779
172.66194563	-40.63462294
172.66081422	-40.63507507
172.65994441	-40.63633756
172.65987292	-40.63734937
172.65953547	-40.63841100
172.65793901	-40.63886175
172.65621097	-40.63905908
172.65547516	-40.64006893
172.65527254	-40.64072614
172.65593526	-40.64103170
172.65719633	-40.64123780
172.65845333	-40.64225349
172.65964546	-40.64296538
172.66077093	-40.64372766
172.66116495	-40.64463962
172.66056379	-40.64529568
172.65896921	-40.64534164
172.65684626	-40.64477882
172.65511961	-40.64467254
172.65425783	-40.64431579
172.65306392	-40.64395805
172.65213288	-40.64415768
172.65166423	-40.64486469
172.65159233	-40.64592709
172.65165512	-40.64663569
172.65138679	-40.64714089
172.65091811	-40.64784790
172.65044969	-40.64850431
172.65024804	-40.64895911
172.65104264	-40.64946749
172.65263550	-40.64977584
172.65456133	-40.64993336
172.65582231	-40.65019008
172.65595209	-40.65079767
172.65574918	-40.65150548
172.65495014	-40.65185733
172.65433938	-40.65177792
172.65297704	-40.65156620
172.65121800	-40.65149162
172.64940335	-40.65141146
172.64714662	-40.65144203
172.64576955	-40.65211038
172.64390190	-40.65277722
172.64257285	-40.65363250
172.64104277	-40.65538384
172.64000857	-40.65612790
172.63906485	-40.65746729
172.63773946	-40.65813428
172.63596440	-40.66047758
172.63544250	-40.66192999
172.63588162	-40.66221099
172.63646852	-40.66232467
172.63639208	-40.66288368
172.63543616	-40.66310439
172.63535759	-40.66405486
172.63490939	-40.66545158
172.63416801	-40.66673552
172.63312916	-40.66868961
172.63201773	-40.67047569
172.63120339	-40.67164753
172.63017143	-40.67231536
172.62899163	-40.67315048
172.62773866	-40.67392942
172.62692574	-40.67482161
172.62684982	-40.67526877
172.62684579	-40.67599577
172.62610630	-40.67688819
172.62514362	-40.67828321
172.62418371	-40.67917491
172.61901581	-40.68374391
172.61607097	-40.68485272
172.61341892	-40.68613020
172.61091467	-40.68724034
172.60760253	-40.68829178
172.60590265	-40.69001968
172.60493508	-40.69214152
172.60463265	-40.69359453
172.60462443	-40.69499260
172.60440072	-40.69555108
172.60373583	-40.69616399
172.60313878	-40.69772783
172.60364818	-40.69856843
172.60371278	-40.70007861
172.60362943	-40.70175605
172.60390725	-40.70449728
172.60330323	-40.70723551
172.60211950	-40.70857364
172.60027332	-40.71007726
172.59997304	-40.71113879
172.59967409	-40.71197662
172.59879086	-40.71219727
172.59747101	-40.71168939
172.59439853	-40.70932989
172.59388647	-40.70893663
172.59263785	-40.70882041
172.59234220	-40.70909899
172.59211462	-40.71027260
172.59203571	-40.71116711
172.59151108	-40.71284299
172.59077208	-40.71351148
172.58930153	-40.71361813
172.58540087	-40.71449906
172.58400275	-40.71477368
172.58267915	-40.71488077
172.58113820	-40.71448375
172.58040466	-40.71425741
172.57952029	-40.71464568
172.57775642	-40.71463927
172.57459971	-40.71406851
172.57298570	-40.71361519
172.57203207	-40.71333206
172.57151584	-40.71360977
172.57165962	-40.71411362
172.57202174	-40.71495381
172.57238174	-40.71612954
172.57310711	-40.71764216
172.57295407	-40.71859230
172.57272753	-40.71954218
172.57279533	-40.72043721
172.57316177	-40.72060633
172.57419043	-40.72066603
172.57514594	-40.72066954
172.57565903	-40.72089511
172.57639158	-40.72128926
172.57793722	-40.72095934
172.57823228	-40.72079264
172.57926199	-40.72068453
172.57999421	-40.72113458
172.58080028	-40.72152896
172.58190038	-40.72192440
172.58212088	-40.72192519
172.58263366	-40.72220666
172.58285035	-40.72282260
172.58299389	-40.72338236
172.58232957	-40.72382736
172.58137087	-40.72432722
172.58048392	-40.72510695
172.57996553	-40.72572024
172.57951994	-40.72644564
172.57849014	-40.72655375
172.57694437	-40.72688367
172.57576718	-40.72704714
172.57510738	-40.72676511
172.57533285	-40.72598300
172.57614743	-40.72503527
172.57747370	-40.72453679
172.57865399	-40.72387000
172.57946429	-40.72359332
172.57946849	-40.72292224
172.57947200	-40.72236302
172.57910623	-40.72208207
172.57822420	-40.72207887
172.57748636	-40.72252357
172.57601524	-40.72268598
172.57476534	-40.72273733
172.57402569	-40.72346163
172.57298917	-40.72463222
172.57232406	-40.72518901
172.57099274	-40.72647034
172.56988439	-40.72736102
172.56848414	-40.72791506
172.56656750	-40.72874677
172.56487569	-40.72890820
172.56296115	-40.72940432
172.56192982	-40.72973597
172.56119251	-40.73006872
172.56229190	-40.73057619
172.56368498	-40.73114068
172.56522403	-40.73187348
172.56610365	-40.73226824
172.56749717	-40.73277676
172.56888855	-40.73362080
172.56947200	-40.73434998
172.56953727	-40.73563647
172.56872894	-40.73557754
172.56733535	-40.73506904
172.56543008	-40.73411120
172.56249529	-40.73320538
172.56080482	-40.73314307
172.55859938	-40.73313469
172.55660969	-40.73385410
172.55513716	-40.73418400
172.55491216	-40.73485422
172.55520251	-40.73541458
172.55630193	-40.73592210
172.55718230	-40.73620509
172.55563360	-40.73692617
172.55460137	-40.73736960
172.55297836	-40.73820220
172.55187444	-40.73836571
172.55077463	-40.73791406
172.55019173	-40.73712887
172.54967635	-40.73723871
172.54826592	-40.73924648
172.54811586	-40.73969328
172.54951202	-40.73981057
172.55068799	-40.73987106
172.55288879	-40.74060658
172.55457870	-40.74078086
172.55619620	-40.74078707
172.55744572	-40.74084777
172.55803206	-40.74112963
172.55810153	-40.74174506
172.55684940	-40.74207582
172.55523150	-40.74212554
172.55390731	-40.74223230
172.55375579	-40.74290280
172.55360502	-40.74346145
172.55279250	-40.74401756
172.55161009	-40.74490777
172.54998722	-40.74568440
172.54755777	-40.74612233
172.54593748	-40.74650745
172.54461016	-40.74706148
172.54460750	-40.74745293
172.54519384	-40.74773485
172.54681226	-40.74762935
172.54865052	-40.74763653
172.55026857	-40.74758690
172.55056006	-40.74797950
172.55004046	-40.74870449
172.55047940	-40.74904174
172.55172981	-40.74899066
172.55264443	-40.74891874
172.55275217	-40.75005717
172.55186565	-40.75066890
172.54994888	-40.75138847
172.54781373	-40.75177162
172.54552921	-40.75248968
172.54478891	-40.75321378
172.54448868	-40.75410738
172.54529379	-40.75466978
172.54469787	-40.75578591
172.54506329	-40.75612289
172.54771412	-40.75562997
172.55044071	-40.75480173
172.55353493	-40.75397485
172.55692432	-40.75298124
172.55958010	-40.75170512
172.56157909	-40.74964353
172.56321250	-40.74724497
172.56462302	-40.74518110
172.56580997	-40.74356376
172.56676762	-40.74328772
172.56772346	-40.74329129
172.56845656	-40.74362957
172.56859821	-40.74446895
172.56837331	-40.74513920
172.56755728	-40.74625464
172.56622543	-40.74753591
172.56511521	-40.74865022
172.56341523	-40.74998600
172.56237553	-40.75154795
172.56148469	-40.75283083
172.56103650	-40.75389168
172.56198847	-40.75451045
172.56360595	-40.75457248
172.56574074	-40.75424496
172.56787912	-40.75335817
172.56913681	-40.75218845
172.57237953	-40.75108199
172.57422394	-40.75013807
172.57548500	-40.74840906
172.57622774	-40.74723738
172.57645752	-40.74578419
172.57602200	-40.74488782
172.57455464	-40.74437912
172.57234775	-40.74453878
172.57087971	-40.74414188
172.57014874	-40.74346809
172.56934534	-40.74262625
172.56868793	-40.74195271
172.56861729	-40.74150506
172.56927900	-40.74150752
172.57067703	-40.74134494
172.57170565	-40.74146059
172.57280709	-40.74168835
172.57449531	-40.74214195
172.57581628	-40.74253826
172.57677070	-40.74276544
172.57691987	-40.74243044
172.57699727	-40.74181556
172.57780886	-40.74137113
172.57876467	-40.74137461
172.57980066	-40.74031581
172.57995786	-40.73869458
172.58033282	-40.73752154
172.58107430	-40.73651759
172.58144782	-40.73556823
172.58138128	-40.73444951
172.58205163	-40.73305382
172.58250037	-40.73182511
172.58287767	-40.73026060
172.58354690	-40.72903267
172.58509719	-40.72797567
172.58708881	-40.72686429
172.58826734	-40.72647701
172.58951697	-40.72648144
172.59120697	-40.72659925
172.59245626	-40.72665957
172.59466218	-40.72655544
172.59694361	-40.72611599
172.59870812	-40.72606618
172.60165208	-40.72546115
172.60415102	-40.72552562
172.60466524	-40.72558330
172.60466031	-40.72642215
172.60472691	-40.72759678
172.60508921	-40.72849280
172.60559624	-40.72978078
172.60595954	-40.73050903
172.60573277	-40.73157082
172.60550369	-40.73302407
172.60548530	-40.73615577
172.60561133	-40.73973534
172.60662985	-40.74158430
172.60772685	-40.74259465
172.60911735	-40.74371783
172.61242096	-40.74462369
172.61528764	-40.74480101
172.61830267	-40.74475504
172.62021570	-40.74453761
172.62241906	-40.74499219
172.62234050	-40.74588673
172.62182075	-40.74677983
172.62159700	-40.74733834
172.62034474	-40.74772572
172.61820656	-40.74872534
172.61709813	-40.74967240
172.61605937	-40.75129078
172.61545121	-40.75475607
172.61551866	-40.75581885
172.61521070	-40.75822257
172.61527912	-40.75911759
172.61615974	-40.75945605
172.61733679	-40.75940402
172.62079945	-40.75835283
172.62404450	-40.75674158
172.62817344	-40.75485345
172.63068245	-40.75329558
172.63171752	-40.75229223
172.63201872	-40.75100692
172.63239681	-40.74910669
172.63203434	-40.74815483
172.63122854	-40.74759303
172.63005448	-40.74714190
172.63005817	-40.74647082
172.63108977	-40.74608263
172.63204598	-40.74602974
172.63329540	-40.74614554
172.63454209	-40.74676464
172.63490580	-40.74749280
172.63468186	-40.74810726
172.63512063	-40.74855604
172.63629717	-40.74855973
172.63725251	-40.74867456
172.63836064	-40.74772730
172.63858846	-40.74638583
172.63859568	-40.74504366
172.63882738	-40.74297518
172.63817165	-40.74185465
172.63699885	-40.74117990
172.63611896	-40.74072975
172.63560822	-40.74000113
172.63561155	-40.73938597
172.63495196	-40.73899243
172.63384850	-40.73910081
172.63340583	-40.73937903
172.63244911	-40.73954378
172.63186245	-40.73926230
172.63186704	-40.73842345
172.63180025	-40.73719290
172.63158827	-40.73562635
172.63247020	-40.73568507
172.63371821	-40.73602455
172.63459893	-40.73630695
172.63584847	-40.73636680
172.63680364	-40.73648163
172.63790133	-40.73743577
172.63774706	-40.73877748
172.63796311	-40.73961702
172.63898735	-40.74057092
172.63972290	-40.74051728
172.64060670	-40.74024040
172.64119699	-40.73985075
172.64171583	-40.73906941
172.64215965	-40.73856745
172.64282165	-40.73851357
172.64465737	-40.73896659
172.64546524	-40.73913683
172.64700983	-40.73902968
172.64892349	-40.73864400
172.65054042	-40.73876072
172.65252643	-40.73859890
172.65378035	-40.73781970
172.65481483	-40.73681613
172.65769837	-40.73363695
172.66072556	-40.73107328
172.66234878	-40.72990358
172.66375251	-40.72850953
172.66500778	-40.72739466
172.66685330	-40.72583406
172.66685882	-40.72471558
172.66671844	-40.72337299
172.66576784	-40.72236362
172.66466887	-40.72163344
172.66297854	-40.72157263
172.66165629	-40.72140102
172.66187905	-40.72095427
172.66254338	-40.72039695
172.66364928	-40.71972906
172.66365290	-40.71900205
172.66446504	-40.71827737
172.66542305	-40.71777680
172.66542915	-40.71654648
172.66595360	-40.71453469
172.66816620	-40.71297512
172.67075653	-40.70929143
172.67245929	-40.70672369
172.67290347	-40.70605384
172.67320418	-40.70465656
172.67314097	-40.70253124
172.67469435	-40.70041044
172.67514168	-40.69906950
172.67536749	-40.69795163
172.67647852	-40.69610919
172.67781097	-40.69404366
172.67870012	-40.69248021
172.67900358	-40.69046775
172.67923541	-40.68806361
172.67924815	-40.68537925
172.67977301	-40.68314369
172.68051371	-40.68185944
172.68140051	-40.68074337
172.68213747	-40.68024205
172.68279861	-40.68024384
172.68279703	-40.68057939
172.68249821	-40.68164115
172.68153584	-40.68320443
172.68115982	-40.68504893
172.68107844	-40.68672646
172.68158533	-40.68829374
172.68187499	-40.68918933
172.68209329	-40.68963733
172.68297492	-40.68963972
172.68283192	-40.68880046
172.68357106	-40.68785174
172.68482262	-40.68729587
172.68585454	-40.68657163
172.68651703	-40.68629378
172.68769352	-40.68607323
172.68779558	-40.70063370
172.68413424	-40.70111529
172.68068448	-40.70236179
172.67967355	-40.70372411
172.67952591	-40.70459736
172.67851751	-40.70541364
172.67844057	-40.70650551
172.67937024	-40.70716331
172.68130552	-40.70760544
172.68223472	-40.70837243
172.68237387	-40.70930107
172.68323238	-40.70984945
172.68488225	-40.70996312
172.68653138	-40.71024058
172.68631257	-40.71100445
172.68336515	-40.71214317
172.68199840	-40.71284930
172.68199326	-40.71394136
172.68270753	-40.71465315
172.68291846	-40.71558199
172.68219776	-40.71623527
172.68212291	-40.71689031
172.68074882	-40.71912531
172.67967026	-40.71955918
172.67830514	-40.71988304
172.67729753	-40.72048090
172.67722290	-40.72108133
172.67671529	-40.72217200
172.67584724	-40.72358928
172.67346745	-40.72593060
172.67093807	-40.72947271
172.66963886	-40.73094333
172.66941844	-40.73198018
172.66999214	-40.73209101
172.67164707	-40.73127664
172.67322964	-40.73057124
172.67380572	-40.73019063
172.67466890	-40.72981082
172.67804791	-40.72867353
172.67869026	-40.72943976
172.67954510	-40.73080720
172.67982936	-40.73140862
172.67845879	-40.73282455
172.67801846	-40.73484366
172.67793781	-40.73669997
172.67806417	-40.74030416
172.67877737	-40.74128899
172.68050007	-40.74134834
172.68316349	-40.73982671
172.68568627	-40.73764940
172.68721429	-40.73323061
172.68736164	-40.73241195
172.68915993	-40.73159770
172.69045071	-40.73187415
172.69109299	-40.73269491
172.69231500	-40.73231592
172.69239076	-40.73144246
172.69261232	-40.73007795
172.69390977	-40.72888008
172.69462951	-40.72844513
172.69527649	-40.72822841
172.69620933	-40.72828545
172.70128832	-40.73217544
172.69999359	-40.73277276
172.69898403	-40.73380763
172.69588116	-40.73740343
172.69558785	-40.73876776
172.69392262	-40.74187582
172.69262391	-40.74329210
172.69189700	-40.74525591
172.69275779	-40.74542199
172.69347077	-40.74651595
172.69397136	-40.74695410
172.69439174	-40.74924856
172.69431128	-40.75115948
172.69481067	-40.75187064
172.69531624	-40.75121671
172.69618204	-40.75029071
172.69885377	-40.74691221
172.70015581	-40.74473142
172.70166302	-40.74484449
172.70101203	-40.74593490
172.70129389	-40.74713691
172.70200680	-40.74828541
172.70020018	-40.75090176
172.69939990	-40.75324767
172.69853142	-40.75477433
172.69657817	-40.75799088
172.69578285	-40.75919009
172.69613870	-40.75990086
172.69714208	-40.76034031
172.69778471	-40.76116104
172.69684795	-40.76186845
172.69454797	-40.76229927
172.69425575	-40.76339058
172.69504373	-40.76382947
172.69640895	-40.76366923
172.69884137	-40.76575049
172.70019981	-40.76711909
172.70177160	-40.76897966
172.70190823	-40.77056352
172.70139699	-40.77247334
172.69995660	-40.77334330
172.69923322	-40.77448811
172.69973429	-40.77487163
172.70160301	-40.77460342
172.70210798	-40.77411328
172.70297207	-40.77362405
172.70448306	-40.77302726
172.70620639	-40.77314082
172.70807362	-40.77320013
172.70857475	-40.77358361
172.70871225	-40.77500365
172.70819193	-40.77904303
172.70731711	-40.78198944
172.70687705	-40.78406328
172.70766679	-40.78417447
172.70845937	-40.78363042
172.70968508	-40.78259601
172.71055534	-40.78068705
172.71150815	-40.77626650
172.71187127	-40.77533914
172.71266021	-40.77561410
172.71365326	-40.77856516
172.71472819	-40.77916844
172.71602394	-40.77851636
172.71645677	-40.77808058
172.71746218	-40.77813763
172.71753011	-40.77906606
172.71759529	-40.78064973
172.71622561	-40.78179308
172.71564539	-40.78310216
172.71506630	-40.78413822
172.71570522	-40.78594171
172.71649177	-40.78681729
172.71634417	-40.78774519
172.71655417	-40.78905619
172.71604850	-40.78971021
172.71403571	-40.78997830
172.71273925	-40.79073956
172.71094243	-40.79089892
172.70900167	-40.79111250
172.70806198	-40.79242064
172.70784122	-40.79362136
172.70877477	-40.79373291
172.71129086	-40.79341156
172.71373321	-40.79352680
172.71437845	-40.79385601
172.71437264	-40.79522109
172.71537530	-40.79598800
172.71551484	-40.79697121
172.71465099	-40.79735133
172.71399804	-40.79882403
172.71392131	-40.79997053
172.71471078	-40.80019088
172.71571883	-40.79970191
172.71651338	-40.79872098
172.71752484	-40.79741294
172.71889255	-40.79681561
172.71961084	-40.79687195
172.71960651	-40.79790941
172.71859325	-40.79965430
172.71628652	-40.80139603
172.71570797	-40.80226829
172.71613565	-40.80308839
172.71721008	-40.80391007
172.71815437	-40.80492929
172.71979411	-40.80496331
172.72087626	-40.80359130
172.72239297	-40.80173839
172.72254796	-40.79900854
172.72255766	-40.79666059
172.72271218	-40.79403998
172.72611999	-40.78645810
172.72749314	-40.78444098
172.72735322	-40.78351238
172.72836424	-40.78220425
172.72800859	-40.78132976
172.72815579	-40.78045644
172.72966693	-40.77980470
172.73132215	-40.77904408
172.73132454	-40.77844344
172.73039095	-40.77838668
172.72902659	-40.77827431
172.72838142	-40.77794518
172.72874476	-40.77690855
172.72867535	-40.77630775
172.72807172	-40.77641672
172.72707439	-40.77673889
172.72550923	-40.77673521
172.72466037	-40.77554340
172.72480885	-40.77402944
172.72481238	-40.77316414
172.72453667	-40.77100019
172.72625056	-40.76938176
172.72785165	-40.76717279
172.73752539	-40.77340659
172.73752154	-40.77439532
172.73751362	-40.77642770
172.73772077	-40.77890000
172.73662913	-40.78087500
172.73546558	-40.78273998
172.73552943	-40.78488238
172.73277629	-40.78663385
172.73096692	-40.78728884
172.72988530	-40.78668211
172.72902051	-40.78607588
172.72829582	-40.78656856
172.72857825	-40.78821710
172.72922471	-40.78920734
172.72929012	-40.79091031
172.72884873	-40.79283182
172.72833302	-40.79524751
172.72919926	-40.79552418
172.73122900	-40.79404578
172.73123405	-40.79278241
172.73318812	-40.79212775
172.73441549	-40.79246013
172.73477254	-40.79355954
172.73397206	-40.79493095
172.73172025	-40.79772720
172.72867512	-40.80002720
172.72635847	-40.80090066
172.72352829	-40.80358553
172.71888786	-40.80692514
172.71497481	-40.80911281
172.70932903	-40.81069179
172.70838441	-40.81178802
172.70816322	-40.81277620
172.70975162	-40.81327455
172.71293250	-40.81333738
172.71423714	-40.81257158
172.71575933	-40.81164150
172.71720943	-40.81065630
172.71901842	-40.81027618
172.72089602	-40.81077507
172.72074709	-40.81181838
172.71994953	-40.81236576
172.72023529	-40.81319040
172.72110286	-40.81319248
172.72204501	-40.81264544
172.72313355	-40.81165930
172.72313877	-40.81039592
172.72516572	-40.80974157
172.72769781	-40.80930808
172.72871081	-40.80909073
172.73066164	-40.80936991
172.73130811	-40.81041508
172.73195109	-40.81233911
172.73462348	-40.81300440
172.73657402	-40.81339334
172.73772886	-40.81389032
172.74062062	-40.81395173
172.74177761	-40.81389937
172.74517672	-40.81363221
172.74662207	-40.81380016
172.74726863	-40.81490016
172.74849218	-40.81638593
172.75001012	-40.81649906
172.75282950	-40.81661493
172.75456515	-40.81650874
172.75471277	-40.81568510
172.75695569	-40.81525036
172.75905498	-40.81454063
172.76122672	-40.81377607
172.76274539	-40.81366931
172.76368200	-40.81460503
172.76432712	-40.81619931
172.76591547	-40.81686168
172.76757957	-40.81653542
172.76859143	-40.81664730
172.76873358	-40.81736167
172.76894313	-40.81950437
172.76944663	-40.82027439
172.76987709	-40.82126399
172.76929523	-40.82225159
172.76864181	-40.82301931
172.77008687	-40.82335176
172.77037705	-40.82307768
172.77261809	-40.82324686
172.77348303	-40.82407250
172.77427366	-40.82550222
172.77651297	-40.82622063
172.77969493	-40.82617175
172.78099835	-40.82562490
172.78121833	-40.82469150
172.78259332	-40.82436449
172.78346229	-40.82398159
172.78382720	-40.82293859
172.78412014	-40.82178559
172.78485516	-40.81805168
172.78435748	-40.81541410
172.78465142	-40.81393151
172.78653262	-40.81349552
172.78935195	-40.81361050
172.79021733	-40.81432615
172.79028484	-40.81586433
172.79078533	-40.81767793
172.79136002	-40.81888743
172.79193286	-40.82070116
172.79149646	-40.82152434
172.78990328	-40.82229052
172.78910547	-40.82305810
172.78931948	-40.82399231
172.79025661	-40.82492782
172.79111992	-40.82635756
172.79154733	-40.82844568
172.79204624	-40.83080858
172.79167870	-40.83273049
172.79117143	-40.83305917
172.78914679	-40.83294567
172.78838913	-40.83311960
172.78681445	-40.83399227
172.78482131	-40.83462537
172.78371877	-40.83529988
172.78298133	-40.83649243
172.78203518	-40.83740600
172.78003915	-40.83887475
172.77898496	-40.84074323
172.77855930	-40.84269249
172.77761391	-40.84332744
172.77525650	-40.84308413
172.77468433	-40.84180951
172.77363988	-40.84073296
172.77160201	-40.83901770
172.77024162	-40.83841807
172.76730828	-40.83809386
172.76557906	-40.83809039
172.76405553	-40.83920163
172.76358153	-40.83987722
172.76483889	-40.83995936
172.76536110	-40.84047778
172.76493826	-40.84151166
172.76446327	-40.84246583
172.76372302	-40.84433479
172.76492667	-40.84481480
172.76623987	-40.84394191
172.76692487	-40.84286876
172.76776665	-40.84191531
172.76933944	-40.84171945
172.76928362	-40.84271427
172.76838807	-40.84406559
172.76570859	-40.84601029
172.76172412	-40.84643996
172.75737174	-40.84714731
172.75506362	-40.84773943
172.75280861	-40.84813262
172.75248901	-40.84952484
172.75169622	-40.85131401
172.74859995	-40.85238187
172.74298733	-40.85356350
172.73920851	-40.85486837
172.73600814	-40.85565707
172.73553374	-40.85633253
172.73621167	-40.85720961
172.73773031	-40.85757123
172.74024842	-40.85701974
172.74145613	-40.85646527
172.74277170	-40.85511510
172.74465860	-40.85511927
172.74491611	-40.85631374
172.74428135	-40.85782463
172.74160553	-40.85849525
172.74113101	-40.85921054
172.74128194	-40.86084255
172.74101676	-40.86163790
172.74122258	-40.86263329
172.74200795	-40.86287382
172.74290093	-40.86239824
172.74337729	-40.86120538
172.74359124	-40.86009154
172.74443388	-40.85905868
172.74563977	-40.85898173
172.74637013	-40.85989866
172.74720896	-40.85986070
172.74851850	-40.86010232
172.74935376	-40.86101946
172.75108179	-40.86150075
172.75223544	-40.86138382
172.75307576	-40.86094785
172.75412457	-40.86083068
172.75454275	-40.86114994
172.75453953	-40.86202547
172.75453515	-40.86321937
172.75516317	-40.86349928
172.75600292	-40.86322247
172.75684150	-40.86326403
172.75710172	-40.86378193
172.75788904	-40.86350500
172.75862623	-40.86259120
172.75999129	-40.86199707
172.76135618	-40.86144273
172.76266680	-40.86140561
172.76339954	-40.86172549
172.76302795	-40.86303803
172.76265620	-40.86439038
172.76354075	-40.86626265
172.76604938	-40.86845657
172.76730023	-40.87056833
172.76760690	-40.87283738
172.76739206	-40.87430945
172.76786267	-40.87466856
172.76833123	-40.87562463
172.76795827	-40.87733516
172.76700867	-40.87900474
172.76522245	-40.87999606
172.76307055	-40.88058864
172.76160012	-40.88122238
172.76040138	-40.88211933
172.76023110	-40.88281144
172.76067783	-40.88378622
172.76169489	-40.88404817
172.76284553	-40.88488627
172.76557131	-40.88517039
172.76761763	-40.88481634
172.76940216	-40.88434233
172.77323022	-40.88431008
172.77459358	-40.88431274
172.77611079	-40.88535041
172.77657981	-40.88622685
172.77626317	-40.88682319
172.77563350	-40.88694137
172.77469188	-40.88626299
172.77254161	-40.88633839
172.77096681	-40.88681286
172.77033576	-40.88732897
172.76980779	-40.88836265
172.77011928	-40.88927860
172.77048240	-40.89043344
172.77105735	-40.89099173
172.77184194	-40.89159024
172.77283754	-40.89183097
172.77351728	-40.89242926
172.77351539	-40.89298642
172.77230686	-40.89366060
172.77015512	-40.89409412
172.76737429	-40.89444675
172.76584960	-40.89551820
172.76417006	-40.89587296
172.75829463	-40.89625882
172.75493644	-40.89668953
172.75173689	-40.89676231
172.74922154	-40.89619973
172.74534264	-40.89563410
172.74219573	-40.89566693
172.73883795	-40.89597777
172.73547950	-40.89644770
172.73337798	-40.89735821
172.73163631	-40.90006038
172.73057992	-40.90188859
172.73057428	-40.90328148
172.73141287	-40.90344262
172.73220093	-40.90312607
172.73278061	-40.90245086
172.73368040	-40.90042328
172.73620445	-40.89879738
172.73720206	-40.89852107
172.73914186	-40.89872445
172.74008236	-40.89964190
172.74212679	-40.89992506
172.74364752	-40.90000803
172.74490508	-40.90032919
172.74568788	-40.90136565
172.74689363	-40.90152748
172.74872910	-40.90161108
172.75051019	-40.90221189
172.75129399	-40.90300952
172.75076724	-40.90360535
172.74908486	-40.90463644
172.74861083	-40.90515278
172.74913402	-40.90551209
172.75107287	-40.90603365
172.75159534	-40.90659193
172.75143515	-40.90734774
172.75132563	-40.90858122
172.75163681	-40.90953702
172.75226347	-40.91029452
172.75189345	-40.91104987
172.75000152	-40.91196113
172.74648131	-40.91338617
172.74416618	-40.91517194
172.74321711	-40.91640355
172.74352943	-40.91704100
172.74463176	-40.91688425
172.74605008	-40.91640981
172.74762622	-40.91581631
172.74920263	-40.91514319
172.75135221	-40.91550601
172.75365817	-40.91614770
172.75470287	-40.91738365
172.75417353	-40.91865603
172.75301443	-40.91996687
172.75133257	-40.92075921
172.75054095	-40.92199122
172.75069387	-40.92318547
172.75121557	-40.92398254
172.75210932	-40.92350689
172.75221648	-40.92291017
172.75332051	-40.92231557
172.75526253	-40.92212071
172.75662726	-40.92196441
172.75794212	-40.92109163
172.75935843	-40.92117418
172.76030139	-40.92157412
172.76008894	-40.92229003
172.75924456	-40.92364138
172.75924067	-40.92471590
172.75876165	-40.92658538
172.75833393	-40.92877334
172.75769627	-40.93096085
172.75690159	-40.93302864
172.75516431	-40.93453727
172.75232313	-40.93652107
172.75168921	-40.93763403
172.74985109	-40.93798823
172.74901051	-40.93822518
172.74911125	-40.93933973
172.74942313	-40.94013635
172.75230649	-40.94097832
172.75393358	-40.94094201
172.75508980	-40.94050670
172.75666732	-40.93967430
172.75777262	-40.93880109
172.75919392	-40.93761014
172.76192842	-40.93606372
172.76324364	-40.93515109
172.76413760	-40.93463556
172.76618351	-40.93483871
172.76838645	-40.93516153
172.77011711	-40.93548337
172.77095922	-40.93476869
172.77085756	-40.93381335
172.77143796	-40.93289916
172.77275257	-40.93210580
172.77343923	-40.93079384
172.77481259	-40.92813009
172.77734085	-40.92526958
172.78149865	-40.92141715
172.78433728	-40.91975098
172.78612315	-40.91911754
172.78947752	-40.92019822
172.79088898	-40.92183249
172.79225213	-40.92215332
172.79382530	-40.92243472
172.79487146	-40.92347132
172.79612352	-40.92582160
172.79675098	-40.92653906
172.79837795	-40.92642251
172.79990128	-40.92586799
172.80089751	-40.92610850
172.80063205	-40.92714278
172.80104695	-40.92877520
172.80230571	-40.92897635
172.80303833	-40.92965417
172.80340094	-40.93124669
172.80172008	-40.93180098
172.80040414	-40.93315184
172.79888016	-40.93386555
172.79840557	-40.93462088
172.79882262	-40.93553695
172.79855625	-40.93684981
172.79676575	-40.93887635
172.79440066	-40.93998650
172.79146131	-40.94010062
172.78894167	-40.94025523
172.78741651	-40.94124737
172.78599550	-40.94247847
172.78562182	-40.94442785
172.78356633	-40.94705065
172.78256007	-40.94979478
172.78186815	-40.95269869
172.78165163	-40.95468815
172.78259456	-40.95528690
172.78490480	-40.95513205
172.78637770	-40.95417965
172.78964098	-40.95143962
172.79106162	-40.95036767
172.79295461	-40.94929655
172.79484754	-40.94822540
172.79836813	-40.94695808
172.79963107	-40.94588574
172.80110403	-40.94477396
172.80299682	-40.94366288
172.80530744	-40.94322903
172.80625088	-40.94366840
172.80687920	-40.94418682
172.80719238	-40.94478431
172.80656046	-40.94549961
172.80587581	-40.94629441
172.80571626	-40.94701050
172.80576688	-40.94764735
172.80607913	-40.94856322
172.80644273	-40.94987716
172.80754294	-40.95059536
172.80854048	-40.95051743
172.81006384	-40.95012197
172.81090402	-40.95000396
172.81232080	-40.95016547
172.81389439	-40.95056600
172.81446922	-40.95148227
172.81436246	-40.95211887
172.81435823	-40.95363117
172.81425024	-40.95470554
172.81288383	-40.95526049
172.81209664	-40.95517961
172.81173099	-40.95454225
172.81168098	-40.95366662
172.81126342	-40.95283019
172.81089665	-40.95259080
172.80995168	-40.95262904
172.80926814	-40.95302589
172.80879273	-40.95405984
172.80842264	-40.95497457
172.80794524	-40.95668507
172.80725944	-40.95783806
172.80473729	-40.95862976
172.80337131	-40.95898561
172.80111430	-40.95886234
172.79927606	-40.95913773
172.79817156	-40.95981236
172.79748703	-40.96048772
172.79706412	-40.96144212
172.79774539	-40.96184129
172.79958418	-40.96140673
172.80121404	-40.96061361
172.80279041	-40.96013875
172.80462819	-40.96002249
172.80551948	-40.96042198
172.80478299	-40.96093810
172.80325923	-40.96137328
172.80183973	-40.96204740
172.80015711	-40.96292004
172.79647550	-40.96506266
172.79568687	-40.96541944
172.79395294	-40.96585412
172.79300753	-40.96597182
172.79269014	-40.96672740
172.79279141	-40.96792151
172.79247389	-40.96871688
172.79136791	-40.96978942
172.79073533	-40.97058422
172.79146916	-40.97098353
172.79299185	-40.97098628
172.79551425	-40.97031423
172.79682885	-40.96967980
172.79719822	-40.96908348
172.79972231	-40.96781438
172.80140256	-40.96777750
172.80229584	-40.96754025
172.80303515	-40.96610881
172.80403859	-40.96412064
172.80446201	-40.96296723
172.80661742	-40.96197594
172.80855978	-40.96201898
172.81034420	-40.96222093
172.81191715	-40.96293987
172.81233569	-40.96345792
172.81228060	-40.96437318
172.81138286	-40.96620240
172.80995535	-40.96966245
172.80916387	-40.97101426
172.80883607	-40.97543125
172.80814063	-40.97984762
172.80744844	-40.98310987
172.80718285	-40.98414416
172.80623392	-40.98537629
172.80502119	-40.98700593
172.80370312	-40.98871498
172.80238522	-40.99034441
172.80106677	-40.99213302
172.80016882	-40.99380295
172.79985101	-40.99467795
172.80074299	-40.99499788
172.80221299	-40.99523921
172.80278804	-40.99615555
172.80283819	-40.99695158
172.80215223	-40.99798513
172.80151841	-40.99913816
172.80114794	-41.00005286
172.80014504	-41.00164300
172.79951115	-41.00279602
172.79950897	-41.00351236
172.79950715	-41.00410932
172.79934785	-41.00466620
172.79897829	-41.00526252
172.79876609	-41.00593870
172.79944794	-41.00629807
172.80039260	-41.00661810
172.80149487	-41.00693839
172.80180864	-41.00741650
172.80170105	-41.00825206
172.80138343	-41.00904745
172.80053934	-41.01020011
172.79943240	-41.01139209
172.79811710	-41.01198674
172.79748429	-41.01274177
172.79779647	-41.01373725
172.79884533	-41.01437585
172.80005305	-41.01461675
172.80436192	-41.01446502
172.80578148	-41.01414906
172.80630900	-41.01343360
172.80625834	-41.01279676
172.80604994	-41.01219944
172.80584307	-41.01108477
172.80568781	-41.01028856
172.80474355	-41.00980938
172.80490341	-41.00905351
172.80600680	-41.00901559
172.80800413	-41.00870058
172.80905441	-41.00886152
172.80947366	-41.00922040
172.80947020	-41.01041431
172.80946651	-41.01168782
172.80945993	-41.01395626
172.80929780	-41.01550808
172.80840272	-41.01614334
172.80614210	-41.01657730
172.80456522	-41.01677361
172.80282962	-41.01732779
172.80261789	-41.01784479
172.80245834	-41.01848127
172.80192990	-41.01947529
172.80129707	-41.02023033
172.80050585	-41.02122389
172.80008306	-41.02201909
172.79924035	-41.02265437
172.79808247	-41.02324930
172.79760794	-41.02376582
172.79760622	-41.02432298
172.79760388	-41.02507912
172.79718164	-41.02567533
172.79581534	-41.02567290
172.79455401	-41.02571044
172.79334460	-41.02594704
172.79244848	-41.02682096
172.79139404	-41.02789357
172.79028778	-41.02872728
172.78897141	-41.02952080
172.78697374	-41.02971609
172.78481919	-41.02967226
172.78387310	-41.02971027
172.78360836	-41.03030672
172.78360508	-41.03130164
172.78407663	-41.03174030
172.78528669	-41.03134461
172.78712597	-41.03138785
172.78907011	-41.03151084
172.79117294	-41.03131572
172.79406569	-41.03060462
172.79643050	-41.03064865
172.79832098	-41.03112956
172.80005309	-41.03184896
172.80120520	-41.03320407
172.80219788	-41.03515586
172.80329443	-41.03754559
172.80470404	-41.04073179
172.80553960	-41.04256389
172.80653255	-41.04451564
172.80768138	-41.04710440
172.80788721	-41.04861704
172.80793475	-41.05032840
172.80771991	-41.05188013
172.80771499	-41.05355160
172.80839470	-41.05482626
172.80933534	-41.05677790
172.81022426	-41.05845087
172.81027267	-41.05988365
172.81011089	-41.06127628
172.81005553	-41.06223132
172.81044278	-41.06227431
172.81153040	-41.06131844
172.81179479	-41.06080151
172.81242527	-41.06096174
172.81263433	-41.06139985
172.81347491	-41.06164002
172.81410665	-41.06136247
172.81395095	-41.06064587
172.81384863	-41.05965077
172.81532575	-41.05790210
172.81727530	-41.05639295
172.81796166	-41.05535932
172.81806836	-41.05480233
172.81870090	-41.05420638
172.81849414	-41.05293253
172.81818247	-41.05157893
172.81850099	-41.05046511
172.81866135	-41.04951023
172.81866290	-41.04895308
172.81840149	-41.04843529
172.81803484	-41.04795714
172.81787979	-41.04700176
172.81840956	-41.04553011
172.81888409	-41.04501350
172.82004064	-41.04497553
172.82114474	-41.04489767
172.82172416	-41.04446081
172.82156820	-41.04382381
172.82136131	-41.04258977
172.82110208	-41.04127605
172.82115584	-41.04083836
172.82183948	-41.04072004
172.82236456	-41.04091985
172.82325587	-41.04175698
172.82529978	-41.04402858
172.82545535	-41.04482476
172.82619053	-41.04510447
172.82661264	-41.04450815
172.82703464	-41.04395163
172.82777002	-41.04415173
172.82934521	-41.04483065
172.83081561	-41.04539001
172.83281038	-41.04646748
172.83459293	-41.04834056
172.83548389	-41.04941638
172.83606106	-41.04985498
172.83637668	-41.04977584
172.83679813	-41.04941827
172.83732601	-41.04854348
172.83816819	-41.04810691
172.83885188	-41.04798849
172.83932822	-41.04667585
172.83927976	-41.04500429
172.83970146	-41.04452731
172.84059586	-41.04421019
172.84070244	-41.04361337
172.84002036	-41.04309505
172.83918041	-41.04265610
172.83902370	-41.04225790
172.83949736	-41.04201979
172.84049645	-41.04186200
172.84076082	-41.04122561
172.84055183	-41.04070795
172.83981703	-41.04026915
172.83902869	-41.04022824
172.83834607	-41.03994869
172.83793001	-41.03815722
172.83756476	-41.03708216
172.83741024	-41.03580843
172.83667571	-41.03529001
172.83546737	-41.03508929
172.83241890	-41.03512465
172.83031720	-41.03488276
172.82895278	-41.03408477
172.82622413	-41.03244895
172.82512375	-41.03121356
172.82423352	-41.03001827
172.82439620	-41.02814804
172.82508278	-41.02687558
172.82566698	-41.02456822
172.82582717	-41.02361333
172.82666921	-41.02313704
172.82782517	-41.02317859
172.82955875	-41.02338017
172.83008537	-41.02294318
172.82982398	-41.02242543
172.82929995	-41.02186748
172.82803996	-41.02142782
172.82646533	-41.02074889
172.82557490	-41.01967300
172.82526259	-41.01855820
172.82458281	-41.01732343
172.82521800	-41.01557332
172.82543398	-41.01338479
172.82523049	-41.01087724
172.82465660	-41.00936406
172.82482292	-41.00610093
172.82535144	-41.00490781
172.82577561	-41.00343595
172.82614723	-41.00196401
172.82630903	-41.00037235
172.82673346	-40.99878110
172.82831452	-40.99679360
172.82878881	-40.99619734
172.82873897	-40.99516253
172.82847799	-40.99452537
172.82758609	-40.99412606
172.82611601	-40.99388505
172.82506657	-40.99348548
172.82485879	-40.99260961
172.82470312	-40.99189301
172.82386391	-40.99145395
172.82386624	-40.99057841
172.82392216	-40.98930497
172.82423867	-40.98878808
172.82481967	-40.98755524
172.82518920	-40.98683945
172.82582227	-40.98576587
172.82572059	-40.98449219
172.82593485	-40.98290061
172.82672687	-40.98127010
172.82757478	-40.97832634
172.82747453	-40.97649550
172.82685543	-40.97227600
172.82612439	-40.97072279
172.82528680	-40.96976637
172.82481762	-40.96849213
172.82535116	-40.96526932
172.82630141	-40.96328087
172.82667713	-40.96013741
172.82689969	-40.95532221
172.82675217	-40.95150140
172.82702375	-40.94799960
172.82781623	-40.94601090
172.82887201	-40.94366440
172.82955217	-40.94188866
172.82948817	-40.93984083
172.83157004	-40.93800617
172.83337274	-40.93701117
172.83330823	-40.93512086
172.83310566	-40.93307283
172.83435878	-40.93029181
172.83568153	-40.92730084
172.83575387	-40.92604080
172.83569201	-40.92304786
172.83514328	-40.92099934
172.83528458	-40.91984440
172.83687701	-40.91968914
172.83846957	-40.91948135
172.83847262	-40.91822120
172.83792193	-40.91696028
172.83626163	-40.91659041
172.83501587	-40.91653613
172.83418645	-40.91606239
172.83398376	-40.91406686
172.83475186	-40.91133764
172.83538510	-40.90713804
172.83601053	-40.90608881
172.83670386	-40.90556472
172.83670732	-40.90414706
172.83691852	-40.90267718
172.83643693	-40.90152136
172.83311950	-40.89983644
172.83180538	-40.89957201
172.83277613	-40.89878582
172.83284795	-40.89773581
172.83160334	-40.89736647
172.82980505	-40.89704881
172.82974000	-40.89542104
172.82905195	-40.89389737
172.82788338	-40.89090283
172.82698867	-40.88906381
172.82699139	-40.88801370
172.82581659	-40.88748689
172.82443343	-40.88727478
172.82180439	-40.88727078
172.82083327	-40.88821438
172.82027653	-40.88942115
172.82027413	-40.89031374
172.81923375	-40.89125722
172.81750287	-40.89167455
172.81653263	-40.89225058
172.81556266	-40.89272159
172.81486871	-40.89345556
172.81307223	-40.89256009
172.81003261	-40.89087497
172.80975900	-40.88977191
172.80990170	-40.88824949
172.81115106	-40.88683388
172.81177786	-40.88536475
172.81095122	-40.88410328
172.81102293	-40.88321080
172.81199323	-40.88258231
172.81351490	-40.88268978
172.81510402	-40.88342740
172.81662428	-40.88405988
172.81772976	-40.88458667
172.81911114	-40.88542892
172.82035545	-40.88579839
172.82236219	-40.88564396
172.82436852	-40.88564701
172.82609756	-40.88585964
172.82768717	-40.88649207
172.82837673	-40.88738569
172.82885794	-40.88859403
172.82913241	-40.88948703
172.83044405	-40.89064407
172.83293210	-40.89175029
172.83465913	-40.89285538
172.83680188	-40.89375101
172.83825352	-40.89433060
172.83977451	-40.89485777
172.84102486	-40.89281176
172.84262304	-40.88992613
172.84359536	-40.88835227
172.84505241	-40.88656903
172.84581489	-40.88593997
172.84477919	-40.88504600
172.84249738	-40.88451787
172.84284821	-40.88241812
172.84403319	-40.87858680
172.84646181	-40.87533467
172.84881902	-40.87297500
172.85297833	-40.86883236
172.85436734	-40.86620881
172.85457665	-40.86536898
172.85402562	-40.86431817
172.85395840	-40.86342549
172.85292293	-40.86253159
172.85147208	-40.86184718
172.85057593	-40.86053339
172.85099436	-40.85895875
172.85148007	-40.85822429
172.85238082	-40.85743784
172.85355564	-40.85780686
172.85417611	-40.85870024
172.85465793	-40.85975095
172.85562512	-40.86022471
172.85645702	-40.85928062
172.85645926	-40.85823051
172.85584000	-40.85675958
172.85598638	-40.85297934
172.85674915	-40.85198267
172.85757893	-40.85198368
172.85868543	-40.85193251
172.85972375	-40.85140870
172.86062485	-40.85035966
172.86097123	-40.85004504
172.86152451	-40.84999319
172.86339148	-40.84999538
172.86525939	-40.84952499
172.86830643	-40.84716568
172.86948279	-40.84669444
172.87045040	-40.84690554
172.87044778	-40.84827069
172.87030698	-40.84958319
172.87065131	-40.85031865
172.87148108	-40.85031956
172.87245003	-40.84984807
172.87272740	-40.84942832
172.87342044	-40.84858897
172.87438926	-40.84816996
172.87514985	-40.84817078
172.87535603	-40.84885357
172.87528582	-40.84943107
172.87611462	-40.84995700
172.87735889	-40.85016833
172.88185767	-40.84775766
172.88165362	-40.84581473
172.88096487	-40.84429136
172.87985861	-40.84429023
172.87854737	-40.84292373
172.87820450	-40.84134819
172.87827797	-40.83893298
172.87828088	-40.83730530
172.87918196	-40.83599357
172.88229456	-40.83505161
172.88305410	-40.83557743
172.88332640	-40.83804549
172.88318398	-40.84046063
172.88297449	-40.84166807
172.88408025	-40.84193169
172.88580846	-40.84209090
172.88732856	-40.84266993
172.88781132	-40.84340548
172.88898637	-40.84361661
172.88926387	-40.84303931
172.88954282	-40.84156939
172.88975236	-40.84025693
172.88920088	-40.83925880
172.88740456	-40.83852201
172.88540194	-40.83715492
172.88512860	-40.83526443
172.88568588	-40.83274468
172.88637892	-40.83169522
172.88956001	-40.83096315
172.89163475	-40.83038750
172.89246559	-40.82954816
172.89246716	-40.82855054
172.89350518	-40.82781639
172.89613216	-40.82653030
172.89462836	-40.82476040
172.89367292	-40.82267887
172.89504161	-40.82320026
172.89668329	-40.82434607
172.89832733	-40.82393136
172.89874096	-40.82205910
172.89682635	-40.82028888
172.89573096	-40.82018389
172.89764864	-40.81987346
172.89983836	-40.82081163
172.90257683	-40.82112605
172.90421989	-40.82133548
172.90476494	-40.82331257
172.90558378	-40.82539391
172.90585684	-40.82601834
172.90736321	-40.82612358
172.90887001	-40.82591670
172.90818662	-40.82487583
172.90914654	-40.82394027
172.91065220	-40.82456564
172.91256810	-40.82571147
172.91393700	-40.82623266
172.91407487	-40.82550452
172.91421351	-40.82415218
172.91558647	-40.82134426
172.91695844	-40.81926456
172.91737089	-40.81791241
172.91613893	-40.81749540
172.91490725	-40.81687030
172.91477108	-40.81624600
172.91353865	-40.81624509
172.91175768	-40.81686797
172.90984029	-40.81707457
172.90915642	-40.81644983
172.90984342	-40.81468179
172.91052983	-40.81332988
172.91313282	-40.81229150
172.91450441	-40.81041989
172.91573876	-40.80875624
172.91546872	-40.80563502
172.91602041	-40.80230633
172.91766478	-40.80105908
172.92067740	-40.80043695
172.92163538	-40.80074969
172.92272877	-40.80241497
172.92436986	-40.80408058
172.92929573	-40.80699661
172.93340070	-40.80970390
172.93490541	-40.81126526
172.93504089	-40.81282585
172.93709307	-40.81480362
172.93955672	-40.81615736
172.93873274	-40.81886183
172.93722441	-40.82104576
172.93558000	-40.82218925
172.93557894	-40.82333363
172.93653638	-40.82468660
172.93612285	-40.82759934
172.93516103	-40.83092791
172.93337896	-40.83248742
172.93324109	-40.83342365
172.93638956	-40.83550609
172.93625144	-40.83675443
172.93803143	-40.83758766
172.93898948	-40.83852447
172.93748135	-40.83998016
172.93569900	-40.84164374
172.93556104	-40.84268400
172.93514900	-40.84382815
172.93638137	-40.84445303
172.93857440	-40.84320580
172.94213905	-40.83977448
172.94268896	-40.83738196
172.94378631	-40.83550988
172.94447300	-40.83322145
172.94693882	-40.83280645
172.94913021	-40.83301548
172.95008946	-40.83239169
172.94776211	-40.83083016
172.94653004	-40.82999733
172.94639418	-40.82854078
172.94872375	-40.82687727
172.94995682	-40.82625359
172.94968379	-40.82500506
172.94845180	-40.82417225
172.94817934	-40.82219547
172.95023460	-40.82073987
172.95228929	-40.82001247
172.95434420	-40.81886890
172.95530306	-40.81845313
172.95544109	-40.81668459
172.95681091	-40.81595685
172.95681197	-40.81418826
172.95873052	-40.81158806
172.95845714	-40.81075569
172.95749908	-40.81002711
172.95695194	-40.80909060
172.95667903	-40.80752998
172.95489921	-40.80732125
172.95380439	-40.80648855
172.95366821	-40.80534411
172.95271042	-40.80440743
172.95394376	-40.80263931
172.95339700	-40.80128665
172.95216609	-40.79941354
172.95244064	-40.79826926
172.95285217	-40.79702102
172.95504409	-40.79452506
172.95586716	-40.79171645
172.95573065	-40.79109220
172.95436226	-40.79036346
172.95367858	-40.78921883
172.95367898	-40.78859462
172.95545893	-40.78776303
172.95655390	-40.78786746
172.95915530	-40.78661996
172.96120927	-40.78506012
172.96312612	-40.78381231
172.96545297	-40.78370896
172.96819016	-40.78422986
172.96996916	-40.78506258
172.97229575	-40.78579136
172.97640194	-40.78600026
172.97448527	-40.78724830
172.97380042	-40.78860060
172.97380011	-40.78953691
172.97078857	-40.78984834
172.97092513	-40.79068064
172.97256764	-40.79099312
172.97421044	-40.79047330
172.97544234	-40.79068161
172.97571643	-40.78964133
172.97735965	-40.78745691
172.97818110	-40.78683285
172.97941299	-40.78683306
172.98105581	-40.78558490
172.98242481	-40.78433668
172.98283579	-40.78256815
172.98516273	-40.78152808
172.98940565	-40.78090425
172.99173236	-40.78100843
172.99433278	-40.78194485
172.99652267	-40.78215296
172.99918218	-40.78161970
172.99890968	-40.78068620
172.99865306	-40.77980709
172.99839645	-40.77892798
172.99813984	-40.77804887
172.99788325	-40.77716976
172.99762665	-40.77629064
172.99737007	-40.77541153
172.99711349	-40.77453242
172.99685692	-40.77365330
172.99660035	-40.77277419
172.99634379	-40.77189507
172.99608724	-40.77101596
172.99583069	-40.77013684
172.99557415	-40.76925773
172.99531762	-40.76837861
172.99506109	-40.76749949
172.99480457	-40.76662037
172.99454806	-40.76574125
172.99429155	-40.76486214
172.99403505	-40.76398302
172.99377856	-40.76310390
172.99352207	-40.76222478
172.99326559	-40.76134565
172.99300911	-40.76046653
172.99275265	-40.75958741
172.99249619	-40.75870829
172.99223973	-40.75782916
172.99198328	-40.75695004
172.99172684	-40.75607091
172.99147041	-40.75519179
172.99121398	-40.75431266
172.99095756	-40.75343354
172.99070114	-40.75255441
172.99044473	-40.75167528
172.99018833	-40.75079616
172.98993193	-40.74991703
172.98967554	-40.74903790
172.98941916	-40.74815877
172.98916279	-40.74727964
172.98890642	-40.74640051
172.98865006	-40.74552138
172.98839370	-40.74464225
172.98813735	-40.74376312
172.98788101	-40.74288398
172.98762467	-40.74200485
172.98736834	-40.74112572
172.98665249	-40.74076225
172.98548391	-40.74090682
172.98431532	-40.74105138
172.98314673	-40.74119593
172.98197813	-40.74134046
172.98080953	-40.74148498
172.97964092	-40.74162949
172.97847231	-40.74177399
172.97730369	-40.74191848
172.97613507	-40.74206295
172.97496645	-40.74220741
172.97379781	-40.74235186
172.97262918	-40.74249630
172.97146054	-40.74264073
172.97029189	-40.74278514
172.96912324	-40.74292954
172.96795459	-40.74307393
172.96678593	-40.74321831
172.96561726	-40.74336268
172.96444859	-40.74350703
172.96327992	-40.74365138
172.96211124	-40.74379571
172.96094255	-40.74394002
172.95977387	-40.74408433
172.95860517	-40.74422862
172.95743647	-40.74437291
172.95626777	-40.74451718
172.95509906	-40.74466143
172.95393035	-40.74480568
172.95276163	-40.74494992
172.95159291	-40.74509414
172.95042418	-40.74523835
172.94925545	-40.74538255
172.94808671	-40.74552673
172.94691797	-40.74567091
172.94579303	-40.74594862
172.94467219	-40.74623883
172.94355133	-40.74652903
172.94243047	-40.74681922
172.94130959	-40.74710940
172.94018871	-40.74739957
172.93906782	-40.74768972
172.93794691	-40.74797987
172.93682600	-40.74827000
172.93570508	-40.74856012
172.93458415	-40.74885023
172.93346321	-40.74914033
172.93234226	-40.74943042
172.93122130	-40.74972050
172.93010033	-40.75001057
172.92897935	-40.75030062
172.92785836	-40.75059067
172.92673736	-40.75088070
172.92561635	-40.75117072
172.92449534	-40.75146073
172.92336331	-40.75169093
172.92218068	-40.75164586
172.92099804	-40.75160078
172.91981540	-40.75155569
172.91863277	-40.75151058
172.91745014	-40.75146547
172.91626751	-40.75142034
172.91508488	-40.75137520
172.91390226	-40.75133004
172.91271963	-40.75128488
172.91153701	-40.75123970
172.91035439	-40.75119451
172.90917177	-40.75114931
172.90798916	-40.75110409
172.90680654	-40.75105886
172.90562393	-40.75101363
172.90444132	-40.75096837
172.90325871	-40.75092311
172.90207610	-40.75087783
172.90089350	-40.75083255
172.89971089	-40.75078725
172.89852829	-40.75074196
172.89734570	-40.75069665
172.89616310	-40.75065133
172.89498050	-40.75060599
172.89379791	-40.75056065
172.89261532	-40.75051529
172.89143273	-40.75046992
172.89025014	-40.75042454
172.88906755	-40.75037914
172.88788497	-40.75033374
172.88670239	-40.75028832
172.88551981	-40.75024289
172.88433723	-40.75019744
172.88315465	-40.75015199
172.88197208	-40.75010652
172.88078951	-40.75006104
172.87960694	-40.75001555
172.87842437	-40.74997005
172.87724180	-40.74992453
172.87605924	-40.74987900
172.87487667	-40.74983346
172.87369411	-40.74978791
172.87251155	-40.74974234
172.87132900	-40.74969677
172.87014644	-40.74965118
172.86896389	-40.74960558
172.86778133	-40.74955996
172.86659878	-40.74951434
172.86541624	-40.74946870
172.86423369	-40.74942305
172.86305115	-40.74937739
172.86186861	-40.74933171
172.86068607	-40.74928603
172.85950353	-40.74924033
172.85832099	-40.74919462
172.85713846	-40.74914889
172.85595592	-40.74910316
172.85477339	-40.74905741
172.85359087	-40.74901165
172.85240834	-40.74896588
172.85125762	-40.74876332
172.85011195	-40.74853592
172.84896628	-40.74830851
172.84782062	-40.74808110
172.84667497	-40.74785366
172.84552933	-40.74762622
172.84438370	-40.74739877
172.84323807	-40.74717130
172.84209246	-40.74694383
172.84094685	-40.74671634
172.83980125	-40.74648884
172.83865565	-40.74626133
172.83751007	-40.74603381
172.83636449	-40.74580628
172.83521892	-40.74557873
172.83407336	-40.74535118
172.83292781	-40.74512361
172.83178227	-40.74489603
172.83063673	-40.74466844
172.82949120	-40.74444084
172.82834568	-40.74421323
172.82720017	-40.74398560
172.82605467	-40.74375797
172.82490917	-40.74353032
172.82376368	-40.74330266
172.82261820	-40.74307499
172.82147273	-40.74284731
172.82032727	-40.74261962
172.81918181	-40.74239192
172.81803637	-40.74216420
172.81689093	-40.74193648
172.81574550	-40.74170874
172.81460007	-40.74148099
172.81345466	-40.74125323
172.81230925	-40.74102546
172.81116386	-40.74079767
172.81001847	-40.74056988
172.80887308	-40.74034207
172.80772771	-40.74011426
172.80658234	-40.73988643
172.80543699	-40.73965859
172.80429164	-40.73943074
172.80314629	-40.73920287
172.80200096	-40.73897500
172.80085564	-40.73874711
172.80003639	-40.73814388
172.79931164	-40.73743189
172.79858691	-40.73671989
172.79786219	-40.73600789
172.79713749	-40.73529588
172.79641280	-40.73458387
172.79568813	-40.73387186
172.79496347	-40.73315984
172.79423883	-40.73244781
172.79351421	-40.73173578
172.79278960	-40.73102375
172.79206500	-40.73031171
172.79134043	-40.72959967
172.79061586	-40.72888762
172.78989131	-40.72817557
172.78916678	-40.72746352
172.78844227	-40.72675146
172.78771776	-40.72603939
172.78699328	-40.72532732
172.78626881	-40.72461525
172.78554435	-40.72390317
172.78481991	-40.72319109
172.78409549	-40.72247900
172.78337108	-40.72176691
172.78264669	-40.72105482
172.78192231	-40.72034272
172.78119794	-40.71963061
172.78047360	-40.71891850
172.77974927	-40.71820639
172.77902495	-40.71749427
172.77830065	-40.71678215
172.77757636	-40.71607002
172.77685209	-40.71535789
172.77612784	-40.71464575
172.77540360	-40.71393362
172.77467938	-40.71322147
172.77395517	-40.71250932
172.77323098	-40.71179717
172.77250680	-40.71108501
172.77178264	-40.71037285
172.77105849	-40.70966068
172.77033436	-40.70894851
172.76961024	-40.70823633
172.76888614	-40.70752415
172.76816206	-40.70681197
172.76743799	-40.70609978
172.76671394	-40.70538759
172.76598990	-40.70467539
172.76526588	-40.70396319
172.76454187	-40.70325098
172.76381788	-40.70253877
172.76344586	-40.70169204
172.76312754	-40.70082478
172.76280923	-40.69995753
172.76249092	-40.69909027
172.76217263	-40.69822302
172.76185435	-40.69735575
172.76153608	-40.69648849
172.76121782	-40.69562123
172.76089957	-40.69475397
172.76058132	-40.69388671
172.76026308	-40.69301944
172.75994486	-40.69215218
172.75962664	-40.69128491
172.75930842	-40.69041764
172.75899022	-40.68955038
172.75867202	-40.68868311
172.75835383	-40.68781584
172.75803565	-40.68694857
172.75771748	-40.68608130
172.75739931	-40.68521403
172.75708116	-40.68434676
172.75676301	-40.68347948
172.75644487	-40.68261221
172.75612674	-40.68174493
172.75580861	-40.68087766
172.75549050	-40.68001038
172.75517239	-40.67914310
172.75485429	-40.67827583
172.75453620	-40.67740855
172.75421811	-40.67654127
172.75390004	-40.67567399
172.75358197	-40.67480671
172.75326391	-40.67393942
172.75294586	-40.67307214
172.75262781	-40.67220486
172.75230978	-40.67133757
172.75199175	-40.67047029
172.75167373	-40.66960300
172.75135572	-40.66873571
172.75103771	-40.66786843
172.75071972	-40.66700114
172.75040173	-40.66613385
172.75008375	-40.66526656
172.74976578	-40.66439927
172.74944781	-40.66353198
172.74940932	-40.66264088
172.74946776	-40.66174153
172.74952621	-40.66084217
172.74958465	-40.65994282
172.74964310	-40.65904346
172.74970154	-40.65814411
172.74975997	-40.65724475
172.74981841	-40.65634540
172.74987685	-40.65544604
172.74993528	-40.65454669
172.74999371	-40.65364733
172.75005214	-40.65274798
172.75011057	-40.65184863
172.75016899	-40.65094927
172.75022741	-40.65004991
172.75028584	-40.64915056
172.75034425	-40.64825120
172.75040267	-40.64735185
172.75046109	-40.64645249
172.75051950	-40.64555314
172.75057791	-40.64465378
172.75063632	-40.64375443
172.75069473	-40.64285507
172.75075314	-40.64195571
172.75081154	-40.64105636
172.75086994	-40.64015700
172.75092834	-40.63925765
172.75098674	-40.63835829
172.75104514	-40.63745893
172.75110353	-40.63655958
172.75116193	-40.63566022
172.75122032	-40.63476086
172.75127871	-40.63386151
172.75133709	-40.63296215
172.75139548	-40.63206279
172.75145386	-40.63116344
172.75151224	-40.63026408
172.75157062	-40.62936472
172.75162900	-40.62846537
172.75168737	-40.62756601
172.75174575	-40.62666665
172.75180412	-40.62576729
172.75186249	-40.62486794
172.75192086	-40.62396858
172.75197922	-40.62306922
172.75203759	-40.62216986
172.75209595	-40.62127051
172.75215431	-40.62037115
172.75247490	-40.61950687
172.75282210	-40.61864616
172.75316930	-40.61778545
172.75351649	-40.61692474
172.75386367	-40.61606402
172.75421085	-40.61520330
172.75455801	-40.61434258
172.75490516	-40.61348186
172.75525230	-40.61262114
172.75559944	-40.61176042
172.75594656	-40.61089970
172.75629368	-40.61003898
172.75664078	-40.60917825
172.75698788	-40.60831753
172.75733497	-40.60745680
172.75768205	-40.60659607
172.75802912	-40.60573534
172.75837618	-40.60487461
172.75872323	-40.60401387
172.75907027	-40.60315314
172.75941730	-40.60229241
172.75976433	-40.60143167
172.76011134	-40.60057093
172.76045834	-40.59971019
172.76080534	-40.59884946
172.76115233	-40.59798871
172.76149931	-40.59712797
172.76184628	-40.59626723
172.76219324	-40.59540648
172.76254020	-40.59454573
172.76288714	-40.59368499
172.76323407	-40.59282424
172.76358100	-40.59196349
172.76392792	-40.59110273
172.76427482	-40.59024198
172.76462172	-40.58938123
172.76496861	-40.58852047
172.76531549	-40.58765971
172.76566236	-40.58679896
172.76600922	-40.58593820
172.76635607	-40.58507744
172.76670291	-40.58421668
172.76704975	-40.58335591
172.76739657	-40.58249515
172.76774339	-40.58163439
172.76809019	-40.58077362
172.76843699	-40.57991285
172.76878377	-40.57905208
172.76913055	-40.57819131
172.76947732	-40.57733054
172.76982408	-40.57646977
172.77017083	-40.57560900
172.77051757	-40.57474822
172.77086430	-40.57388745
172.77121102	-40.57302667
172.77155774	-40.57216589
172.77190444	-40.57130511
172.77225113	-40.57044433
172.77259782	-40.56958355
172.77294449	-40.56872276
172.77329116	-40.56786198
172.77363782	-40.56700120
172.77398447	-40.56614041
172.77433110	-40.56527962
172.77467773	-40.56441883
172.77502435	-40.56355804
172.77537096	-40.56269725
172.77571756	-40.56183646
172.77606416	-40.56097566
172.77641074	-40.56011487
172.77675731	-40.55925407
172.77710388	-40.55839327
172.77745043	-40.55753248
172.77779698	-40.55667167
172.77814352	-40.55581087
172.77849005	-40.55495007
172.77883656	-40.55408927
172.77918307	-40.55322846
172.77952957	-40.55236766
172.77987606	-40.55150685
172.78022255	-40.55064604
172.78056902	-40.54978523
172.78091548	-40.54892442
172.78126193	-40.54806361
172.78160838	-40.54720280
172.78195481	-40.54634198
172.78230124	-40.54548117
172.78264766	-40.54462035
172.78299406	-40.54375953
172.78334046	-40.54289871
172.78368685	-40.54203789
172.78403323	-40.54117707
172.78437960	-40.54031625
172.78472596	-40.53945542
172.78507231	-40.53859460
172.78541866	-40.53773377
172.78448053	-40.53739413
172.78335138	-40.53713199
172.78222223	-40.53686983
172.78109310	-40.53660767
172.77996397	-40.53634550
172.77883485	-40.53608332
172.77770575	-40.53582112
172.77657665	-40.53555892
172.77544756	-40.53529670
172.77431848	-40.53503447
172.77318941	-40.53477223
172.77206034	-40.53450998
172.77093129	-40.53424772
172.76980225	-40.53398545
172.76867321	-40.53372316
172.76754419	-40.53346087
172.76641517	-40.53319856
172.76528616	-40.53293625
172.76415716	-40.53267392
172.76302818	-40.53241158
172.76189920	-40.53214923
172.76077023	-40.53188687
172.75964127	-40.53162450
172.75851231	-40.53136212
172.75738337	-40.53109973
172.75625444	-40.53083732
172.75512551	-40.53057491
172.75399660	-40.53031248
172.75286769	-40.53005005
172.75173880	-40.52978760
172.75060991	-40.52952514
172.74948103	-40.52926267
172.74835216	-40.52900019
172.74722330	-40.52873769
172.74609445	-40.52847519
172.74496561	-40.52821268
172.74383678	-40.52795015
172.74270795	-40.52768762
172.74157914	-40.52742507
172.74045033	-40.52716251
172.73932154	-40.52689994
172.73819275	-40.52663736
172.73706397	-40.52637477