170.50908609 -45.85324965
170.51029416 -45.85354588
170.51140983 -45.85399029
170.51248033 -45.85448985
170.51360703 -45.85492192
170.51484526 -45.85513762
170.51608875 -45.85498205
170.51724456 -45.85459411
170.51838496 -45.85417667
170.51950252 -45.85373052
170.52051489 -45.85317860
170.52140824 -45.85253271
170.52224949 -45.85185185
170.52303002 -45.85113691
170.52376781 -45.85039980
170.52450367 -45.84966164
170.52517603 -45.84889506
170.52583222 -45.84812109
170.52667621 -45.84744780
170.52784780 -45.84712927
170.52909776 -45.84726377
170.53029806 -45.84758476
170.53144982 -45.84798556
170.53207973 -45.84873829
170.53129884 -45.84944973
170.53019028 -45.84990441
170.52895945 -45.85016800
170.52772387 -45.85041976
170.52653269 -45.85075730
170.52548965 -45.85127954
170.52470563 -45.85199213
170.52406940 -45.85277410
170.52348515 -45.85357572
170.52285370 -45.85435788
170.52201420 -45.85503981
170.52115051 -45.85570511
170.52047768 -45.85647063
170.51998718 -45.85730228
170.51954993 -45.85814842
170.51910549 -45.85899249
170.51874923 -45.85985686
170.51844973 -45.86073180
170.51813092 -45.86160266
170.51764752 -45.86243492
170.51697489 -45.86320189
170.51626887 -45.86395345
170.51570953 -45.86476143
170.51540932 -45.86563349
170.51546231 -45.86651541
170.51624978 -45.86713956
170.51751711 -45.86706211
170.51869519 -45.86671177
170.51973570 -45.86618708
170.52061986 -45.86553758
170.52137253 -45.86480766
170.52224051 -45.86417557
170.52340841 -45.86379717
170.52457975 -45.86342479
170.52575417 -45.86306538
170.52700763 -45.86288126
170.52819560 -45.86303466
170.52886982 -45.86372870
170.52883970 -45.86461606
170.52843414 -45.86546325
170.52780643 -45.86624741
170.52710063 -45.86699980
170.52647801 -45.86778181
170.52636237 -45.86862288
170.52707233 -45.86930865
170.52825176 -45.86962137
170.52953293 -45.86966933
170.53081818 -45.86961479
170.53210357 -45.86957899
170.53337909 -45.86966662
170.53462107 -45.86989860
170.53584912 -45.87016829
170.53709957 -45.87038048
170.53836872 -45.87053092
170.53964879 -45.87057659
170.54091675 -45.87044619
170.54214507 -45.87017945
170.54335199 -45.86986566
170.54457331 -45.86958266
170.54583359 -45.86943658
170.54711016 -45.86950416
170.54836709 -45.86951191
170.54945776 -45.86910124
170.55040807 -45.86849679
170.55152574 -45.86808783
170.55229468 -45.86784117
170.55306362 -45.86759450
170.55442466 -45.86738847
170.55578569 -45.86718242
170.55709590 -45.86698622
170.55840610 -45.86678999
170.55946183 -45.86652196
170.56051754 -45.86625392
170.56199160 -45.86570487
170.56320143 -45.86537325
170.56356933 -45.86624843
170.56393725 -45.86712360
170.56430518 -45.86799877
170.56467313 -45.86887395
170.56504108 -45.86974911
170.56540905 -45.87062428
170.56577703 -45.87149945
170.56614502 -45.87237461
170.56651302 -45.87324977
170.56688103 -45.87412493
170.56724906 -45.87500009
170.56761709 -45.87587525
170.56798514 -45.87675041
170.56835320 -45.87762556
170.56872127 -45.87850071
170.56908935 -45.87937587
170.56945745 -45.88025101
170.56858697 -45.88027812
170.56771649 -45.88030521
170.56627502 -45.88025389
170.56483356 -45.88020254
170.56383372 -45.88027155
170.56283389 -45.88034055
170.56164650 -45.88031660
170.56045911 -45.88029264
170.55911327 -45.88024317
170.55776744 -45.88019368
170.55678793 -45.88017650
170.55580842 -45.88015932
170.55493644 -45.88011397
170.55406446 -45.88006862
170.55268805 -45.88014659
170.55144026 -45.88036960
170.55017225 -45.88052332
170.54889102 -45.88049516
170.54761111 -45.88039505
170.54632672 -45.88033151
170.54504059 -45.88028260
170.54375674 -45.88021118
170.54247615 -45.88011505
170.54119951 -45.87999607
170.53992373 -45.87987228
170.53864034 -45.87980147
170.53735397 -45.87982231
170.53608186 -45.87995495
170.53485016 -45.88021250
170.53363964 -45.88051964
170.53242274 -45.88081430
170.53119854 -45.88109398
170.52998511 -45.88139545
170.52880225 -45.88175056
170.52766275 -45.88216899
170.52685125 -45.88284629
170.52688764 -45.88371002
170.52633891 -45.88449726
170.52525394 -45.88496886
170.52436714 -45.88561800
170.52385661 -45.88644050
170.52327637 -45.88724349
170.52273558 -45.88805994
170.52264447 -45.88895386
170.52192941 -45.88969354
170.52147724 -45.89053442
170.52113721 -45.89140199
170.52218758 -45.89187622
170.52346169 -45.89176019
170.52474980 -45.89176590
170.52602998 -45.89186628
170.52726904 -45.89211208
170.52822409 -45.89271486
170.52914448 -45.89334434
170.52964687 -45.89416953
170.52908081 -45.89494619
170.52785948 -45.89522995
170.52673440 -45.89565623
170.52581247 -45.89628206
170.52473934 -45.89677706
170.52358562 -45.89717447
170.52257462 -45.89771686
170.52198720 -45.89849842
170.52194847 -45.89939557
170.52202911 -45.90029107
170.52201109 -45.90118513
170.52234848 -45.90204569
170.52298940 -45.90282456
170.52364152 -45.90359063
170.52389057 -45.90446217
170.52396820 -45.90535046
170.52465353 -45.90592205
170.52553252 -45.90544748
170.52611782 -45.90464639
170.52684292 -45.90390791
170.52791840 -45.90346120
170.52852802 -45.90400978
170.52835618 -45.90488292
170.52829848 -45.90577876
170.52856298 -45.90665500
170.52925596 -45.90740297
170.53032260 -45.90788997
170.53133805 -45.90844128
170.53236542 -45.90898419
170.53327800 -45.90961722
170.53371547 -45.91045254
170.53440441 -45.91120774
170.53561545 -45.91126862
170.53627063 -45.91049640
170.53664797 -45.90963644
170.53711210 -45.90879726
170.53756178 -45.90795669
170.53831879 -45.90723318
170.53932735 -45.90667337
170.54026965 -45.90606517
170.54084903 -45.90528090
170.54078566 -45.90438549
170.54051496 -45.90350785
170.54049793 -45.90261436
170.54083090 -45.90174618
170.54125792 -45.90089795
170.54159577 -45.90002985
170.54191504 -45.89915832
170.54222035 -45.89828436
170.54258159 -45.89742798
170.54313240 -45.89714781
170.54340042 -45.89802771
170.54374958 -45.89889020
170.54429630 -45.89970367
170.54496213 -45.90047260
170.54576322 -45.90117311
170.54678144 -45.90169127
170.54801126 -45.90179407
170.54923938 -45.90152244
170.55044361 -45.90120436
170.55159750 -45.90080732
170.55270952 -45.90035316
170.55370874 -45.90032177
170.55350376 -45.90111088
170.55286924 -45.90189297
170.55235807 -45.90271582
170.55210481 -45.90359374
170.55190670 -45.90448262
170.55154783 -45.90534425
170.55123687 -45.90621634
170.55135583 -45.90709942
170.55204925 -45.90783667
170.55317164 -45.90824734
170.55444399 -45.90833679
170.55570775 -45.90818006
170.55690964 -45.90785991
170.55781699 -45.90723507
170.55853080 -45.90648718
170.55972943 -45.90620748
170.56092872 -45.90587945
170.56199709 -45.90537914
170.56268079 -45.90462300
170.56319925 -45.90379996
170.56431581 -45.90337871
170.56553850 -45.90362271
170.56579770 -45.90450141
170.56543973 -45.90536554
170.56517784 -45.90624629
170.56501485 -45.90713860
170.56476700 -45.90802049
170.56491713 -45.90890714
170.56569186 -45.90962600
170.56648454 -45.91031145
170.56773515 -45.91044948
170.56890980 -45.91009469
170.56987485 -45.90949899
170.57081438 -45.90889204
170.57197931 -45.90851074
170.57319417 -45.90821735
170.57432514 -45.90778617
170.57546890 -45.90737823
170.57671382 -45.90716407
170.57789075 -45.90731317
170.57856971 -45.90806677
170.57898002 -45.90891954
170.57939034 -45.90977230
170.57980068 -45.91062507
170.58021102 -45.91147783
170.58062138 -45.91233059
170.58103175 -45.91318335
170.58144214 -45.91403611
170.58185254 -45.91488887
170.58226295 -45.91574162
170.58267337 -45.91659437
170.58308380 -45.91744712
170.58349425 -45.91829987
170.58390471 -45.91915262
170.58431518 -45.92000536
170.58472567 -45.92085810
170.58496135 -45.92171942
170.58433129 -45.92236213
170.58308925 -45.92259740
170.58182613 -45.92277674
170.58056300 -45.92295605
170.57929987 -45.92313536
170.57803672 -45.92331465
170.57677356 -45.92349393
170.57551040 -45.92367319
170.57424723 -45.92385244
170.57298405 -45.92403168
170.57172086 -45.92421090
170.57045767 -45.92439011
170.56919446 -45.92456931
170.56793125 -45.92474849
170.56666803 -45.92492766
170.56540480 -45.92510681
170.56414156 -45.92528595
170.56287832 -45.92546508
170.56161506 -45.92564419
170.56035180 -45.92582329
170.55908853 -45.92600238
170.55782525 -45.92618145
170.55656196 -45.92636051
170.55529867 -45.92653955
170.55403536 -45.92671858
170.55277205 -45.92689760
170.55150873 -45.92707661
170.55024540 -45.92725560
170.54898206 -45.92743457
170.54771872 -45.92761353
170.54645536 -45.92779248
170.54519200 -45.92797142
170.54392863 -45.92815034
170.54266525 -45.92832925
170.54140186 -45.92850814
170.54013847 -45.92868702
170.53887506 -45.92886589
170.53761165 -45.92904474
170.53634823 -45.92922358
170.53508480 -45.92940241
170.53382136 -45.92958122
170.53255792 -45.92976002
170.53129447 -45.92993880
170.53003100 -45.93011757
170.52876753 -45.93029633
170.52750406 -45.93047507
170.52624057 -45.93065380
170.52497707 -45.93083252
170.52371357 -45.93101122
170.52245006 -45.93118991
170.52118654 -45.93136858
170.51992301 -45.93154724
170.51865947 -45.93172589
170.51739593 -45.93190452
170.51613238 -45.93208314
170.51486881 -45.93226175
170.51360524 -45.93244034
170.51234167 -45.93261892
170.51107808 -45.93279749
170.50981449 -45.93297604
170.50855088 -45.93315458
170.50728727 -45.93333310
170.50602365 -45.93351161
170.50476002 -45.93369011
170.50349639 -45.93386859
170.50223274 -45.93404706
170.50096909 -45.93422551
170.49970543 -45.93440396
170.49844177 -45.93458238
170.49717809 -45.93476080
170.49591441 -45.93493920
170.49465072 -45.93511759
170.49338702 -45.93529596
170.49212332 -45.93547432
170.49085960 -45.93565267
170.48959588 -45.93583100
170.48833215 -45.93600932
170.48706841 -45.93618762
170.48580466 -45.93636591
170.48454091 -45.93654419
170.48327714 -45.93672246
170.48201337 -45.93690071
170.48074959 -45.93707894
170.47948580 -45.93725717
170.47822200 -45.93743537
170.47695819 -45.93761357
170.47569438 -45.93779175
170.47443056 -45.93796992
170.47316673 -45.93814807
170.47190289 -45.93832621
170.47063904 -45.93850434
170.46937519 -45.93868245
170.46811132 -45.93886055
170.46684745 -45.93903864
170.46557725 -45.93919015
170.46461356 -45.93890554
170.46413696 -45.93807128
170.46372830 -45.93721806
170.46331965 -45.93636485
170.46291101 -45.93551163
170.46250239 -45.93465841
170.46209378 -45.93380519
170.46168518 -45.93295196
170.46127659 -45.93209873
170.46086802 -45.93124551
170.46045946 -45.93039228
170.46005091 -45.92953904
170.45964237 -45.92868581
170.45923385 -45.92783257
170.45882534 -45.92697934
170.45841684 -45.92612610
170.45800836 -45.92527286
170.45759988 -45.92441961
170.45719142 -45.92356637
170.45689042 -45.92269490
170.45744113 -45.92212061
170.45865133 -45.92181128
170.45981496 -45.92142918
170.46099660 -45.92108085
170.46211620 -45.92126845
170.46321137 -45.92173833
170.46440705 -45.92206157
170.46517967 -45.92155537
170.46624767 -45.92117808
170.46751640 -45.92127478
170.46865881 -45.92167705
170.46992230 -45.92180677
170.47114003 -45.92153110
170.47190002 -45.92081782
170.47297074 -45.92032140
170.47422268 -45.92011123
170.47548896 -45.91994328
170.47677747 -45.91995359
170.47804178 -45.91977974
170.47931113 -45.91993247
170.48059998 -45.91993176
170.48184381 -45.91969633
170.48297346 -45.91926334
170.48365868 -45.91854381
170.48494436 -45.91851490
170.48610110 -45.91823055
170.48608998 -45.91741186
170.48579051 -45.91661167
170.48648070 -45.91590656
170.48754988 -45.91540948
170.48828715 -45.91474448
170.48749297 -45.91417402
170.48628438 -45.91440293
170.48563121 -45.91368587
170.48566903 -45.91278668
170.48572248 -45.91188923
170.48592653 -45.91100102
170.48615287 -45.91011541
170.48636616 -45.90922822
170.48657427 -45.90834044
170.48674295 -45.90744946
170.48679595 -45.90655062
170.48680540 -45.90565297
170.48663249 -45.90476166
170.48643428 -45.90387335
170.48636220 -45.90297639
170.48625747 -45.90211508
170.48547300 -45.90140150
170.48468714 -45.90069035
170.48378241 -45.90005003
170.48292019 -45.89939469
170.48259602 -45.89856969
170.48305761 -45.89774020
170.48392861 -45.89710296
170.48504214 -45.89665094
170.48614770 -45.89619145
170.48710417 -45.89560385
170.48777941 -45.89484585
170.48819149 -45.89399760
170.48865895 -45.89317918
170.48968654 -45.89275355
170.49095578 -45.89276023
170.49221770 -45.89293953
170.49348411 -45.89309949
170.49476537 -45.89318847
170.49604750 -45.89315971
170.49657632 -45.89263280
170.49597069 -45.89187305
170.49514824 -45.89118071
170.49458642 -45.89038231
170.49451400 -45.88949943
170.49477917 -45.88862304
170.49526281 -45.88779183
170.49561654 -45.88693056
170.49609622 -45.88609985
170.49670519 -45.88530764
170.49682893 -45.88443818
170.49715419 -45.88358067
170.49790406 -45.88286243
170.49901170 -45.88243786
170.49993241 -45.88183034
170.50071189 -45.88111489
170.50113573 -45.88027500
170.50133330 -45.87938673
170.50147042 -45.87849229
170.50173001 -45.87761165
170.50272812 -45.87708083
170.50384990 -45.87663897
170.50478572 -45.87602206
170.50533092 -45.87520876
170.50570535 -45.87436179
170.50631240 -45.87357360
170.50673568 -45.87272433
170.50713215 -45.87186862
170.50756849 -45.87102223
170.50806063 -45.87019235
170.50855165 -45.86936555
170.50872654 -45.86848479
170.50832673 -45.86768990
170.50728847 -45.86718790
170.50760961 -45.86634407
170.50798112 -45.86548568
170.50859206 -45.86469530
170.50912814 -45.86387753
170.50962843 -45.86304865
170.51004536 -45.86219784
170.51050024 -45.86135647
170.51027127 -45.86055288
170.51128987 -45.86027162
170.51215411 -45.86080508
170.51294015 -45.86035955
170.51331471 -45.85949892
170.51362263 -45.85862645
170.51402769 -45.85779262
170.51295937 -45.85746104
170.51192994 -45.85714859
170.51073727 -45.85684417
170.50968180 -45.85634522
170.50848543 -45.85603717
170.50753391 -45.85544745
170.50669792 -45.85476766
170.50624073 -45.85400098
170.50699531 -45.85329759
170.50825771 -45.85321415
170.50883134 -45.85322607
170.50908609 -45.85324965
