30 53 
-45.967000 -45.962000 -45.957000 -45.952000 -45.947000 -45.942000 -45.937000 -45.932000 -45.927000 -45.922000 -45.917000 -45.912000 -45.907000 -45.902000 -45.897000 -45.892000 -45.887000 -45.882000 -45.877000 -45.872000 -45.867000 -45.862000 -45.857000 -45.852000 -45.847000 -45.842000 -45.837000 -45.832000 -45.827000 -45.822000 
170.396000 170.401000 170.406000 170.411000 170.416000 170.421000 170.426000 170.431000 170.436000 170.441000 170.446000 170.451000 170.456000 170.461000 170.466000 170.471000 170.476000 170.481000 170.486000 170.491000 170.496000 170.501000 170.506000 170.511000 170.516000 170.521000 170.526000 170.531000 170.536000 170.541000 170.546000 170.551000 170.556000 170.561000 170.566000 170.571000 170.576000 170.581000 170.586000 170.591000 170.596000 170.601000 170.606000 170.611000 170.616000 170.621000 170.626000 170.631000 170.636000 170.641000 170.646000 170.651000 170.656000 
  11.389600 10.852000 10.317400 9.780800 -19.471400 -18.834500 -18.202800 -17.677700 -17.349100 -27.141900 -26.071800 -25.148700 -24.134300 -23.022700 -21.791100 -20.186100 -26.398700 -23.466900 -19.949000 -16.154600 -12.171300 -8.891700 -8.221400 -7.479400 -70.775600 -83.851000 -86.612600 -89.475300 -91.406600 -93.674700                      
0.986800 1.164100 1.086500 1.129500 1.104300 0.832300 0.878600 0.682300 -2.629700 -3.722400 -4.763100 -6.061900 -7.334900 -8.679300 -10.057600 -11.775600 -13.502400 -14.763100 -15.525300 -15.834500 -15.935400 -15.851600 -15.512100 -14.909400 -13.958100 -12.960200 -11.707500 -10.697100 -9.708500 -44.971000 -41.521500 -78.261600 -72.267800 -70.255200 -70.231100 -70.208500 -72.215800    -72.648300             
 1.671500 1.914100 1.629800 1.690000 1.290100 1.294400 1.033300 -2.529000 -5.180300 -6.689000 -8.622900 -10.599500 -12.640200 -15.096100 -17.571000 -20.150500 -21.391400 -22.082000 -22.705300 -23.300800 -23.185700 -22.812000 -21.307400 -20.089700 -18.931700 -17.790700 -16.695000 -15.458100 -14.372000 -13.222200 -12.280600 -10.570500 -15.200300 -11.954100 -8.627100 -7.241500 -6.207000 -5.103500 -4.214800 -38.187400 -37.151000 -34.839500 -32.564900 -30.341600 -28.016900 -12.172200 1.208900 0.970000     
 2.036900 2.690600 2.875400 2.469700 2.158600 1.982900 1.651900 -2.106500 -5.871700 -8.884700 -12.031400 -15.097800 -18.335900 -22.111200 -25.527700 -28.909600 -30.753100 -31.740000 -32.608700 -33.590100 -33.493700 -32.688700 -29.737600 -28.071400 -27.028100 -25.006900 -22.948800 -20.988400 -19.045700 -18.506600 -16.073600 -15.465000 -14.730500 -13.511200 -11.223700 -10.216800 -8.856200 -6.206200 -4.893800 -4.061200 0.094500 0.088300 0.081300 0.071600 0.058400 0.557100 2.064200 1.673500 1.519100    
 2.281000 3.317500 4.317600 4.124400 3.278200 3.087200 2.736700 1.178100 -4.606700 -11.335900 -15.955300 -20.378500 -26.246800 -31.705900 -36.931000 -40.643200 -42.930300 -44.312000 -45.634700 -47.369100 -46.933800 -45.124900 -42.918200 -39.863500 -37.170200 -34.625000 -31.653900 -28.514300 -25.676900 -21.873800 -23.695400 -22.281300 -21.261300 -18.878300 -16.841700 -15.009900 -12.188000 -8.594800 -7.091500 -0.882600 0.139000 0.134500 0.117500 0.090300 0.082400 0.080600 0.064800 0.214700 0.695800    
 3.290200 3.398800 5.084200 6.675500 5.264500 4.874800 4.574900 3.168100 -5.069700 -10.225800 -19.715500 -27.176600 -35.597000 -43.422600 -51.492000 -56.033300 -57.194300 -58.515400 -60.785200 -64.266000 -64.523600 -64.256400 -60.411800 -55.007900 -49.225600 -46.278600 -42.091200 -37.930900 -33.634100 -31.156200 -32.897000 -32.382700 -28.514300 -26.433900 -25.018300 -22.226500 -17.902100 -12.490300 -9.718000 -1.749200 0.215200 0.195200 0.163100 0.139200 0.131500 0.104200 0.077500 0.055200 0.502500    
 4.947100 5.710600 6.141300 7.040500 8.218300 6.895100 8.484000 5.230400 -3.740700 -12.537300 -23.100000 -34.800500 -44.274100 -52.286300 -61.492700 -67.477900 -66.742400 -69.221600 -73.877900 -80.647600 -88.323100 -88.534400 -80.069700 -70.531400 -63.257700 -58.132600 -52.002100 -46.690200 -44.593800 -42.944800 -44.443800 -43.324900 -39.257000 -38.670500 -36.847000 -32.672300 -21.954200 -17.659900 -11.405000 0.282900 0.311400 0.261000 0.232200 0.209400 0.162600 0.109000 0.090800 0.075300 0.056400 21.912800   
 7.343100 8.834500 10.407800 11.063900 7.958600 4.652300 16.371000 4.008500 -1.274000 -8.898500 -21.757300 -38.892300 -52.030500 -53.438900 -54.269700 -56.247900 -62.253100 -68.509900 -74.545300 -80.115300 -86.009800 -93.859200 -86.064100 -76.719600 -71.962500 -70.491800 -64.620200 -59.006300 -56.599000 -56.020100 -57.018800 -56.892200 -54.539200 -53.965300 -53.651300 -47.691300 -33.399700 -22.908000 0.491800 -0.010100 0.284800 0.483700 0.413800 0.230100 0.176700 0.157100 0.127800 0.101800 0.071200 7.563000 7.784200  
 11.555200 15.315600 19.766000 24.520900 29.749600 29.758000 42.202400 11.325500 3.393400 7.371700 0.392300 -12.572200 -31.265600 -32.601400 -31.670200 -39.531500 -43.357900 -49.548100 -56.782900 -63.308900 -68.681900 -70.774400 -69.940300 -68.268900 -66.932100 -65.846600 -63.181000 -60.807900 -60.700500 -63.569900 -69.998200 -67.252600 -65.547800 -68.007100 -73.983300 -75.215100 -50.317800 -23.627200 0.226200 -0.088000 0.217200 0.608900 0.552900 0.327500 0.270600 0.212100 0.161300 0.127200 0.301000 0.280700 4.672200  
 18.901000 25.445800 35.091800 49.478500 66.509700 77.051400 86.155800 56.790900 58.040400 87.684200 88.024600 28.086100 8.404100 10.068600 32.514300 6.320900 9.890800 -14.400100 -30.503700 -40.068500 -45.948900 -48.141000 -49.167900 -49.997500 -50.669400 -51.086100 -52.133100 -52.328800 -52.682500 -53.891200 -55.335800 -58.329000 -64.024200 -71.215000 -85.436400 -100.504200 -58.081900 0.449200 0.228500 0.878400 1.002800 1.486600 1.399200 0.755300 0.536900 0.467200 0.311600 0.515100 0.423000 0.289300 0.245200  
 24.260400 34.796200 47.623500 64.071300 85.638200 121.330500 154.637900 162.246800 144.093100 130.815600 140.923900 136.242000 125.895100 130.772100 149.268400 141.326600 112.467700 16.769900 -14.422100 -25.136200 -27.929300 -27.980200 -27.566700 -27.300200 -26.754300 -28.191300 -29.245800 -30.918200 -32.742300 -34.223700 -36.155200 -42.405800 -50.448600 -58.263500 -66.296500 -75.241500 -50.306500 3.950000 1.956600 1.012100 0.572100 1.562200 1.386100 0.750100 1.142600 1.128400 0.920200 0.711700 0.539000 0.416500 0.337400  
 27.554500 37.056100 50.233100 68.114500 84.555100 104.413300 133.676400 159.545300 164.834000 159.811300 146.501000 145.606800 149.557400 153.116600 152.755500 155.353500 98.623400 19.172600 -3.632100 -10.285800 -9.172600 -10.273500 -10.053700 -9.593300 -9.373800 -11.600100 -5.847400 1.027600 -7.319400 -12.921400 -16.624200 -18.888700 -15.508500 -6.708100 -14.652700 -41.033600 -26.488300 0.081000 0.524200 0.148600 0.267400 1.927800 2.112700 1.934000 1.778200 1.466900 1.130200 0.904900 0.739300 0.590600 0.474500 0.386100 
 27.846000 36.906700 47.509600 57.042500 67.703500 86.889800 100.380400 76.448700 81.381400 114.768300 106.848200 101.165800 123.575300 135.693700 134.346500 133.144700 99.609700 25.021900 -3.069200 -5.296300 -4.200000 -3.317800 -3.134400 -0.483600 2.653700 7.615300 14.437300 22.184900 5.934000 3.088800 14.530300 18.703100 7.251200 23.839800 64.646000 97.107900 15.405700 4.748900 0.411100 0.482500 -0.570900 0.859000 2.005600 2.800600 2.275900 1.789100 1.488300 1.281800 1.057300 0.798000 0.613600 0.455400 
 21.054500 25.479100 30.739300 37.790700 40.599800 45.350200 45.908800 32.513200 39.627600 45.407700 53.086100 61.592200 83.480700 103.551600 105.255000 75.348800 66.693800 22.356300 -1.041900 -3.696100 -3.356700 -0.310900 3.511500 3.004000 2.085700 22.107100 34.624100 56.101500 5.601000 3.768200 6.557000 60.720000 83.779000 21.632000 53.327700 142.825400 190.272200 139.634800 113.820700 37.510200 4.782700 1.627200 1.546100 1.793900 1.315500 1.100400 1.168100 0.788500 0.705500 0.820900 0.828000 0.653700 
 18.090600 21.352100 23.027500 25.035600 27.130800 33.729200 40.910100 42.485400 51.338100 74.753800 62.533300 54.042400 95.320200 107.321000 82.642400 48.281500 16.352000 4.796400 -4.460600 -5.198700 -4.393200 -3.045900 5.844300 14.672900 4.411600 16.338800 42.626300 81.646400 37.663000 30.900800 73.142200 49.043100 91.355900 115.689000 54.620400 91.312000 160.039300 212.929600 241.171400 226.252100 116.880400 21.988200 4.670600 4.819900 4.445200 3.644800 2.855000 2.205900 1.694600 1.302900 0.995800 0.886600 
 12.981300 15.035400 18.100500 22.209100 29.126000 42.874900 62.991600 83.237700 109.832600 136.590900 108.300800 81.776100 85.484200 152.481200 143.455800 118.172600 93.461900 46.148600 17.814600 9.359300 -0.321800 -6.257700 -5.585600 1.261000 23.463600 27.254600 24.714900 67.608200 87.629600 56.000400 79.223300 145.784200 139.207700 148.078800 164.433800 84.825900 116.995400 148.570400 255.779600 292.120400 169.751100 82.951400 29.387800 17.648500 15.403800 12.036700 10.265800 7.796700 6.250500 4.753400 3.768300 2.166200 
 11.013300 14.370500 19.815300 27.802400 39.649400 56.951900 80.258600 103.642400 127.948700 148.822300 143.291700 106.169900 67.301000 89.235100 122.013400 146.512700 119.054600 76.612800 63.251700 14.921700 -4.083300 -14.545300 -30.004000 -47.861200 -17.708000 51.074200 77.824000 77.171500 106.625900 115.126100 116.670100 181.420700 226.975500 233.010200 219.418800 207.362500 221.965900 248.073900 282.515600 345.963300 212.522200 137.020400 98.086900 75.391500 54.397300 39.269700 29.792700 23.039600 17.609700 13.259400 9.822500 2.918900 
 11.497600 18.845100 26.640300 36.291500 48.595000 64.320700 86.025000 106.851400 130.441300 166.331700 194.848400 172.282400 116.566500 92.459000 113.168300 155.637600 128.732000 115.602900 86.214200 30.880700 3.339200 -14.834800 -39.275600 -64.898400 -80.356600 -35.279800 70.571500 102.320800 121.414100 122.348400 87.888900 114.844800 93.042400 89.813100 96.642600 108.328600 141.823700 218.252400 274.761700 323.181300 286.640600 229.427300 162.477900 113.303600 76.633500 53.078500 36.796900 25.753200 17.528600 13.048200 9.874300 1.241300 
 9.773300 21.681600 29.358000 38.594600 49.849500 64.486000 83.773700 111.195800 140.240900 184.696400 217.795200 209.056800 174.229200 135.753800 102.988600 156.495100 155.200300 118.181000 92.873700 60.388400 21.072100 10.686700 4.979700 -5.770800 -27.787600 -46.186200 -63.390900 -48.113200 -34.830300 -38.802400 -45.515500 -48.012000 -29.828700 -15.835400 -5.844300 4.054300 39.698300 89.562500 132.817900 172.709500 177.912000 162.629800 137.264100 111.730300 83.069500 59.862800 40.233500 25.688100 16.372400 11.272600 5.010500 2.450800 
 10.153100 17.644700 27.601400 36.031100 47.098600 61.258200 82.665000 109.753500 137.662400 180.307800 226.001400 249.154600 200.544400 157.446800 112.389000 157.669300 207.729200 180.454200 145.230000 84.937300 34.237500 9.813800 9.282000 8.118600 2.638500 -6.001700 -16.638100 -26.165000 -33.871800 -49.045800 -62.675800 -78.162900 -84.986300 -91.537300 -87.719400 -53.079900 -11.393300 2.214700 29.780900 51.961200 75.010000 75.439500 72.321000 71.968300 64.295700 53.738900 41.241500 30.905700 22.137300 15.853500 10.447300 4.273300 
 8.841200 13.049600 23.452900 32.827500 43.008100 55.715800 71.199600 92.508500 120.777100 156.889900 195.529900 237.355900 262.319500 209.611000 162.912300 129.045100 134.588600 158.892700 166.561300 119.540200 83.438300 35.322300 14.011800 13.864300 5.873600 8.122800 46.314200 134.209200 76.953900 21.437700 13.966800 4.081500 -6.595100 -27.521800 -48.604200 -43.089300 -24.500800 -7.972900 0.096200 16.164600 34.603400 29.773100 26.993700 29.349500 30.594800 30.955100 28.949800 26.440500 22.257900 17.552300 13.229400 28.826700 
 127.546100 13.168400 17.786300 28.907500 38.703800 51.527300 66.233600 83.441900 103.926100 134.765900 168.124500 202.563200 215.582000 202.438600 185.745700 186.146700 178.055900 145.341300 136.406900 138.683700 124.747800 89.706000 19.428900 11.089800 36.030600 44.038800 33.247300 123.244000 197.758700 177.774000 118.040200 92.022900 58.326300 24.575800 4.700700 -6.356800 -6.512700 -4.426900 2.859300 7.756900 18.645500 15.707200 12.273800 11.045900 11.461800 11.481800 11.961200 12.061700 12.144400 11.110100 10.761000 120.197100 
 159.603700 51.889500 16.636400 25.511100 35.657400 44.335000 56.211800 70.770700 89.197400 113.563900 144.037100 181.948000 230.143400 259.964800 241.696200 212.931300 196.649600 185.641900 143.578500 142.328500 143.099700 119.396400 63.057600 27.020900 48.478900 76.070000 86.759200 124.711900 217.863500 291.830500 299.444200 252.590600 214.436600 112.631200 32.133300 8.491900 5.017700 3.115200 3.014300 5.549600 11.202400 9.515400 6.717600 6.531500 6.277100 5.777300 5.229900 4.404100 4.386600 5.673300 221.226300 136.299000 
 156.766200 212.551900 13.683100 16.546800 28.871500 38.650700 48.966400 61.893100 79.090200 102.653900 138.285200 178.615100 223.801500 263.099700 275.113300 223.972600 195.201900 171.206400 166.857100 137.417100 112.986200 53.671700 83.319800 73.696700 42.717800 47.495500 86.085600 132.035500 194.735400 253.094800 294.001800 340.290400 335.559000 214.771300 95.700700 17.490300 6.788000 3.244700 3.090400 7.675400 7.652200 5.668900 4.277500 4.124900 3.849000 3.586200 3.074800 2.645300 2.493100 59.353000 231.182200  
  213.669500 238.295200 13.480700 18.121500 33.621200 44.936800 59.557400 77.011000 98.592300 125.342500 167.640400 213.509100 262.295700 304.199500 290.604600 226.846400 195.823900 160.951000 145.845600 136.892000 95.564200 127.294600 151.930100 127.847400 58.196400 50.948300 48.271700 101.690600 179.401500 287.662600 364.627700 341.877300 237.876000 152.323200 60.999200 7.868300 5.516900 6.879700 8.739600 15.230100 5.053200 2.602100 2.767300 2.611400 2.569600 1.836900 1.674100 21.396700 93.012100 234.781700  
   260.484100 31.832500 16.899200 27.580800 41.067300 52.988400 68.632500 88.279000 114.633800 151.173800 195.741100 247.360100 306.746000 350.284000 292.806900 234.320500 200.171500 168.935000 111.956300 109.143600 119.870400 138.222700 168.295100 163.604600 130.552300 89.294000 72.396900 82.599200 147.196500 209.084200 257.627200 284.790800 212.266400 100.130100 58.962700 41.166500 33.870000 26.747800 19.296200 14.379200 11.032100 8.325300 6.147600 1.597400 0.906400 19.014200 34.775400 82.771300   
   256.082800 230.509900 14.716300 20.091900 27.957900 42.970100 55.089900 70.940200 92.710700 120.049500 161.636400 205.956100 257.634500 310.993100 336.175200 298.596600 260.142400 152.131500 163.905300 192.582100 200.575900 189.609300 205.206000 227.689300 259.872800 210.833400 191.284700 152.829600 104.141800 126.095400 153.010400 214.309500 258.175700 202.338300 147.694200 105.819000 75.354900 53.632100 38.661600 28.290400 21.070900 15.609700 9.112100 1.517900 6.033900 19.747600 20.143400 36.695500   
    229.781900 271.298100 18.268000 24.338600 32.967300 43.641400 58.058500 75.448500 96.977500 123.912000 161.450400 198.914400 234.161500 255.228200 256.331200 215.718600 177.837300 188.678000 240.374000 267.325000 261.244500 270.525200 294.221600 320.324500 361.449400 327.444700 225.676000 150.415100 183.218400 231.887800 284.409100 294.965500 243.369600 191.875500 141.757700 102.173700 73.690200 52.174500 36.635000 25.230200 17.200700 3.146800 2.046400       
    216.141700 268.485900 15.067900 22.156500 28.774600 36.937500 47.711000 60.546800 77.108100 96.041200 119.377800 140.309900 159.214400 169.830600 167.650200 147.114700 146.309100 153.632700 181.846000 212.144800 234.483900 259.247200 298.119300 345.912000 393.381800 397.044200 324.504200 229.501400 215.122700 244.865000 304.170200 280.344900 220.290400 176.873400 138.973400 109.874300 81.893600 58.163700 41.531800 28.913400 15.849100 7.871700 3.086600       
     269.435600 307.661500 18.089200 23.388400 29.635000 37.669500 47.551500 58.450800 70.138600 82.586200 96.253100 106.481600 112.167400 109.862100 101.866400 103.836100 107.053200 118.953700 141.517800 163.114000 184.409200 217.088700 258.253000 284.436300 289.119300 251.961500 216.957500 212.955100 229.357900 239.167600 217.534600 173.314700 139.036800 109.807800 83.309800 63.179300 48.972600 36.439300 26.687700 18.007100 12.129800 27.377100       
