170.5025286	-44.71094574	
170.5012824	-44.71108787	
170.5000523	-44.71128915	
170.4988434	-44.71154763	
170.4975903	-44.71165431	
170.4963319	-44.71172325	
170.4950739	-44.71179522	
170.4938133	-44.71183909	
170.4925949	-44.71160449	
170.491398	-44.71131923	
170.490546	-44.71198317	
170.4896096	-44.71258649	
170.4883529	-44.7126694	
170.4870908	-44.71266534	
170.4860314	-44.71315447	
170.485125	-44.71378065	
170.4839275	-44.71406491	
170.4826821	-44.713919	
170.4815784	-44.71348246	
170.4806026	-44.71291171	
170.4795463	-44.71241921	
170.4783711	-44.71209112	
170.4771608	-44.71183599	
170.4760016	-44.71148016	
170.4751098	-44.71084343	
170.4747496	-44.70998095	
170.4748723	-44.70908528	
170.4753158	-44.70824275	
170.4759783	-44.7074768	
170.4768151	-44.70680315	
170.4778034	-44.70624352	
170.4788735	-44.70576658	
170.47996	-44.70530888	
170.481056	-44.70486278	
170.4821884	-44.70446559	
170.4833704	-44.70415055	
170.4845812	-44.70389704	
170.4858006	-44.70366546	
170.4870221	-44.70343966	
170.4882395	-44.70320279	
170.4894453	-44.70293738	
170.4906409	-44.7026497	
170.4918338	-44.70235619	
170.4930261	-44.70206146	
170.494215	-44.70176001	
170.4953893	-44.70143064	
170.4965215	-44.70103336	
170.4975408	-44.70050292	
170.4981847	-44.69972913	
170.4980785	-44.69883249	
170.4973841	-44.69808119	
170.4963853	-44.69753136	
170.4952274	-44.69717385	
170.4940096	-44.69693834	
170.4927973	-44.69668885	
170.491662	-44.69629624	
170.4906768	-44.69573408	
170.489813	-44.69507811	
170.4889554	-44.694418	
170.4880165	-44.69381688	
170.4869718	-44.69331237	
170.4858403	-44.69291424	
170.4846439	-44.6926286	
170.4833918	-44.69251854	
170.4821554	-44.69269688	
170.4810955	-44.69318491	
170.480246	-44.69385034	
170.479459	-44.69455373	
170.4785892	-44.69520558	
170.4775408	-44.6957061	
170.4763325	-44.69596497	
170.4750812	-44.69608041	
170.4738403	-44.69624315	
170.4726381	-44.69651628	
170.4714657	-44.69684899	
170.4703002	-44.6971937	
170.4691196	-44.69751114	
170.4678981	-44.69773652	
170.466641	-44.6978138	
170.4653842	-44.69773435	
170.4641605	-44.69751501	
170.4629936	-44.69717287	
170.4618985	-44.69672583	
170.4608735	-44.69620103	
170.4598947	-44.69563314	
170.4589344	-44.69504946	
170.457993	-44.69445029	
170.457102	-44.69381307	
170.4562981	-44.6931195	
170.4556082	-44.69236605	
170.4550554	-44.69155711	
170.4546514	-44.69070454	
170.4543741	-44.68982661	
170.4541883	-44.68893648	
170.4540789	-44.68803992	
170.4540212	-44.68714091	
170.4539742	-44.68624158	
170.4539158	-44.68534258	
170.453855	-44.68444367	
170.4538126	-44.68354423	
170.4537964	-44.68264435	
170.4538033	-44.68174441	
170.453841	-44.68084486	
170.4539355	-44.67994744	
170.4541267	-44.6790579	
170.4544568	-44.67818934	
170.4549522	-44.67736175	
170.4556249	-44.6766005	
170.4564485	-44.67591886	
170.4573183	-44.67526718	
170.4580621	-44.67454055	
170.4585034	-44.67369759	
170.4586347	-44.67280254	
170.4586096	-44.67190276	
170.458557	-44.67100359	
170.4585187	-44.67010405	
170.4584866	-44.66920438	
170.4584473	-44.66830486	
170.4583997	-44.66740555	
170.4583506	-44.66650627	
170.4583097	-44.66560678	
170.4582874	-44.66470697	
170.4582876	-44.66380701	
170.4583044	-44.66290713	
170.4583349	-44.66200744	
170.4583977	-44.6611086	
170.4585407	-44.66021447	
170.4588208	-44.65933702	
170.4592471	-44.65849006	
170.4597626	-44.65766876	
170.4602995	-44.65685447	
170.460827	-44.65603703	
170.4613474	-44.65521733	
170.4618686	-44.65439786	
170.4623852	-44.6535769	
170.4628787	-44.65274875	
170.463329	-44.65190815	
170.4637291	-44.65105472	
170.4640834	-44.65019103	
170.4643884	-44.6493178	
170.46463	-44.64843453	
170.4647881	-44.64754169	
170.4648447	-44.64664264	
170.4648319	-44.64574272	
170.4648508	-44.64484288	
170.464995	-44.64394885	
170.4652995	-44.64307559	
170.4657857	-44.64224532	
170.4664665	-44.64148796	
170.4672969	-44.64081087	
170.4681792	-44.64016816	
170.4690111	-44.63949205	
170.4697382	-44.6387569	
170.4703739	-44.63797977	
170.4709579	-44.63718226	
170.4715248	-44.63637844	
170.4720964	-44.63557636	
170.472681	-44.63477907	
170.4732779	-44.63398642	
170.4738938	-44.63320122	
170.4745643	-44.63243922	
170.475349	-44.63173505	
170.4762883	-44.63113508	
170.4773659	-44.63066852	
170.4785279	-44.63031997	
170.4797256	-44.63003984	
170.4809291	-44.62977293	
170.4821186	-44.62947549	
170.483273	-44.62911443	
170.4843601	-44.62865924	
170.4853457	-44.6280985	
170.4862357	-44.62746132	
170.4870768	-44.62679112	
170.4879021	-44.62611099	
170.4887171	-44.62542454	
170.4895219	-44.62473205	
170.4903228	-44.6240372	
170.4911315	-44.62334704	
170.4919686	-44.62267433	
170.4928592	-44.62203764	
170.4938129	-44.62144941	
170.4948155	-44.62090429	
170.4958539	-44.62039454	
170.4969366	-44.61993406	
170.4980749	-44.61954818	
170.4992586	-44.61923972	
170.5004684	-44.61898808	
170.5016937	-44.61877805	
170.5029282	-44.61859782	
170.5041643	-44.61842326	
170.5053928	-44.61822319	
170.5065996	-44.61796459	
170.5077628	-44.61761869	
170.5088594	-44.61717547	
170.5098697	-44.61663774	
170.5107764	-44.61601289	
170.5115816	-44.61532067	
170.5123076	-44.61458517	
170.5129773	-44.61382283	
170.5136044	-44.61304229	
170.5141832	-44.61224292	
170.5146829	-44.6114168	
170.515077	-44.61056202	
170.5153815	-44.60968873	
170.5156407	-44.60880802	
170.5158903	-44.6079259	
170.5161676	-44.60704801	
170.5165296	-44.60618603	
170.5170207	-44.6053573	
170.5176326	-44.60457068	
170.5183357	-44.60382394	
170.5191252	-44.60312268	
170.5200111	-44.60248294	
170.5209812	-44.60190881	
170.5219943	-44.60137397	
170.5230093	-44.60084098	
170.524005	-44.60028975	
170.5249725	-44.5997135	
170.5258997	-44.59910428	
170.5267777	-44.59845901	
170.5276256	-44.59779349	
170.5284886	-44.59713794	
170.5294018	-44.5965181	
170.530359	-44.59593312	
170.5313171	-44.59534897	
170.5322278	-44.59472729	
170.5330717	-44.59405921	
170.5338669	-44.59336129	
170.5346369	-44.59264913	
170.535386	-44.59192562	
170.5361081	-44.59118826	
170.5368009	-44.59043671	
170.5374647	-44.58967192	
170.5380999	-44.58889479	
170.5387092	-44.58810718	
170.5392945	-44.58731028	
170.5398532	-44.58650375	
170.5403882	-44.58568903	
170.5409124	-44.58487073	
170.5414374	-44.58405268	
170.5419617	-44.58323444	
170.5424753	-44.58241272	
170.5429728	-44.58158597	
170.5434619	-44.58075666	
170.5439476	-44.57992635	
170.5443891	-44.57908356	
170.5446664	-44.57820586	
170.5446415	-44.57730627	
170.5442984	-44.57644048	
170.5437271	-44.57563855	
170.5430126	-44.57489754	
170.5422237	-44.57419613	
170.5414077	-44.57351069	
170.5405599	-44.57284535	
170.5396494	-44.57222384	
170.538675	-44.57165388	
170.5376654	-44.57111621	
170.5366499	-44.57058419	
170.5356439	-44.57004301	
170.5346513	-44.56948945	
170.5336769	-44.5689195	
170.5327247	-44.5683308	
170.5317753	-44.56773969	
170.530796	-44.56717415	
170.5297847	-44.56663815	
170.5287743	-44.56610138	
170.527829	-44.56550757	
170.5272248	-44.56472342	
170.5276535	-44.56388439	
170.5287786	-44.56348537	
170.5300332	-44.56342203	
170.5312737	-44.56357223	
170.5324549	-44.56388262	
170.5335689	-44.5643016	
170.5346318	-44.56478381	
170.5356626	-44.56530035	
170.5366788	-44.56583158	
170.5377	-44.56635793	
170.5387445	-44.56686029	
170.5398188	-44.56732936	
170.5409154	-44.5677715	
170.5420263	-44.56819486	
170.5431685	-44.56857222	
170.5443862	-44.56879027	
170.5456227	-44.5686489	
170.5466248	-44.56810797	
170.5473429	-44.56736913	
170.5479388	-44.56657639	
170.5485094	-44.56577415	
170.5490589	-44.56496451	
170.5495572	-44.56413816	
170.5499722	-44.56328867	
170.5502794	-44.56241615	
170.5504609	-44.56152586	
170.5505026	-44.56062667	
170.5504041	-44.55972966	
170.5501912	-44.55884273	
170.5499073	-44.55796596	
170.5495915	-44.55709478	
170.5492687	-44.55622491	
170.5489619	-44.55535212	
170.5487112	-44.5544704	
170.5485873	-44.55357559	
170.548705	-44.55268215	
170.5492261	-44.55187028	
170.5502215	-44.55133403	
170.5514614	-44.55120469	
170.5527039	-44.55134743	
170.5539379	-44.55151579	
170.5551882	-44.55147947	
170.5563446	-44.55113455	
170.5573125	-44.55056168	
170.5581263	-44.54987569	
170.5588561	-44.5491425	
170.5595617	-44.5483973	
170.560291	-44.54766396	
170.5610674	-44.54695577	
170.5618789	-44.54626785	
170.562695	-44.5455828	
170.5635112	-44.54489791	
170.5643754	-44.54424452	
170.5653421	-44.54366948	
170.5663977	-44.5431797	
170.567472	-44.54271147	
170.5684882	-44.54218234	
170.5693815	-44.54155071	
170.5700865	-44.54080899	
170.5704905	-44.53996297	
170.5704703	-44.53906872	
170.5700795	-44.5382145	
170.5695464	-44.53739938	
170.5690701	-44.53656699	
170.5687004	-44.53570676	
170.5683383	-44.53484536	
170.5678573	-44.53401505	
170.5672123	-44.53324351	
170.5664342	-44.53253691	
170.5655699	-44.53188321	
170.5646572	-44.53126378	
170.5637393	-44.5306485	
170.5628832	-44.52999064	
170.5621833	-44.52924626	
170.5617441	-44.528408	
170.5616723	-44.52751846	
170.5620982	-44.52669118	
170.5630496	-44.52613305	
170.5642675	-44.52593342	
170.5655254	-44.52592891	
170.5667827	-44.52593544	
170.568036	-44.52586695	
170.5692763	-44.52571849	
170.5705051	-44.52552561	
170.5717346	-44.52533555	
170.5729737	-44.52518064	
170.5742183	-44.52504961	
170.5754541	-44.52488554	
170.5766559	-44.52462541	
170.5777921	-44.52424316	
170.5788445	-44.52375223	
170.579821	-44.52318539	
170.5807621	-44.52258826	
170.5817374	-44.52202168	
170.5828102	-44.52155791	
170.5839895	-44.52125507	
170.5852298	-44.5211162	
170.5864866	-44.52108461	
170.5877444	-44.52107922	
170.5889974	-44.52101776	
170.5902208	-44.52082461	
170.5913584	-44.52045194	
170.5923502	-44.51990476	
170.593176	-44.51922889	
170.5938541	-44.51847241	
170.5944086	-44.51766562	
170.5948497	-44.5168237	
170.5951712	-44.5159547	
170.5953564	-44.51506589	
170.5953851	-44.51416783	
170.5952382	-44.51327617	
170.5948988	-44.51241228	
170.594362	-44.51160139	
170.593647	-44.51086354	
170.5927941	-44.51020393	
170.5918477	-44.5096121	
170.5908527	-44.50906168	
170.5898685	-44.50850238	
170.5889867	-44.50786602	
170.5883255	-44.50710881	
170.5879649	-44.506253	
170.5878758	-44.50535791	
170.5879547	-44.50446029	
170.5881094	-44.50356723	
170.5882967	-44.50267732	
170.5885118	-44.50179068	
170.5887639	-44.50090909	
170.5890595	-44.50003447	
170.5893988	-44.499168	
170.589777	-44.49830977	
170.5901877	-44.49745921	
170.5906289	-44.49661652	
170.5911054	-44.4957838	
170.5916202	-44.4949628	
170.592159	-44.49414963	
170.5926911	-44.4933343	
170.5931923	-44.49250901	
170.593666	-44.49167533	
170.5941351	-44.49084037	
170.5946126	-44.4900078	
170.5950855	-44.48917394	
170.5955334	-44.4883331	
170.5959639	-44.48748753	
170.5964484	-44.48665864	
170.5971312	-44.48591424	
170.5981223	-44.48539134	
170.5993282	-44.48517803	
170.6005831	-44.48517948	
170.6018363	-44.48525095	
170.6030899	-44.48531869	
170.6043453	-44.48536501	
170.605602	-44.48538155	
170.6068567	-44.48534226	
170.6080949	-44.48520135	
170.6092708	-44.48490038	
170.6102663	-44.484375	
170.6108519	-44.48361014	
170.6108067	-44.48274327	
170.6101684	-44.48199364	
170.6091888	-44.48144172	
170.6080823	-44.48101664	
170.6069462	-44.48063154	
170.6058125	-44.48024276	
170.6046992	-44.47982551	
170.6036312	-44.47935249	
170.6026376	-44.4788036	
170.6017367	-44.47817796	
170.6009254	-44.47749163	
170.6001806	-44.47676702	
170.5994731	-44.47602319	
170.5987792	-44.47527277	
170.5980797	-44.47452502	
170.5973582	-44.47378819	
170.5966069	-44.47306678	
170.595829	-44.47235994	
170.5950233	-44.47166935	
170.594169	-44.47100996	
170.5932409	-44.47040463	
170.5922448	-44.46985676	
170.5912279	-44.46932782	
170.5902557	-44.46875908	
170.5893813	-44.46811532	
170.588638	-44.4673924	
170.5880615	-44.46659623	
170.587697	-44.46573932	
170.5875663	-44.46484813	
170.5876531	-44.46395321	
170.587936	-44.46307906	
170.5884111	-44.46224919	
170.5890657	-44.46148407	
170.58984	-44.4607762	
170.5906299	-44.46007642	
170.591317	-44.45932581	
170.5917973	-44.45849964	
170.592018	-44.45761891	
170.5920156	-44.4567214	
170.5918865	-44.45582663	
170.5917013	-44.45493656	
170.5914511	-44.45405514	
170.5910661	-44.45320077	
170.5904822	-44.45240859	
170.5896893	-44.45171632	
170.5887249	-44.45114517	
170.5876407	-44.45069541	
170.5864807	-44.4503539	
170.5852776	-44.45009719	
170.5840576	-44.44988214	
170.5828475	-44.44964194	
170.581682	-44.44931107	
170.5805893	-44.44887088	
170.5795491	-44.44836649	
170.5785034	-44.44786805	
170.5774115	-44.44742465	
170.5762662	-44.44705713	
170.5750716	-44.44678349	
170.5738349	-44.4466458	
170.5725906	-44.44670622	
170.571408	-44.44698899	
170.5703265	-44.44744071	
170.5693281	-44.44798554	
170.5683748	-44.44857152	
170.5673971	-44.44913593	
170.5662928	-44.4495487	
170.5650694	-44.44964703	
170.563877	-44.44940702	
170.5627956	-44.44895652	
170.561815	-44.44839617	
170.5609881	-44.44772393	
170.5605312	-44.44690306	
170.5606754	-44.446035	
170.5613488	-44.44529375	
170.5623026	-44.44471584	
170.5633644	-44.44423664	
170.5644438	-44.44377607	
170.5654876	-44.44327601	
170.5664719	-44.4427178	
170.5673749	-44.44209343	
170.5681005	-44.44136355	
170.5684794	-44.44051581	
170.5684652	-44.43962387	
170.568204	-44.43874572	
170.5678567	-44.43788094	
170.5675232	-44.43701331	
170.5672768	-44.43613138	
170.5671621	-44.43523618	
170.5671596	-44.43433674	
170.5671978	-44.43343718	
170.5671984	-44.43253734	
170.5670998	-44.43164078	
170.5668636	-44.43075796	
170.5665114	-44.4298947	
170.5661544	-44.42903188	
170.5659358	-44.42814722	
170.5659043	-44.42724935	
170.5659759	-44.42635111	
170.5660308	-44.42545208	
170.5659741	-44.42455387	
170.5657352	-44.42367232	
170.5653193	-44.42282479	
170.5648175	-44.42200001	
170.5643127	-44.42117592	
170.5638245	-44.42034673	
170.5633513	-44.41951309	
170.5629071	-44.41867134	
170.5624984	-44.41782044	
170.5621011	-44.41696666	
170.561669	-44.41612174	
170.5611456	-44.41530438	
170.5604855	-44.41454038	
170.5596965	-44.41384178	
170.5588745	-44.41316145	
170.5582859	-44.41237359	
170.5583842	-44.41150674	
170.5590591	-44.41076298	
170.5597913	-44.41003194	
170.5603242	-44.40922012	
170.5606855	-44.40835937	
170.560956	-44.40748075	
170.5611515	-44.40659196	
170.5612373	-44.4056946	
170.5611744	-44.40479666	
170.5609615	-44.40391057	
170.5606489	-44.40303925	
170.5603341	-44.40216802	
170.560119	-44.40128188	
170.5600157	-44.40038541	
170.5598723	-44.39949148	
170.5594889	-44.39863763	
170.558963	-44.39782108	
170.5587805	-44.39693809	
170.559169	-44.3960955	
170.559784	-44.39531215	
170.5603315	-44.39450274	
170.5608078	-44.39367023	
170.561313	-44.3928464	
170.5618656	-44.39203843	
170.5625177	-44.39126997	
170.5634523	-44.39067732	
170.5645831	-44.3902949	
170.5655829	-44.38975624	
170.5659693	-44.38891829	
170.565809	-44.38803144	
170.5654472	-44.38717028	
170.5650872	-44.3863081	
170.5648385	-44.38542624	
170.564789	-44.38452775	
170.565014	-44.38364382	
170.5655369	-44.38282761	
170.5662906	-44.38210948	
170.5671604	-44.38146117	
170.5680575	-44.38083185	
170.5689465	-44.38019663	
170.5698297	-44.3795573	
170.5707101	-44.37891591	
170.5715661	-44.37825785	
170.5723362	-44.37754751	
170.5728815	-44.37673828	
170.5730289	-44.37584727	
170.5727729	-44.37496844	
170.5722359	-44.37415615	
170.5714858	-44.3734355	
170.5705662	-44.37282404	
170.5695429	-44.3723037	
170.56847	-44.37183723	
170.5673868	-44.37138293	
170.5663207	-44.37090831	
170.5652707	-44.3704157	
170.5642207	-44.36992298	
170.5631878	-44.36941202	
170.5622441	-44.36881927	
170.5615337	-44.36807867	
170.5614188	-44.36718627	
170.562318	-44.36657162	
170.5635708	-44.36656611	
170.5647541	-44.36686466	
170.5658759	-44.36726761	
170.566958	-44.36772293	
170.5679929	-44.36823175	
170.5689866	-44.36878117	
170.5699686	-44.3693414	
170.570964	-44.36988926	
170.5719945	-44.37040248	
170.5730939	-44.37083532	
170.5742842	-44.37111787	
170.5755334	-44.37119446	
170.5767759	-44.37107164	
170.5779728	-44.37080239	
170.5791144	-44.37042942	
170.5801931	-44.36996997	
170.5812023	-44.36943539	
170.5821362	-44.36883459	
170.5829808	-44.36816929	
170.5837238	-44.36744425	
170.5843568	-44.36666748	
170.5848363	-44.36583656	
170.5850539	-44.36495153	
170.5849073	-44.3640589	
170.5844334	-44.363226	
170.5837925	-44.36245234	
170.5832094	-44.36165879	
170.5831821	-44.36078791	
170.5842924	-44.36041286	
170.5855196	-44.36059963	
170.5867425	-44.36075952	
170.5879167	-44.36050462	
170.5886894	-44.35981097	
170.5890042	-44.35894408	
170.5890229	-44.35804563	
170.5888725	-44.35715233	
170.5886805	-44.35626344	
170.5886476	-44.35536978	
170.5890226	-44.35452526	
170.5898486	-44.35385724	
170.5908863	-44.35335192	
170.5919277	-44.35285264	
170.5928637	-44.35225642	
170.5936743	-44.35157026	
170.5944448	-44.35086085	
170.5953515	-44.35025785	
170.5965015	-44.35006944	
170.5975221	-44.35052381	
170.5981741	-44.35128815	
170.5987065	-44.35210299	
170.5993006	-44.35289427	
170.6000201	-44.35362915	
170.6008731	-44.35428622	
170.6018428	-44.35485428	
170.6029084	-44.35532543	
170.6040579	-44.35567825	
170.6052746	-44.35588166	
170.6065234	-44.35592795	
170.6077716	-44.35585034	
170.6090107	-44.35571044	
170.610254	-44.35560442	
170.611472	-44.35571573	
170.6123872	-44.35625229	
170.6126866	-44.3570973	
170.6125695	-44.35798948	
170.6122932	-44.35886674	
170.6119336	-44.35972851	
170.6115123	-44.36057603	
170.6110658	-44.36141711	
170.6106358	-44.36226251	
170.6102359	-44.3631155	
170.6098312	-44.36396732	
170.6093685	-44.3648033	
170.608822	-44.36561271	
170.608189	-44.3663889	
170.6074659	-44.36712331	
170.606668	-44.36781729	
170.6058448	-44.36849655	
170.6050524	-44.36919391	
170.6043222	-44.36992513	
170.6036632	-44.3706904	
170.6030778	-44.37148589	
170.6025671	-44.37230744	
170.6021327	-44.37315128	
170.6017848	-44.37401528	
170.6015354	-44.37489654	
170.6013705	-44.37578839	
170.6012509	-44.37668426	
170.6011489	-44.37758128	
170.6010578	-44.3784789	
170.6009615	-44.37937623	
170.6008205	-44.3802702	
170.6005923	-44.38115439	
170.6002529	-44.38201977	
170.5998049	-44.38285958	
170.5992759	-44.38367536	
170.5987116	-44.38447924	
170.5981727	-44.38529171	
170.5977212	-44.38613034	
170.5973783	-44.38699524	
170.5971012	-44.38787295	
170.5968208	-44.3887501	
170.5964783	-44.38961539	
170.5960428	-44.39045862	
170.5955457	-44.39128496	
170.5950881	-44.39212219	
170.5947736	-44.3929909	
170.5946456	-44.3938836	
170.594704	-44.39478027	
170.5949388	-44.39566222	
170.5953121	-44.3965205	
170.595748	-44.39736443	
170.5961819	-44.39820892	
170.5965955	-44.39905865	
170.5969953	-44.39991178	
170.5973859	-44.4007671	
170.5977662	-44.40162481	
170.5981309	-44.40248595	
170.5984811	-44.40335023	
170.5988368	-44.40421333	
170.599215	-44.40507146	
170.5995831	-44.4059318	
170.599862	-44.40680802	
170.5999893	-44.40770135	
170.5999802	-44.40860046	
170.5999343	-44.40949983	
170.5999694	-44.41039833	
170.6001125	-44.41129185	
170.6002742	-44.41218425	
170.600371	-44.41308106	
170.6004377	-44.41397977	
170.6005796	-44.41487292	
170.6008455	-44.41575135	
170.6011714	-44.41662051	
170.6014137	-44.41750179	
170.6014367	-44.41839667	
170.601227	-44.41928097	
170.6009137	-44.42015244	
170.6006604	-44.42103279	
170.6005682	-44.42192791	
170.6006391	-44.422825	
170.6007878	-44.4237186	
170.6009079	-44.42461413	
170.6009759	-44.4255127	
170.6010863	-44.42640851	
170.6013455	-44.4272867	
170.601756	-44.42813593	
170.6022434	-44.42896524	
170.6027648	-44.42978395	
170.6033344	-44.43058569	
170.6039411	-44.43137368	
170.6044917	-44.43218148	
170.6048497	-44.43303924	
170.6049224	-44.43393126	
170.6047234	-44.43481565	
170.6043463	-44.43567274	
170.6038987	-44.43651358	
170.603474	-44.43736031	
170.6031428	-44.43822742	
170.6029458	-44.4391148	
170.6029186	-44.44001229	
170.6031119	-44.44089756	
170.6035557	-44.44173436	
170.6042204	-44.44249386	
170.6050268	-44.44318229	
170.6058856	-44.44383909	
170.6067251	-44.44450834	
170.6074866	-44.44522285	
170.6080943	-44.44600711	
170.6084778	-44.44685953	
170.6086731	-44.44774694	
170.6088212	-44.44864065	
170.6090235	-44.44952849	
170.6092652	-44.45041166	
170.6094882	-44.45129726	
170.609677	-44.45218696	
170.609848	-44.45307858	
170.6100148	-44.4539706	
170.6102001	-44.4548607	
170.6104385	-44.45574405	
170.6107168	-44.45662165	
170.6109151	-44.45750911	
170.6108847	-44.45840392	
170.6106332	-44.45928327	
170.6103415	-44.4601586	
170.6101945	-44.46104983	
170.6102666	-44.46194506	
170.6105435	-44.46282048	
170.6109957	-44.46365809	
170.6115947	-44.46444761	
170.6122695	-44.46520663	
170.6128656	-44.46599718	
170.6131371	-44.46686447	
170.6129138	-44.46773382	
170.6123314	-44.46852504	
170.6116832	-44.46929607	
170.6112159	-44.4701273	
170.6110519	-44.47101363	
170.6111889	-44.4719037	
170.6115973	-44.47275066	
170.6122423	-44.47351916	
170.6130472	-44.47420834	
170.613919	-44.47485645	
170.614794	-44.47550253	
170.6156575	-44.47615654	
170.6165367	-44.47679969	
170.6174804	-44.4773932	
170.6185368	-44.47787668	
170.6197217	-44.47815977	
170.6209614	-44.47811985	
170.6219856	-44.47763662	
170.6224644	-44.47682431	
170.6228892	-44.47597732	
170.6239292	-44.47551615	
170.6251629	-44.47535298	
170.626376	-44.47511793	
170.6275133	-44.47473583	
170.628568	-44.47424679	
170.6295761	-44.47370935	
170.6305842	-44.47317178	
170.6316156	-44.47265748	
170.6326886	-44.47218885	
170.633828	-44.47180945	
170.6350345	-44.47155811	
170.6362782	-44.47142989	
170.6375289	-44.47134082	
170.6387558	-44.47114632	
170.6398803	-44.47074572	
170.6408524	-44.47017586	
170.6417395	-44.46953842	
170.6426117	-44.46889041	
170.6434659	-44.46823022	
170.6442951	-44.46755393	
170.645161	-44.46690169	
170.6461514	-44.46634784	
170.6472902	-44.46596763	
170.6485225	-44.46579159	
170.649777	-44.46573749	
170.6510187	-44.4655996	
170.6521251	-44.46517515	
170.6528975	-44.46446718	
170.6532797	-44.46361111	
170.6533211	-44.46271224	
170.6531351	-44.46182235	
170.6528304	-44.46094927	
170.6524552	-44.4600904	
170.6520162	-44.45924715	
170.6515409	-44.45841409	
170.6511509	-44.45756013	
170.6511233	-44.45666709	
170.651769	-44.45590839	
170.6529144	-44.45555332	
170.6541681	-44.4555449	
170.6553949	-44.45573488	
170.6565633	-44.45606369	
170.6576492	-44.45651513	
170.6586463	-44.45706229	
170.6595699	-44.45767231	
170.6604409	-44.45832096	
170.6612761	-44.45899331	
170.6620944	-44.4596763	
170.6629473	-44.46033627	
170.6639298	-44.460889	
170.6650888	-44.46109253	
170.6658176	-44.46042523	
170.6655754	-44.45954891	
170.6650015	-44.45874878	
170.6643402	-44.45798377	
170.6636133	-44.45725016	
170.6628099	-44.45655852	
170.6619515	-44.45590131	
170.6610779	-44.45525441	
170.6602173	-44.4545987	
170.6593821	-44.45392642	
170.6585829	-44.45323215	
170.6578358	-44.45250882	
170.6571459	-44.45175675	
170.6564783	-44.4509944	
170.6557719	-44.45025045	
170.6550075	-44.44953621	
170.654231	-44.44882878	
170.6534966	-44.44809888	
170.6528305	-44.44733622	
170.6522473	-44.44653955	
170.6517504	-44.44571322	
170.6513215	-44.44486747	
170.6509537	-44.44400723	
170.6506714	-44.44313074	
170.6504932	-44.44224027	
170.6504079	-44.44134259	
170.6503925	-44.44044278	
170.6504256	-44.43954315	
170.6504882	-44.43864429	
170.6505669	-44.43774607	
170.6506503	-44.43684807	
170.6507193	-44.4359495	
170.6507412	-44.43504991	
170.650678	-44.43415158	
170.6505044	-44.43326079	
170.6502222	-44.43238419	
170.6498564	-44.43152335	
170.6494515	-44.4306714	
170.6490729	-44.42981362	
170.6487861	-44.4289381	
170.6486195	-44.42804661	
170.6485621	-44.42714795	
170.6485967	-44.42624859	
170.648703	-44.42535187	
170.6488213	-44.42445609	
170.6488531	-44.42355752	
170.648717	-44.42266461	
170.6483823	-44.42179926	
170.6478501	-44.42098616	
170.6471509	-44.42023966	
170.6463542	-44.41954407	
170.6455374	-44.41886058	
170.6447681	-44.41815035	
170.6441338	-44.41737702	
170.6437345	-44.41652771	
170.6435908	-44.41563531	
170.6436052	-44.4147355	
170.6436554	-44.41383627	
170.6436708	-44.41293648	
170.6436319	-44.41203706	
170.6435387	-44.41113967	
170.643399	-44.41024532	
170.6432309	-44.40935342	
170.6430595	-44.40846186	
170.6429064	-44.40756862	
170.6427807	-44.40667317	
170.6426769	-44.40577626	
170.6425808	-44.4048789	
170.6424828	-44.40398165	
170.6423917	-44.40308406	
170.6423309	-44.40218521	
170.6423134	-44.40128536	
170.642326	-44.40038541	
170.6423431	-44.39948551	
170.6423448	-44.39858554	
170.6423206	-44.39768575	
170.6422648	-44.39678669	
170.6421767	-44.39588894	
170.6420657	-44.39499247	
170.6419491	-44.39409636	
170.6418399	-44.39319977	
170.641735	-44.39230292	
170.6416107	-44.39140746	
170.6414315	-44.39051696	
170.6411801	-44.38963537	
170.640884	-44.38876077	
170.6406089	-44.387883	
170.6404302	-44.38699328	
170.6404178	-44.38609576	
170.6406629	-44.38522063	
170.6413218	-44.38448431	
170.642429	-44.38416797	
170.6435919	-44.38442163	
170.6444943	-44.38503304	
170.6451585	-44.38579373	
170.6456961	-44.38660673	
170.6461992	-44.38743128	
170.6467044	-44.38825514	
170.6472092	-44.38907916	
170.6477358	-44.38989571	
170.6483976	-44.39065307	
170.6493637	-44.39117751	
170.650537	-44.39116734	
170.6514373	-44.39059955	
170.6518554	-44.38976875	
170.6518975	-44.38887578	
170.6517048	-44.38798872	
170.651388	-44.38711836	
170.6510193	-44.38625814	
170.6506196	-44.38540509	
170.6501585	-44.38456866	
170.6495805	-44.38377184	
170.6488495	-44.38304362	
170.6479798	-44.38239749	
170.6470209	-44.38181798	
170.6460155	-44.38127972	
170.6449769	-44.38077499	
170.643907	-44.38030501	
170.6428457	-44.37982541	
170.6419189	-44.37922937	
170.6413098	-44.37845933	
170.6410663	-44.37758491	
170.6410479	-44.37668648	
170.6410964	-44.37578716	
170.6411253	-44.37488751	
170.6411167	-44.37398761	
170.6410876	-44.37308785	
170.6410415	-44.37218848	
170.6409531	-44.37129093	
170.6407934	-44.37039871	
170.6405488	-44.36951654	
170.6402058	-44.36865165	
170.6397313	-44.36782039	
170.6390891	-44.36705065	
170.638287	-44.36636172	
170.6373841	-44.36573783	
170.6364534	-44.36513427	
170.6355614	-44.36450219	
170.6347713	-44.36380546	
170.6341544	-44.3630261	
170.6337752	-44.36217348	
170.6336348	-44.36128261	
170.6336683	-44.36038429	
170.6338241	-44.35949207	
170.634129	-44.35862121	
170.6346747	-44.35781774	
170.6354973	-44.35714889	
170.6365067	-44.3566202	
170.6375647	-44.3561367	
170.6385005	-44.35554588	
170.6390198	-44.35475228	
170.6388909	-44.35388328	
170.6383747	-44.35306796	
170.6379158	-44.35223237	
170.6376964	-44.3513501	
170.6375648	-44.35045511	
170.6373296	-44.34957224	
170.6369691	-44.34871102	
170.6365751	-44.34785658	
170.6361926	-44.34699945	
170.6357273	-44.34616452	
170.6350435	-44.34541512	
170.6341523	-44.3447867	
170.6331539	-44.34424339	
170.6320827	-44.34377696	
170.6309506	-44.34339158	
170.6298407	-44.34297354	
170.628929	-44.34236641	
170.6282998	-44.34159429	
170.6277219	-44.34079555	
170.6269213	-44.34010914	
170.6258827	-44.33961415	
170.6247385	-44.33924879	
170.6236052	-44.33886399	
170.6226693	-44.33827431	
170.6222829	-44.33743486	
170.6226788	-44.33659585	
170.6237188	-44.3361069	
170.6249667	-44.3360202	
170.6262186	-44.33607236	
170.6274713	-44.33610882	
170.6287117	-44.33598984	
170.6297283	-44.33547652	
170.630203	-44.33464577	
170.6304163	-44.3337589	
170.6306704	-44.33287791	
170.6310448	-44.33201962	
170.6315758	-44.33120536	
170.6322788	-44.33046131	
170.6331338	-44.32980368	
170.6340767	-44.32921043	
170.6349977	-44.32860073	
170.6357981	-44.32790901	
170.6364636	-44.32714661	
170.6370355	-44.3263459	
170.6375331	-44.32552001	
170.6379539	-44.32467229	
170.6383433	-44.3238177	
170.6389597	-44.32308423	
170.6400705	-44.32319635	
170.6407307	-44.32396046	
170.6413508	-44.32474014	
170.6421643	-44.32541584	
170.6432073	-44.32590639	
170.6443713	-44.32623994	
170.6455455	-44.32655269	
170.6466272	-44.32699088	
170.6473881	-44.32767197	
170.6475742	-44.32854864	
170.647388	-44.32943846	
170.6471839	-44.33032592	
170.6470631	-44.33122164	
170.6469662	-44.33211893	
170.6468505	-44.3330151	
170.6467563	-44.33391226	
170.6467418	-44.3348117	
170.6468189	-44.33570966	
170.6469773	-44.33660202	
170.647236	-44.33748155	
170.6476363	-44.33833286	
170.648175	-44.33914493	
170.6487834	-44.33993195	
170.6493876	-44.34072052	
170.6499697	-44.3415177	
170.6505823	-44.34230206	
170.6513601	-44.34299371	
170.652442	-44.34332986	
170.65358	-44.34304948	
170.6544863	-44.3424285	
170.6554387	-44.34186581	
170.6565282	-44.34186684	
170.6571799	-44.34256827	
170.6574629	-44.34344492	
170.6577408	-44.34432249	
170.6580616	-44.34519232	
170.6584554	-44.34604614	
170.6589623	-44.3468677	
170.6595477	-44.34766359	
170.6601064	-44.3484688	
170.660596	-44.34929706	
170.6610465	-44.35013698	
170.6614945	-44.35097762	
170.6619358	-44.35182005	
170.6623119	-44.35267778	
170.6625764	-44.35355647	
170.6627861	-44.35444382	
170.6630373	-44.35532516	
170.6633554	-44.35619547	
170.6637046	-44.3570599	
170.6640395	-44.35792716	
170.6643338	-44.35880187	
170.6646077	-44.35968016	
170.6649207	-44.36055132	
170.6653246	-44.36140243	
170.6658322	-44.36222457	
170.6664262	-44.36301669	
170.667028	-44.36380613	
170.6675382	-44.36462687	
170.667948	-44.36547699	
170.6682972	-44.36634128	
170.6686135	-44.36721217	
170.6689216	-44.36808462	
170.6692416	-44.36895484	
170.6695851	-44.36982041	
170.6699585	-44.37067954	
170.6703705	-44.3715295	
170.6708126	-44.37237176	
170.6712514	-44.37321489	
170.6716598	-44.37406577	
170.6720477	-44.3749217	
170.6724409	-44.37577636	
170.6728477	-44.37662774	
170.6732592	-44.377478	
170.6736627	-44.37833018	
170.6740545	-44.37918518	
170.6744456	-44.38004038	
170.6748589	-44.38089007	
170.6753308	-44.38172346	
170.6758856	-44.38253001	
170.6764765	-44.383324	
170.6770266	-44.38413247	
170.6774918	-44.38496752	
170.6778501	-44.385829	
170.6781087	-44.38670912	
170.6783026	-44.38759817	
170.6784479	-44.38849193	
170.6785464	-44.38938902	
170.6786204	-44.39028746	
170.6787842	-44.39117757	
170.6793635	-44.39193906	
170.6804528	-44.39229315	
170.681691	-44.39243917	
170.6828554	-44.39274619	
170.6838217	-44.39330405	
170.6845475	-44.39403112	
170.6850623	-44.39484866	
170.6853916	-44.39571484	
170.6855197	-44.3966073	
170.685424	-44.39750139	
170.685062	-44.39835769	
170.6843718	-44.39909775	
170.6833964	-44.39965066	
170.6822749	-44.40004912	
170.681111	-44.40038591	
170.6799773	-44.40077042	
170.6790649	-44.40136968	
170.6787876	-44.40221399	
170.6791455	-44.40306099	
170.6798089	-44.40382133	
170.6807577	-44.40440003	
170.6819642	-44.40458827	
170.6831887	-44.40442117	
170.6844033	-44.40419343	
170.6856467	-44.40407643	
170.6868997	-44.40410686	
170.6881257	-44.40429432	
170.6892778	-44.40464792	
170.6903241	-44.40514306	
170.6913259	-44.4056854	
170.6924211	-44.40612337	
170.6936398	-44.4063273	
170.6948915	-44.40629484	
170.6961117	-44.40608738	
170.6972895	-44.40577673	
170.6984702	-44.40547078	
170.6996914	-44.40526377	
170.7009373	-44.40515567	
170.7021897	-44.40509388	
170.7034442	-44.40505787	
170.7046995	-44.4050521	
170.7059546	-44.40507247	
170.7072094	-44.40510149	
170.7084648	-44.40511458	
170.7097186	-44.40507079	
170.7109587	-44.40493269	
170.7121756	-44.40471209	
170.7133806	-44.40445972	
170.7146066	-44.40426648	
170.7158566	-44.40432544	
170.7167456	-44.40493252	
170.7167156	-44.40582085	
170.7161011	-44.40660061	
170.7151979	-44.4072213	
170.7141144	-44.40767131	
170.7129273	-44.40796105	
170.7116982	-44.40814424	
170.7104596	-44.40829126	
170.7092217	-44.4084418	
170.7079845	-44.40859483	
170.7067488	-44.40875398	
170.705517	-44.40892812	
170.7042853	-44.40910272	
170.7030509	-44.4092674	
170.7018153	-44.40942715	
170.7005773	-44.40957675	
170.6993372	-44.40971714	
170.6981124	-44.40990759	
170.6969604	-44.41025547	
170.6959617	-44.41079737	
170.6950965	-44.41144946	
170.6942536	-44.4121164	
170.6933783	-44.41276159	
170.6924966	-44.41340228	
170.6916525	-44.4140679	
170.6909156	-44.41479342	
170.6904253	-44.41561475	
170.6903278	-44.41650474	
170.6906133	-44.41737745	
170.6911451	-44.41819124	
170.6918209	-44.4189488	
170.6926011	-44.41965341	
170.6934492	-44.42031707	
170.6943138	-44.4209697	
170.6951521	-44.42163962	
170.6959607	-44.42232824	
170.6967979	-44.42299806	
170.6977269	-44.42360225	
170.6987363	-44.42413736	
170.6997749	-44.42464339	
170.7008233	-44.4251384	
170.7019313	-44.42554916	
170.7031402	-44.42565585	
170.7042301	-44.42525649	
170.7049993	-44.42455017	
170.7056061	-44.42376228	
170.7062246	-44.42298029	
170.7070219	-44.42230087	
170.7081151	-44.42198163	
170.7091459	-44.42233899	
170.7095443	-44.42316159	
170.7094696	-44.42405728	
170.7092994	-44.42494855	
170.7092574	-44.42584506	
170.7093879	-44.42673937	
170.7095268	-44.42763212	
170.7094247	-44.4285194	
170.7089409	-44.42933634	
170.7081277	-44.43001357	
170.7071489	-44.4305766	
170.706137	-44.43110975	
170.7051179	-44.43163541	
170.7040711	-44.43213271	
170.7030406	-44.43264546	
170.7021064	-44.43324289	
170.701334	-44.43394731	
170.700759	-44.43474393	
170.7003412	-44.43559194	
170.6999934	-44.43645669	
170.6996506	-44.43732244	
170.6992427	-44.43817251	
170.6987145	-44.43898773	
170.698071	-44.43975947	
170.697312	-44.44047425	
170.6964533	-44.44113071	
170.6956146	-44.44179801	
170.6949092	-44.44254056	
170.6942765	-44.44331799	
170.6936083	-44.44407989	
170.6929436	-44.44484285	
170.6923813	-44.44564592	
170.6919469	-44.44648935	
170.6917605	-44.44736444	
170.6923593	-44.44784812	
170.6935346	-44.44760551	
170.6946366	-44.44717419	
170.6957654	-44.44677924	
170.6968954	-44.44638616	
170.6980161	-44.44597943	
170.6991562	-44.44560308	
170.7003405	-44.44530711	
170.7015529	-44.44507131	
170.7027631	-44.44483038	
170.7039561	-44.44454958	
170.7051368	-44.44424193	
170.7063272	-44.44395563	
170.7075398	-44.44372199	
170.7087711	-44.44354616	
170.7100156	-44.443426	
170.7112667	-44.44334563	
170.7125192	-44.44327547	
170.7137718	-44.44320681	
170.7150259	-44.44315574	
170.7162812	-44.44312165	
170.717537	-44.44309646	
170.7187931	-44.44308895	
170.7200464	-44.44313507	
170.7212677	-44.44331951	
170.7223319	-44.44376145	
170.7228997	-44.4445125	
170.7227712	-44.44537625	
170.7221042	-44.44611822	
170.7211263	-44.44666986	
170.720017	-44.44708933	
170.7188766	-44.4474669	
170.7177394	-44.44784932	
170.7166247	-44.44826389	
170.7155592	-44.44873893	
170.7145503	-44.44927437	
170.7135762	-44.44984265	
170.7126003	-44.45040942	
170.7116168	-44.45096948	
170.7106711	-44.45156095	
170.709861	-44.45224347	
170.7093087	-44.45304288	
170.7090433	-44.45391708	
170.7090025	-44.45481407	
170.7091527	-44.45570515	
170.7094961	-44.45656804	
170.7100219	-44.45738276	
170.7107481	-44.4581118	
170.7116771	-44.45870996	
170.7127695	-44.45914415	
170.7139453	-44.45945832	
170.7150791	-44.45983833	
170.7159346	-44.46046983	
170.7163678	-44.46130023	
170.7166892	-44.46217024	
170.7172479	-44.46296812	
170.7180393	-44.46366291	
170.7189287	-44.4642982	
170.7198853	-44.46488087	
170.7209026	-44.46540837	
170.721857	-44.46599124	
170.7224241	-44.4667727	
170.7223839	-44.4676529	
170.7219133	-44.46847999	
170.7211899	-44.46921213	
170.7203009	-44.46984566	
170.7192921	-44.47038013	
170.7181814	-44.47079772	
170.7169892	-44.47107639	
170.7157472	-44.47119983	
170.7144952	-44.47115542	
170.7132816	-44.4709318	
170.712141	-44.47055806	
170.7110093	-44.47016667	
170.7097838	-44.46999429	
170.708571	-44.47018961	
170.7074853	-44.47063578	
170.7064912	-44.47118545	
170.705474	-44.47171387	
170.7043252	-44.47207243	
170.703078	-44.47209683	
170.7020287	-44.47162346	
170.7015754	-44.47079071	
170.7015697	-44.46989128	
170.7018107	-44.46900806	
170.7023242	-44.46818688	
170.7031747	-44.46752501	
170.7042586	-44.46706973	
170.7053929	-44.46668313	
170.7063888	-44.4661371	
170.7070076	-44.46535746	
170.7071061	-44.4644643	
170.7066798	-44.46362021	
170.7059367	-44.46289451	
170.7051515	-44.46219282	
170.7045459	-44.46140676	
170.7042612	-44.46053145	
170.7041928	-44.45963387	
170.7038434	-44.45885131	
170.7027678	-44.4592766	
170.7021062	-44.4600392	
170.7016407	-44.46087395	
170.701305	-44.46174122	
170.7009158	-44.46259356	
170.7002497	-44.4633475	
170.6993029	-44.46393924	
170.6983731	-44.46454066	
170.6976095	-44.46525469	
170.6969401	-44.46601605	
170.6963575	-44.46681181	
170.6959578	-44.4676624	
170.6957859	-44.4685522	
170.6957905	-44.46945191	
170.6958565	-44.47035065	
170.695896	-44.47124996	
170.6958542	-44.47214881	
170.6956966	-44.47304133	
170.6954532	-44.47392406	
170.6951327	-44.47479358	
170.6946728	-44.4756286	
170.6939948	-44.47638169	
170.6931483	-44.47704531	
170.6925119	-44.47780417	
170.6922766	-44.47868815	
170.6919793	-44.47956176	
170.6918923	-44.4803694	
170.6928888	-44.48076187	
170.694139	-44.48067367	
170.6953831	-44.48054489	
170.6966261	-44.48041147	
170.6978624	-44.48024937	
170.6990911	-44.48005944	
170.7003154	-44.47985541	
170.7015324	-44.47963061	
170.7027351	-44.47936975	
170.7039224	-44.47907446	
170.7050985	-44.47875681	
170.706264	-44.47841979	
170.7074201	-44.47806658	
170.708573	-44.47770794	
170.7097246	-44.47734723	
170.7108738	-44.47698263	
170.7120321	-44.47663374	
170.7132193	-44.47634076	
170.714436	-44.47611647	
170.7156659	-44.47593085	
170.7168955	-44.4757442	
170.7181145	-44.47552575	
170.7193172	-44.47526509	
170.720512	-44.47498584	
170.7217291	-44.47487021	
170.7226759	-44.47531029	
170.7229809	-44.47615573	
170.7229458	-44.47705418	
170.7228262	-44.47794992	
170.7226584	-44.47884167	
170.7224693	-44.47973141	
170.7222974	-44.48062287	
170.722164	-44.48151762	
170.722084	-44.48241552	
170.7220577	-44.48331514	
170.7220746	-44.48421494	
170.7221185	-44.48511435	
170.7221556	-44.48601388	
170.7221576	-44.48691374	
170.7221382	-44.48781361	
170.722129	-44.48871353	
170.7221399	-44.48961345	
170.7221748	-44.49051303	
170.7222303	-44.49141212	
170.7222306	-44.4923112	
170.7220722	-44.49320125	
170.7217843	-44.4940769	
170.7214551	-44.49494546	
170.7210736	-44.49580246	
170.7205911	-44.49663236	
170.7199846	-44.49741896	
170.7192696	-44.49815823	
170.7185436	-44.4988927	
170.7179778	-44.49969042	
170.7176915	-44.50055983	
170.7176045	-44.5014566	
170.7175435	-44.50235538	
170.717415	-44.50325014	
170.7171887	-44.50413459	
170.7168095	-44.50498992	
170.7162377	-44.50578779	
170.7155349	-44.50653327	
170.7148391	-44.50728233	
170.7142971	-44.50809016	
170.7139718	-44.50895583	
170.7137799	-44.50984486	
170.713551	-44.51072889	
170.7131023	-44.5115627	
170.7123262	-44.51225489	
170.7112834	-44.51274189	
170.7101262	-44.51309112	
170.708966	-44.51343787	
170.7078568	-44.51385933	
170.7068113	-44.51435812	
170.7058338	-44.51492308	
170.704959	-44.51556705	
170.7043008	-44.5163259	
170.7040302	-44.51719072	
170.7041228	-44.51808213	
170.7043108	-44.51897199	
170.7044077	-44.51986823	
170.7044915	-44.52076609	
170.7047796	-44.52163701	
170.7053683	-44.52242455	
170.7061695	-44.52311485	
170.7070424	-44.52376275	
170.7078605	-44.52444524	
170.7085522	-44.52519488	
170.7091465	-44.52598755	
170.7097334	-44.52678355	
170.7103726	-44.52755835	
170.7110575	-44.52831311	
170.7117499	-44.5290645	
170.7124268	-44.52982309	
170.7130983	-44.53058417	
170.7137795	-44.53134077	
170.7144554	-44.53209986	
170.7150965	-44.53287406	
170.7156876	-44.5336683	
170.7162132	-44.53448556	
170.7166337	-44.53533279	
170.7168722	-44.53621376	
170.7167426	-44.53709811	
170.7159254	-44.53771981	
170.7147498	-44.53761256	
170.7137856	-44.53705018	
170.7129766	-44.5363622	
170.7122252	-44.53564043	
170.7114677	-44.53492188	
170.7106533	-44.53423607	
170.7097996	-44.53357502	
170.7089485	-44.53291223	
170.7080889	-44.53225505	
170.7071512	-44.53165562	
170.7060949	-44.53116895	
170.7049461	-44.53080439	
170.7037671	-44.53049046	
170.7026519	-44.53007574	
170.701693	-44.52949658	
170.7008362	-44.52883819	
170.6999999	-44.5281658	
170.6991624	-44.5274942	
170.6982806	-44.5268525	
170.6973032	-44.52628676	
170.6962697	-44.52577393	
170.6952292	-44.52526808	
170.694169	-44.52478367	
170.6930574	-44.52436295	
170.6918598	-44.52409208	
170.6906067	-44.52407721	
170.689396	-44.52431165	
170.6882767	-44.52471954	
170.6872431	-44.52523159	
170.6863771	-44.52588244	
170.6857691	-44.52666794	
170.6852997	-44.52750254	
170.6848098	-44.52833146	
170.6842338	-44.52913132	
170.6836176	-44.52991593	
170.6828993	-44.53065448	
170.6818742	-44.53116951	
170.6806437	-44.53133385	
170.6794017	-44.53120443	
170.6783233	-44.53074666	
170.6777375	-44.52995573	
170.6777155	-44.52905815	
170.676868	-44.52840048	
170.6756184	-44.52829712	
170.6743603	-44.5282915	
170.6731027	-44.52830907	
170.6718632	-44.52845681	
170.6707943	-44.52892409	
170.6703386	-44.52975966	
170.6704975	-44.53064829	
170.6712726	-44.53135332	
170.6723921	-44.53176321	
170.6735775	-44.53206059	
170.6745834	-44.53259422	
170.6751195	-44.53340658	
170.6752849	-44.53429713	
170.6750836	-44.53518546	
170.6748129	-44.53606431	
170.674482	-44.53693214	
170.6739647	-44.53775234	
170.6733364	-44.53853209	
170.6727332	-44.53932192	
170.6721239	-44.54010933	
170.6715392	-44.54090614	
170.6710247	-44.54172729	
170.6706226	-44.5425797	
170.6703934	-44.54346455	
170.6702198	-44.54435524	
170.6697934	-44.5451963	
170.6688031	-44.5457263	
170.6675673	-44.54577929	
170.6666233	-44.546347	
170.6661987	-44.54719287	
170.665945	-44.54807403	
170.665789	-44.54896666	
170.6657291	-44.54986556	
170.6657013	-44.55076531	
170.6656679	-44.55166494	
170.6656029	-44.55256339	
170.6654449	-44.55345603	
170.6652445	-44.55434365	
170.6652211	-44.55524028	
170.6654754	-44.55612048	
170.6658795	-44.55697278	
170.6662851	-44.55782435	
170.6665833	-44.55869772	
170.6667321	-44.55959093	
170.6667831	-44.56049006	
170.6667762	-44.56138969	
170.6666606	-44.5622845	
170.6663583	-44.56315664	
170.6658817	-44.56398893	
170.6652977	-44.56478599	
170.6646721	-44.56556687	
170.6641023	-44.5663684	
170.6636684	-44.56721223	
170.6633751	-44.56808692	
170.6631786	-44.5689758	
170.6630076	-44.5698674	
170.6628091	-44.57075608	
170.6625859	-44.57164178	
170.6623494	-44.57252571	
170.662093	-44.57340679	
170.6618116	-44.57428396	
170.6615102	-44.57515777	
170.6612029	-44.57603048	
170.6609214	-44.57690751	
170.6607068	-44.57779402	
170.6605724	-44.57868862	
170.6605153	-44.57958736	
170.660541	-44.58048695	
170.6606201	-44.58138512	
170.6606657	-44.58228413	
170.6606227	-44.58318342	
170.6605293	-44.58408091	
170.6604387	-44.58497853	
170.6603577	-44.58587663	
170.6602843	-44.58677503	
170.660244	-44.58767435	
170.6602718	-44.58857391	
170.6603523	-44.58947204	
170.6604088	-44.59037073	
170.6603657	-44.59126952	
170.6602054	-44.59216191	
170.6599809	-44.59304746	
170.6597598	-44.59393339	
170.6595743	-44.59482346	
170.6594285	-44.59571735	
170.6593011	-44.59661269	
170.6591635	-44.59750726	
170.6590216	-44.59840146	
170.6589069	-44.59929762	
170.6588232	-44.60019559	
170.6587288	-44.60109286	
170.658564	-44.60198456	
170.6582912	-44.60286276	
170.6579364	-44.60372626	
170.6575671	-44.60458664	
170.6572253	-44.60545279	
170.6569053	-44.60632324	
170.6565836	-44.60719334	
170.6562521	-44.60806159	
170.6559191	-44.60892952	
170.6555889	-44.60979802	
170.6552475	-44.61066426	
170.6548758	-44.61152412	
170.6544924	-44.61238134	
170.6541494	-44.61324713	
170.6538569	-44.6141225	
170.6535733	-44.61499934	
170.6532806	-44.61587468	
170.653003	-44.61675243	
170.6527811	-44.61763782	
170.6526842	-44.61853338	
170.6528171	-44.61942305	
170.653332	-44.62022612	
170.6543153	-44.62076312	
170.6555241	-44.62101194	
170.656764	-44.62117234	
170.6580021	-44.62133964	
170.6592356	-44.62152327	
170.6604553	-44.62174635	
170.6616067	-44.62209228	
170.6624487	-44.62271287	
170.662552	-44.62356666	
170.6619909	-44.62435996	
170.6611784	-44.62504712	
170.6602859	-44.62568069	
170.6592506	-44.62617273	
170.6580457	-44.62640064	
170.6567948	-44.62650341	
170.6557444	-44.62688515	
170.6554445	-44.62769457	
170.655643	-44.62858126	
170.6559784	-44.62944775	
170.6564353	-44.63028509	
170.6570319	-44.63107561	
170.6577695	-44.63180298	
170.6585967	-44.6324815	
170.6594761	-44.63312572	
170.6604	-44.63373747	
170.6613214	-44.63435123	
170.662201	-44.63499537	
170.6630551	-44.63565718	
170.6639365	-44.6362999	
170.6648841	-44.63689201	
170.6658529	-44.63746761	
170.6667595	-44.63809096	
170.6676115	-44.63875406	
170.6685117	-44.63938199	
170.6694863	-44.63995193	
170.6704827	-44.64050312	
170.6714792	-44.64105423	
170.6724871	-44.64159461	
170.6735642	-44.64205673	
170.6747666	-44.64224386	
170.6759374	-44.64199773	
170.6769219	-44.64144872	
170.6778475	-44.64083797	
170.6788017	-44.64025007	
170.6798226	-44.63972464	
170.6808963	-44.63925374	
170.6819741	-44.6387872	
170.683047	-44.63831484	
170.6841317	-44.63785667	
170.6852478	-44.63743943	
170.686416	-44.63710555	
170.6876415	-44.63691042	
170.6888934	-44.63680973	
170.6901509	-44.6367514	
170.6913687	-44.63691892	
170.6920081	-44.63758619	
170.6916339	-44.63838571	
170.6908182	-44.63906611	
170.6898229	-44.63961312	
170.6887014	-44.64001791	
170.6875271	-44.64034393	
170.6863753	-44.64070825	
170.6852559	-44.64112149	
170.6841372	-44.64153612	
170.6830511	-44.6419921	
170.6820524	-44.64253879	
170.6810865	-44.64311699	
170.6801371	-44.64370898	
170.6792424	-44.64434231	
170.6783585	-44.64498397	
170.6772898	-44.64544582	
170.6760769	-44.64566714	
170.6748295	-44.64579565	
170.6735849	-44.64593807	
170.6723817	-44.64619959	
170.6716453	-44.64688045	
170.6719596	-44.64769273	
170.6725652	-44.64848148	
170.6730709	-44.64930466	
170.6733531	-44.65017906	
170.6732068	-44.65106362	
170.6726774	-44.65187353	
170.6718816	-44.65256671	
170.6708054	-44.65301748	
170.6695707	-44.65314383	
170.6683121	-44.6531146	
170.6670608	-44.65300776	
170.66581	-44.65289468	
170.6645547	-44.65281214	
170.6633384	-44.65258562	
170.6623926	-44.65201225	
170.661625	-44.65130025	
170.660834	-44.65059969	
170.6599886	-44.64993233	
170.6591218	-44.64927888	
170.6582756	-44.64861188	
170.6574095	-44.64795799	
170.6564279	-44.64739558	
170.6555432	-44.64675665	
170.6549538	-44.64596697	
170.6541773	-44.64526255	
170.6529897	-44.64502514	
170.6518624	-44.64540168	
170.6508784	-44.64596308	
170.6496411	-44.64603899	
170.6485398	-44.64560157	
170.6474901	-44.64510355	
170.6463879	-44.64466698	
170.6452564	-44.64427022	
170.6441134	-44.64389078	
170.6429482	-44.64354911	
170.6417247	-44.64334959	
170.640518	-44.64350708	
170.6398934	-44.6442433	
170.6400113	-44.64513496	
170.6403811	-44.64599418	
170.6409237	-44.64680044	
170.6417302	-44.6474872	
170.6426756	-44.64808245	
170.6435654	-44.64871727	
170.6443292	-44.64943232	
170.6450354	-44.65017762	
170.6457986	-44.65089318	
170.6466358	-44.65156572	
170.6475181	-44.65220841	
170.6484327	-44.65282768	
170.6493818	-44.6534197	
170.6503583	-44.65398885	
170.651295	-44.65459	
170.6521725	-44.65523619	
170.6530775	-44.65586208	
170.6540383	-44.65644465	
170.6549959	-44.65702808	
170.6555536	-44.65773151	
170.654817	-44.6582462	
170.6535582	-44.65826148	
170.6523021	-44.65819089	
170.6510749	-44.65800442	
170.6499226	-44.65764952	
170.6488658	-44.65716203	
170.6478693	-44.6566108	
170.6469426	-44.65600426	
170.6460815	-44.65534694	
170.6451843	-44.65471541	
170.644255	-44.65410721	
170.643379	-44.6534624	
170.6425689	-44.65277278	
170.6417876	-44.65206697	
170.6410457	-44.65133938	
170.6403109	-44.65060808	
170.6395523	-44.64988969	
170.6385955	-44.64934927	
170.6374784	-44.64939825	
170.636519	-44.64997081	
170.6357351	-44.65067283	
170.635082	-44.65144093	
170.6345346	-44.6522509	
170.6341361	-44.65310078	
170.6339361	-44.65398706	
170.633942	-44.65488298	
170.6341483	-44.65576897	
170.6344659	-44.65663962	
170.6348722	-44.65749035	
170.6353517	-44.65832264	
170.6357105	-44.65917924	
170.6358073	-44.66007225	
170.6353998	-44.66087075	
170.6343506	-44.66098472	
170.6332709	-44.66054629	
170.6323169	-44.65995928	
170.6313363	-44.65939565	
170.6302141	-44.65900511	
170.6290254	-44.6590919	
170.6281323	-44.65968891	
170.6270903	-44.66016621	
170.6258955	-44.66002262	
170.624801	-44.65958289	
170.6237369	-44.65910014	
170.6226816	-44.6586076	
170.6216278	-44.65811337	
170.6205957	-44.65759655	
170.6195833	-44.65706019	
170.6184712	-44.65663965	
170.6172508	-44.65642657	
170.6160174	-44.65656875	
170.6158519	-44.65737859	
170.6165804	-44.65811253	
170.6173949	-44.65879944	
170.6182417	-44.65946601	
170.6191393	-44.66009753	
170.6200857	-44.66069142	
170.6208791	-44.66137358	
170.6210521	-44.66222589	
170.62034	-44.66296102	
170.6194082	-44.6635664	
170.6185665	-44.66423527	
170.6178166	-44.66495876	
170.6170543	-44.66567531	
170.6162849	-44.66638387	
170.6156361	-44.66714424	
170.6146315	-44.66765356	
170.6134015	-44.66784372	
170.6123685	-44.66825563	
170.6123168	-44.66903024	
170.6133131	-44.66957969	
170.6144191	-44.66999632	
170.6156376	-44.67022739	
170.61687	-44.67041823	
170.6180418	-44.67069338	
170.6188993	-44.67132194	
170.6193496	-44.6721592	
170.6196695	-44.67302931	
170.6198985	-44.6739001	
170.6196154	-44.67475533	
170.6189261	-44.67550787	
170.6180953	-44.6761769	
170.6170293	-44.6766218	
170.6158232	-44.67688021	
170.6147717	-44.6773335	
170.6139829	-44.67803325	
170.6131581	-44.67869855	
170.6120933	-44.6791709	
170.6109406	-44.67953632	
170.6097912	-44.67990663	
170.6086252	-44.6802438	
170.6074041	-44.68046191	
170.6061724	-44.68065094	
170.6049642	-44.68090873	
170.6037431	-44.68111529	
170.602532	-44.68101678	
170.601623	-44.68045569	
170.6011734	-44.67962844	
170.6010152	-44.67873832	
170.6009659	-44.67783913	
170.6008891	-44.67694131	
170.6007589	-44.67604623	
170.6005559	-44.67515897	
170.6002342	-44.67428996	
170.5998336	-44.67343674	
170.5993285	-44.67261451	
170.5984258	-44.67207679	
170.5973441	-44.67237014	
170.5964957	-44.67302646	
170.5956376	-44.67368512	
170.5947064	-44.67429138	
170.5937738	-44.67489725	
170.5927143	-44.67537835	
170.5914999	-44.67558659	
170.5902445	-44.67566731	
170.5890237	-44.6758818	
170.5879482	-44.67633979	
170.5870961	-44.67699706	
170.5862262	-44.67764833	
170.5852341	-44.6782018	
170.5844827	-44.67891708	
170.5846618	-44.67978179	
170.5853324	-44.68054178	
170.5858549	-44.68136053	
170.5853606	-44.68217597	
170.5844576	-44.68280398	
170.5834731	-44.68336473	
170.5823528	-44.68377811	
170.5811953	-44.68413057	
170.5799486	-44.68425912	
170.5786893	-44.68422056	
170.5774477	-44.68406176	
170.5762103	-44.68389979	
170.5749615	-44.68398073	
170.5738153	-44.68435642	
170.5726873	-44.68475905	
170.5715772	-44.68518637	
170.5704355	-44.68556514	
170.5692116	-44.68577547	
170.5679518	-44.68582021	
170.566694	-44.6858042	
170.5654651	-44.68560118	
170.5642444	-44.68537471	
170.5630062	-44.68521252	
170.5617546	-44.68524511	
170.5605794	-44.68557033	
170.559452	-44.68597417	
170.5583282	-44.68638302	
170.557215	-44.68680611	
170.5561362	-44.68727134	
170.5551213	-44.68780563	
170.5540605	-44.68828941	
170.5529267	-44.68867582	
170.5518731	-44.68916451	
170.5507425	-44.68956313	
170.5496276	-44.68998418	
170.5484355	-44.69027079	
170.5471942	-44.69039374	
170.5459652	-44.69047864	
170.5448207	-44.6908572	
170.54365	-44.69119141	
170.5425032	-44.69156625	
170.5413181	-44.69186683	
170.5400611	-44.69194353	
170.5388015	-44.69199416	
170.5376261	-44.69230353	
170.5365948	-44.69282196	
170.535733	-44.69347781	
170.5346836	-44.6939524	
170.5335556	-44.69435534	
170.5324365	-44.69477088	
170.5312756	-44.69512147	
170.5301506	-44.69551771	
170.5288975	-44.69562312	
170.5276488	-44.69575181	
170.5264142	-44.69593349	
170.5251842	-44.69613374	
170.5239574	-44.69634356	
170.522728	-44.69654564	
170.5215503	-44.69684099	
170.5204196	-44.6972401	
170.5196825	-44.69789127	
170.5202617	-44.69869042	
170.5208738	-44.69947672	
170.521383	-44.70028583	
170.521179	-44.70108413	
170.520115	-44.70154803	
170.5190833	-44.70206419	
170.5182019	-44.70270115	
170.5173488	-44.70336375	
170.5164699	-44.70400953	
170.5157115	-44.70472046	
170.5150766	-44.70549821	
170.5144087	-44.70626159	
170.5137311	-44.70702082	
170.5130874	-44.70779462	
170.5124724	-44.70858025	
170.5119048	-44.70938403	
170.511348	-44.71019165	
170.5107517	-44.71098304	
170.5103231	-44.71181583	
170.5095369	-44.71236424	
170.5082924	-44.71227334	
170.50705	-44.71211835	
170.5058259	-44.71190233	
170.504625	-44.71162562	
170.5034782	-44.71125234	
170.5029983	-44.71108777	
170.5025286	-44.71094574	
