170.65855	-43.64205299	
170.6500894	-43.64471861	
170.643018	-43.64976157	
170.6423636	-43.64925866	
170.6391014	-43.63959827	
170.6364232	-43.63915149	
170.6347113	-43.64156343	
170.6340263	-43.64052557	
170.6292351	-43.62336852	
170.6213173	-43.6151279	
170.6176688	-43.60558307	
170.6145557	-43.57279424	
170.6125821	-43.57184795	
170.6062497	-43.55765122	
170.60765	-43.55371182	
170.6061831	-43.54860107	
170.6116691	-43.54022124	
170.6148301	-43.53127521	
170.6191831	-43.52447498	
170.6212717	-43.5233024	
170.6193212	-43.52096483	
170.6207206	-43.51842674	
170.6186649	-43.50933114	
170.6135467	-43.5026037	
170.6167373	-43.49699533	
170.6225391	-43.49576496	
170.6228624	-43.49225857	
170.6184547	-43.49108584	
170.6091088	-43.4927824	
170.6054399	-43.50108299	
170.6131316	-43.51313414	
170.6134485	-43.51922101	
170.611312	-43.5216085	
170.6109879	-43.52511476	
170.6080876	-43.5280267	
170.6078848	-43.5331569	
170.6048625	-43.53444482	
170.6051267	-43.53715269	
170.6027769	-43.54021115	
170.6034229	-43.5426568	
170.5990742	-43.54459235	
170.5983191	-43.54957583	
170.5936576	-43.55001832	
170.5869484	-43.54516398	
170.585465	-43.54308152	
170.585463	-43.5392071	
170.5812375	-43.5391178	
170.5795905	-43.54113409	
170.5744715	-43.5398861	
170.5722485	-43.54063659	
170.5707074	-43.54390849	
170.5666426	-43.54370812	
170.5662838	-43.54484001	
170.5689638	-43.54831561	
170.5752886	-43.54685455	
170.5886359	-43.54998557	
170.5924676	-43.55211742	
170.5936133	-43.55514826	
170.5981449	-43.55761585	
170.5997239	-43.56025092	
170.6006306	-43.56922363	
170.5985414	-43.57275643	
170.6012606	-43.5753204	
170.5979296	-43.5802644	
170.6016521	-43.58125409	
170.6062366	-43.58818714	
170.607537	-43.59493745	
170.606259	-43.60345704	
170.6093915	-43.60751073	
170.6080649	-43.61329449	
170.6125995	-43.61760525	
170.6133008	-43.62764745	
170.6178903	-43.63457995	
170.615176	-43.63577693	
170.624062	-43.64120322	
170.6249044	-43.651704	
170.619376	-43.65261484	
170.6163823	-43.66087092	
170.6114659	-43.66612421	
170.60488	-43.66199854	
170.600421	-43.66361452	
170.6010799	-43.65097986	
170.5978914	-43.6482922	
170.5939263	-43.64934851	
170.5889838	-43.65915833	
170.5867565	-43.6599091	
170.5841453	-43.65848668	
170.5827526	-43.65914102	
170.5807728	-43.66548864	
170.572174	-43.67961871	
170.5597626	-43.68776965	
170.5520979	-43.68415188	
170.5494298	-43.68072908	
170.5429391	-43.67828721	
170.529982	-43.67880588	
170.5270114	-43.67387022	
170.5246986	-43.67373172	
170.5226422	-43.67032144	
170.516323	-43.66673022	
170.515579	-43.66405684	
170.5092791	-43.66002275	
170.5066903	-43.65181749	
170.5025263	-43.64632366	
170.5032564	-43.64341659	
170.5015779	-43.63682538	
170.5062044	-43.61929969	
170.506313	-43.60486422	
170.5109536	-43.60168795	
170.5043953	-43.59817923	
170.4999416	-43.58506129	
170.5040245	-43.56291779	
170.5011021	-43.55700793	
170.5026234	-43.55261234	
170.5043268	-43.55264953	
170.505188	-43.55833721	
170.5072529	-43.55847082	
170.5111716	-43.54907853	
170.5032056	-43.54146443	
170.5019736	-43.5388688	
170.5021444	-43.53178641	
170.5083045	-43.52897386	
170.5121696	-43.52476001	
170.5115581	-43.52367218	
170.5084486	-43.52348504	
170.508219	-43.52109223	
170.5070627	-43.52327573	
170.504872	-43.52269067	
170.5001413	-43.52401997	
170.5003095	-43.52193431	
170.4983001	-43.52093522	
170.4996854	-43.51123519	
170.5044458	-43.49922111	
170.5064136	-43.49723443	
170.5169656	-43.49985209	
170.5188731	-43.50132621	
170.5271707	-43.49893923	
170.529656	-43.5023359	
170.5321909	-43.50251007	
170.5358311	-43.49769367	
170.5426497	-43.49727344	
170.5466439	-43.49476826	
170.5488301	-43.49570585	
170.5507029	-43.49339791	
170.5564742	-43.49093048	
170.564255	-43.49101566	
170.580083	-43.48730356	
170.5850348	-43.48303603	
170.5846259	-43.48213673	
170.5805978	-43.48076109	
170.5806816	-43.4786652	
170.5783461	-43.47775198	
170.5760713	-43.47955461	
170.5762371	-43.48387684	
170.5717066	-43.48698882	
170.5705115	-43.48721019	
170.5699432	-43.48448349	
170.5722233	-43.4825577	
170.5671097	-43.48331265	
170.5648288	-43.481043	
170.5620903	-43.48172495	
170.5610798	-43.48577532	
170.5491876	-43.48870222	
170.5490947	-43.49099469	
170.5446915	-43.49178833	
170.5429149	-43.48797536	
170.536324	-43.49257038	
170.5262435	-43.49546119	
170.5100725	-43.49562798	
170.5050145	-43.49255699	
170.5069798	-43.48926919	
170.5063938	-43.48622175	
170.49677	-43.48749804	
170.4940309	-43.48107186	
170.4949134	-43.46965211	
170.4880292	-43.46771041	
170.4910519	-43.47056204	
170.4913459	-43.47335367	
170.4869062	-43.48817666	
170.4865307	-43.50050274	
170.4854138	-43.50107498	
170.4783115	-43.49445283	
170.4730764	-43.48568315	
170.4693624	-43.48629721	
170.4687666	-43.48747766	
170.4635314	-43.48527261	
170.4614062	-43.48383279	
170.4587574	-43.47860136	
170.4552512	-43.47752857	
170.457663	-43.48514212	
170.469688	-43.49157639	
170.4763919	-43.49789192	
170.478493	-43.50321024	
170.482812	-43.50778163	
170.4795973	-43.50950122	
170.4795103	-43.51158817	
170.4762048	-43.50892897	
170.4670398	-43.49609336	
170.4614653	-43.49218969	
170.4580656	-43.49181566	
170.4444083	-43.48524414	
170.4324282	-43.48427909	
170.4630522	-43.49670116	
170.4699459	-43.50501066	
170.469465	-43.50997352	
170.4723108	-43.5138164	
170.4676552	-43.51729424	
170.4642771	-43.52288914	
170.4603616	-43.52499053	
170.4657909	-43.52590683	
170.4711081	-43.52950609	
170.4722827	-43.53410771	
170.4712684	-43.53547786	
170.4621576	-43.53756373	
170.4483659	-43.53715717	
170.447412	-43.54031895	
170.4501063	-43.54127433	
170.4523463	-43.54003116	
170.4559634	-43.54180274	
170.4734986	-43.54099804	
170.4760401	-43.5423473	
170.4772395	-43.55620011	
170.4738009	-43.56975159	
170.4676667	-43.57250055	
170.4589446	-43.57171026	
170.4558947	-43.56617155	
170.4516138	-43.56388786	
170.4473352	-43.55832151	
170.4396141	-43.55655731	
170.4365685	-43.55420121	
170.4305694	-43.5537681	
170.4299384	-43.55574335	
170.4306905	-43.55735181	
170.4353109	-43.55805239	
170.4416887	-43.56247256	
170.4428238	-43.56796887	
170.44767	-43.56658508	
170.4496821	-43.56752522	
170.4518503	-43.57125398	
170.4552126	-43.57262197	
170.4515039	-43.57621981	
170.4700596	-43.57742755	
170.4716499	-43.57865636	
170.4727127	-43.58922368	
170.4693732	-43.59054244	
170.4666005	-43.59465882	
170.4614163	-43.59752801	
170.4508737	-43.60087453	
170.431736	-43.59388139	
170.4301236	-43.58996578	
170.4265044	-43.58819339	
170.4188063	-43.58901463	
170.4177855	-43.59048367	
170.4189158	-43.59280058	
170.4225671	-43.59423212	
170.4128026	-43.59684503	
170.4175783	-43.59803231	
170.4268856	-43.59743253	
170.4281726	-43.59925583	
170.4401457	-43.60336283	
170.4488524	-43.6035573	
170.45062	-43.60234921	
170.4567959	-43.60306242	
170.4637403	-43.60120139	
170.4682891	-43.60293346	
170.4726816	-43.60840433	
170.4745206	-43.60863685	
170.4721632	-43.62393841	
170.4684988	-43.62942312	
170.4691606	-43.63884184	
170.4672997	-43.64225526	
170.4676515	-43.6433186	
170.4701677	-43.6431823	
170.4715596	-43.64465244	
170.4741106	-43.65315321	
170.4719137	-43.65511989	
170.4765949	-43.6569504	
170.4820805	-43.66167717	
170.4824207	-43.66619474	
170.4773539	-43.67040147	
170.4774379	-43.67155483	
170.4815922	-43.67020683	
170.4868351	-43.67128155	
170.4884642	-43.67342837	
170.487512	-43.67724586	
170.4950257	-43.68096083	
170.4967278	-43.6845485	
170.4968661	-43.69395548	
170.4916898	-43.69758473	
170.492707	-43.69856656	
170.5008716	-43.69941653	
170.5042411	-43.70428776	
170.5038459	-43.70744573	
170.5078714	-43.70926051	
170.5133053	-43.71542373	
170.5172232	-43.72308915	
170.5141056	-43.7281073	
170.5125361	-43.73728508	
170.5104087	-43.7375268	
170.5094198	-43.73904063	
170.510647	-43.74137022	
170.509723	-43.74451672	
170.5027672	-43.74628467	
170.5112244	-43.74982689	
170.5134348	-43.75400093	
170.5164294	-43.75521725	
170.5171538	-43.76012668	
170.5131303	-43.76138295	
170.5154203	-43.76363953	
170.5157105	-43.76623662	
170.5101734	-43.77206592	
170.5110101	-43.7774576	
170.508572	-43.78517715	
170.5095157	-43.78798035	
170.5085512	-43.79208553	
170.5112868	-43.79320037	
170.508918	-43.79602768	
170.5117347	-43.79839169	
170.5032688	-43.79974518	
170.4935109	-43.81258995	
170.4848021	-43.81528432	
170.482636	-43.81841743	
170.4806032	-43.8188337	
170.4751817	-43.82416796	
170.4651058	-43.82663428	
170.4622634	-43.82611067	
170.4594891	-43.82397554	
170.4600897	-43.81477191	
170.4571559	-43.81140425	
170.4578218	-43.80819307	
170.4635751	-43.80125835	
170.4675607	-43.80379155	
170.4735549	-43.79747712	
170.4760578	-43.79145617	
170.4753216	-43.78217777	
170.4763187	-43.78034725	
170.4780031	-43.77919871	
170.4832109	-43.78183234	
170.4892351	-43.77470272	
170.4956001	-43.77410081	
170.5020356	-43.77179583	
170.5012674	-43.77059356	
170.4954875	-43.76943022	
170.4887298	-43.76965304	
170.487761	-43.7708174	
170.4851266	-43.77024102	
170.4812167	-43.76593171	
170.4800962	-43.76094257	
170.4777904	-43.75985454	
170.4759734	-43.76174113	
170.4770007	-43.76650598	
170.4753322	-43.76728436	
170.4718777	-43.76676372	
170.4708092	-43.77029687	
170.4719201	-43.77306297	
170.4713751	-43.77386604	
170.4684218	-43.77357863	
170.4661692	-43.76878665	
170.4665914	-43.76360911	
170.4614296	-43.75993832	
170.4607599	-43.75399564	
170.4565235	-43.74538048	
170.4529663	-43.74248581	
170.4514258	-43.73541223	
170.4523805	-43.72491145	
170.455926	-43.71595015	
170.4543149	-43.7153957	
170.452955	-43.70647367	
170.4498949	-43.70396038	
170.4444411	-43.70250514	
170.4384508	-43.69925927	
170.4352784	-43.69941062	
170.4335935	-43.70300376	
170.4390188	-43.70512578	
170.4424302	-43.70416456	
170.4441398	-43.70479548	
170.4474445	-43.7063511	
170.4489176	-43.71016292	
170.4480416	-43.7115513	
170.4452517	-43.71230425	
170.4422873	-43.70994109	
170.4383388	-43.70911193	
170.4370167	-43.71137945	
170.4387719	-43.71334525	
170.4364776	-43.71685072	
170.438679	-43.71793731	
170.4489826	-43.71586997	
170.4491166	-43.71994838	
170.4419435	-43.7300883	
170.4436963	-43.73212805	
170.4428749	-43.7346291	
170.4449247	-43.73689775	
170.4429252	-43.73826106	
170.444196	-43.73962316	
170.4429284	-43.74300345	
170.447131	-43.74754298	
170.445996	-43.74964712	
170.4486359	-43.749898	
170.4534938	-43.76038128	
170.4525019	-43.76189634	
170.4397995	-43.75825121	
170.4370386	-43.76395366	
170.4393489	-43.76573448	
170.4462843	-43.76473623	
170.4525044	-43.76497057	
170.4533828	-43.76614288	
170.4561451	-43.77292889	
170.455345	-43.77617745	
170.4569887	-43.7812094	
170.4551274	-43.78760468	
170.4567389	-43.79340445	
170.4552085	-43.79509974	
170.4533697	-43.7946747	
170.4459432	-43.78528719	
170.4496315	-43.77960513	
170.4485484	-43.77074281	
170.4457038	-43.76904637	
170.4386968	-43.76860197	
170.4398906	-43.77170279	
170.4432181	-43.77139271	
170.444396	-43.7748774	
170.4445428	-43.77766664	
170.4387083	-43.78080289	
170.4375932	-43.78519713	
170.4432612	-43.79224043	
170.4450246	-43.79756343	
170.444503	-43.80360408	
170.4428598	-43.80481637	
170.4390984	-43.80281117	
170.4355318	-43.79312475	
170.4323054	-43.79103519	
170.4325514	-43.79459522	
170.4302431	-43.79896271	
170.4351631	-43.80800705	
170.4426151	-43.81057497	
170.4469324	-43.81351687	
170.4450817	-43.82354438	
170.448457	-43.82447521	
170.4490285	-43.82648476	
170.4441936	-43.82590183	
170.4428128	-43.82748759	
170.4452598	-43.83172593	
170.4478884	-43.83168928	
170.4475655	-43.83310842	
170.4425847	-43.83594537	
170.4367242	-43.82858801	
170.4256883	-43.82558359	
170.4214437	-43.82349149	
170.4181709	-43.82018492	
170.4132822	-43.81170702	
170.4074051	-43.80605979	
170.4080098	-43.80108001	
170.4065315	-43.7991623	
170.4088541	-43.79657671	
170.4058975	-43.78972636	
170.4103489	-43.78645858	
170.408846	-43.78177611	
170.4128922	-43.77859891	
170.4143748	-43.77441959	
170.4141897	-43.77172799	
170.4102807	-43.76706391	
170.4095387	-43.76334285	
170.4083761	-43.74377815	
170.413183	-43.74148977	
170.4158739	-43.73247126	
170.4214111	-43.72947268	
170.4217765	-43.72795559	
170.4162943	-43.72499948	
170.4197049	-43.72253412	
170.4148068	-43.72026296	
170.4173565	-43.71683497	
170.4151377	-43.71534721	
170.4165079	-43.71280758	
170.4110284	-43.71033126	
170.412556	-43.70692386	
170.4102139	-43.70552035	
170.4121259	-43.70294945	
170.4120279	-43.70044607	
170.4077857	-43.69437564	
170.4010665	-43.689089	
170.3988939	-43.68875962	
170.3961146	-43.6905635	
170.3934384	-43.68801847	
170.3893288	-43.67958127	
170.3893322	-43.67594155	
170.3879692	-43.67535048	
170.3908529	-43.66220097	
170.3972063	-43.65004943	
170.4043682	-43.64186747	
170.4210446	-43.63163428	
170.4218943	-43.62574547	
170.4175138	-43.62191079	
170.4166382	-43.61163897	
170.4132928	-43.60600293	
170.4120276	-43.60762508	
170.4074664	-43.6080431	
170.407209	-43.61125191	
170.4140537	-43.62730622	
170.4138453	-43.6321669	
170.4034156	-43.63827317	
170.3946249	-43.63685698	
170.3900711	-43.62875996	
170.385274	-43.62630455	
170.3870528	-43.62113223	
170.3861572	-43.61972164	
170.3790775	-43.62303491	
170.3777243	-43.62665298	
170.3551829	-43.62795843	
170.3488647	-43.62477118	
170.3484922	-43.62780348	
170.3452913	-43.63259472	
170.3463017	-43.6340952	
170.3520944	-43.63292621	
170.3629621	-43.63604448	
170.3727812	-43.63305577	
170.3816912	-43.6316962	
170.3847668	-43.63524189	
170.3880751	-43.63618631	
170.3892122	-43.64307601	
170.3913815	-43.64547133	
170.388652	-43.65600875	
170.3813071	-43.66205728	
170.382761	-43.66882609	
170.381456	-43.67312061	
170.3761882	-43.666966	
170.371446	-43.66578637	
170.3711499	-43.66693959	
170.3767761	-43.67322578	
170.3779602	-43.67708993	
170.383972	-43.68302762	
170.3806352	-43.68625292	
170.3817953	-43.69350731	
170.3923131	-43.69767359	
170.3918944	-43.69882406	
170.3938447	-43.69922539	
170.3938713	-43.70145674	
170.3988086	-43.70674433	
170.3962238	-43.71248553	
170.3885772	-43.7157914	
170.3885347	-43.71677196	
170.398393	-43.71922705	
170.3949206	-43.72271733	
170.397029	-43.72438036	
170.3937576	-43.7263398	
170.3957393	-43.72767912	
170.3950546	-43.72877291	
170.3981582	-43.73660892	
170.3875987	-43.73609132	
170.3963186	-43.74377795	
170.3973574	-43.74629759	
170.3971143	-43.74897301	
170.3922528	-43.75228302	
170.3950912	-43.75447383	
170.3921008	-43.75579253	
170.3902091	-43.75824553	
170.3935414	-43.7608174	
170.390893	-43.76306831	
170.3925405	-43.76920725	
170.3952802	-43.77074866	
170.3954632	-43.77241685	
170.3915278	-43.77491589	
170.3951197	-43.78035942	
170.3950238	-43.78257595	
170.3913221	-43.78850082	
170.3871625	-43.79025507	
170.3854794	-43.79668798	
170.3813784	-43.80001495	
170.3847046	-43.80277176	
170.3761601	-43.80553495	
170.3762313	-43.80683083	
170.3782233	-43.80798572	
170.3859941	-43.80834791	
170.3903773	-43.81029659	
170.3942778	-43.81750354	
170.3872991	-43.81651287	
170.3861945	-43.81842908	
170.3911441	-43.82205463	
170.3907729	-43.82472712	
170.3937027	-43.82488613	
170.3934431	-43.82793094	
170.3983186	-43.82739442	
170.3982385	-43.83219977	
170.4067025	-43.83433258	
170.4080741	-43.8351031	
170.4083256	-43.83815946	
170.4102116	-43.83884912	
170.40701	-43.84201246	
170.4030027	-43.8431237	
170.397684	-43.83616235	
170.3942712	-43.83534538	
170.3926522	-43.83734242	
170.3874051	-43.83759292	
170.3861694	-43.83664034	
170.3866805	-43.83369371	
170.384576	-43.83216665	
170.3818688	-43.83275206	
170.3792839	-43.83639092	
170.374754	-43.83776656	
170.3726894	-43.84409812	
170.369757	-43.84689681	
170.3731015	-43.84928454	
170.3730329	-43.85085455	
170.3717124	-43.85184124	
170.3678758	-43.85193826	
170.3626436	-43.85764234	
170.3516589	-43.87356791	
170.3553713	-43.88139834	
170.3505082	-43.88177544	
170.3471867	-43.87786709	
170.3461461	-43.87335914	
170.3484313	-43.86754208	
170.3643778	-43.84051668	
170.3717227	-43.83481527	
170.367983	-43.83277298	
170.3683129	-43.82780752	
170.3666326	-43.82760593	
170.3654682	-43.82333989	
170.3671871	-43.81750953	
170.3622418	-43.81731443	
170.3614082	-43.813219	
170.3573006	-43.81190158	
170.354502	-43.80898369	
170.3574017	-43.79934897	
170.3561454	-43.79720035	
170.3521981	-43.79482656	
170.354378	-43.78876239	
170.3475574	-43.7845203	
170.3456984	-43.7794769	
170.34639	-43.77407945	
170.3410555	-43.77233612	
170.3398305	-43.77077321	
170.3393023	-43.76675424	
170.3412614	-43.76500946	
170.3411882	-43.76134204	
170.3368846	-43.75493366	
170.3360194	-43.75056583	
170.3339313	-43.74992051	
170.331011	-43.74639018	
170.3326169	-43.74493742	
170.3386889	-43.7470655	
170.3414431	-43.74675689	
170.3417402	-43.74390766	
170.3390683	-43.74235548	
170.3325832	-43.74183213	
170.3314899	-43.73944725	
170.332179	-43.73548954	
170.326412	-43.73423746	
170.3295237	-43.72971538	
170.3364264	-43.72851013	
170.3409779	-43.72625647	
170.3497471	-43.72931584	
170.3517071	-43.73147221	
170.3550849	-43.73254368	
170.3603826	-43.73279005	
170.3622046	-43.73419798	
170.3655147	-43.73290819	
170.3707909	-43.73365029	
170.371158	-43.73701152	
170.3752045	-43.73847024	
170.3824334	-43.7376422	
170.3858024	-43.73498722	
170.3829856	-43.7328119	
170.3789177	-43.73184967	
170.3771277	-43.72969768	
170.3767927	-43.72559215	
170.3738652	-43.72204809	
170.3728355	-43.71817497	
170.3700666	-43.71885649	
170.3661033	-43.72336001	
170.3626173	-43.72476993	
170.3470302	-43.72490667	
170.3458712	-43.72401056	
170.345169	-43.72051726	
170.3508166	-43.71667431	
170.3519878	-43.70949902	
170.3549656	-43.70795352	
170.3533864	-43.70493673	
170.3484659	-43.70395362	
170.345781	-43.70662336	
170.3408754	-43.71694062	
170.339923	-43.7230033	
170.334532	-43.72101526	
170.3282093	-43.72074374	
170.3219971	-43.72569004	
170.3160488	-43.72853113	
170.3155132	-43.73286492	
170.3167989	-43.73475776	
170.3206894	-43.73584227	
170.3196007	-43.73841485	
170.3265712	-43.74062791	
170.3246035	-43.74673251	
170.3192452	-43.74640224	
170.3126474	-43.74850288	
170.307667	-43.74770148	
170.3040433	-43.74875712	
170.3066473	-43.75130752	
170.305636	-43.75792145	
170.3067701	-43.75815554	
170.306954	-43.76044157	
170.3099928	-43.75968323	
170.3149503	-43.75119125	
170.3183067	-43.74971415	
170.3261255	-43.75083031	
170.3283068	-43.7564817	
170.3257988	-43.75818632	
170.3205425	-43.75733755	
170.3167847	-43.75818304	
170.3146589	-43.76093352	
170.3166046	-43.76222366	
170.3281509	-43.76321941	
170.3299638	-43.76751389	
170.3343228	-43.77248985	
170.3339221	-43.77507335	
170.3368246	-43.78063758	
170.3354781	-43.78195456	
170.3301318	-43.78126236	
170.3308858	-43.77803423	
170.3277659	-43.7772239	
170.3261024	-43.77342305	
170.327001	-43.7715261	
170.3245275	-43.76763257	
170.3183088	-43.76785607	
170.3171115	-43.76959843	
170.3184858	-43.77073709	
170.3175376	-43.77373931	
170.3223039	-43.77643256	
170.3217725	-43.77922325	
170.3232161	-43.78110111	
170.3191904	-43.78495679	
170.3213755	-43.78550813	
170.3240544	-43.78426998	
170.3309653	-43.7841309	
170.3368177	-43.78606794	
170.3354875	-43.7880381	
170.3302982	-43.78671676	
170.3288166	-43.78898349	
170.3293689	-43.79209802	
170.3261422	-43.79322348	
170.3235299	-43.79916577	
170.3280036	-43.80107103	
170.3307767	-43.80083544	
170.3342834	-43.79651466	
170.3327739	-43.7931778	
170.3344428	-43.79291644	
170.3371094	-43.79507951	
170.3401317	-43.7954498	
170.3404705	-43.79715856	
170.3378939	-43.7991999	
170.3378506	-43.80330105	
170.3406293	-43.80606691	
170.3379055	-43.80830495	
170.3361291	-43.8078635	
170.3320116	-43.81036918	
170.3276174	-43.80976664	
170.3221859	-43.81074056	
170.3094771	-43.80143835	
170.3093039	-43.79913305	
170.3189408	-43.79675734	
170.3204631	-43.79359119	
170.3201338	-43.79168247	
170.3178418	-43.79042823	
170.306407	-43.79596336	
170.302807	-43.79307721	
170.3029684	-43.78947903	
170.3018433	-43.78685113	
170.2999522	-43.78590611	
170.2994733	-43.78266767	
170.303944	-43.77080725	
170.3071876	-43.76726368	
170.3048025	-43.76475891	
170.3005518	-43.76455239	
170.2962008	-43.76657914	
170.2951195	-43.77102519	
170.2886796	-43.77374761	
170.2913245	-43.77700413	
170.2879355	-43.78373783	
170.2903063	-43.78656202	
170.2926694	-43.78629845	
170.2946719	-43.78751684	
170.296402	-43.79479732	
170.3021628	-43.80398252	
170.3160264	-43.81612527	
170.3147612	-43.81811848	
170.3113118	-43.81963465	
170.3083225	-43.81743527	
170.3092514	-43.81639242	
170.30631	-43.81312946	
170.299152	-43.81210944	
170.2983222	-43.81421919	
170.3003114	-43.81575652	
170.3004524	-43.81916671	
170.3033374	-43.82040567	
170.3043504	-43.82404926	
170.3178215	-43.82532313	
170.3235549	-43.82205018	
170.3289137	-43.8205781	
170.3339965	-43.81537316	
170.3379761	-43.81514618	
170.3438227	-43.81592045	
170.343999	-43.8185861	
170.3358839	-43.82255002	
170.3361023	-43.82425849	
170.3444986	-43.82392079	
170.3487007	-43.82199516	
170.3521949	-43.8261214	
170.3519409	-43.8385716	
170.3426446	-43.8459156	
170.3404462	-43.84905857	
170.3406988	-43.85332292	
170.3368033	-43.85823637	
170.3335226	-43.85922486	
170.3355866	-43.865767	
170.338242	-43.86561564	
170.3367965	-43.86835016	
170.337409	-43.87113239	
170.3356928	-43.8733283	
170.3390469	-43.87734516	
170.3416761	-43.8851032	
170.3381296	-43.88618891	
170.337124	-43.88762539	
170.3337931	-43.88385002	
170.3353356	-43.87940914	
170.3315497	-43.87377406	
170.3327931	-43.8700075	
170.3317607	-43.86599344	
170.3278813	-43.86551395	
170.316062	-43.85609025	
170.3008306	-43.85086713	
170.2942644	-43.8533402	
170.2891463	-43.8535114	
170.288933	-43.85525815	
170.2942835	-43.85888793	
170.3005467	-43.85718629	
170.3033602	-43.85443011	
170.3128851	-43.85796234	
170.3152683	-43.86181357	
170.3121907	-43.8638419	
170.3111277	-43.8663917	
170.3072289	-43.86604287	
170.3044189	-43.86786504	
170.2997146	-43.86432158	
170.299181	-43.86036116	
170.297029	-43.86073963	
170.2961186	-43.86252048	
170.2887081	-43.86114418	
170.2857715	-43.86313456	
170.2809541	-43.85950178	
170.2772308	-43.86052924	
170.2784621	-43.85429328	
170.2803517	-43.85184917	
170.2862223	-43.85052912	
170.2918699	-43.85152074	
170.2981342	-43.84935113	
170.2976498	-43.84693667	
170.2950862	-43.84593223	
170.2918133	-43.84225045	
170.2887942	-43.84346652	
170.2886999	-43.84818461	
170.2862765	-43.84932887	
170.2828606	-43.84881893	
170.2869393	-43.83990391	
170.2867349	-43.83655195	
170.298709	-43.82434285	
170.2972969	-43.82246782	
170.2939988	-43.82260676	
170.2922832	-43.82083285	
170.2903157	-43.82132809	
170.2897746	-43.82337376	
170.2835464	-43.82875179	
170.2823505	-43.82872347	
170.2824532	-43.82645076	
170.2799268	-43.82606587	
170.2764961	-43.82912634	
170.2766895	-43.83476462	
170.2783463	-43.83783745	
170.2772752	-43.84496249	
170.2799177	-43.84610855	
170.2751694	-43.84848773	
170.2725318	-43.84723334	
170.2726503	-43.83802723	
170.2688418	-43.83620319	
170.2647232	-43.8411971	
170.2524898	-43.84686359	
170.245987	-43.85483332	
170.2408576	-43.85568519	
170.2528472	-43.84232182	
170.2628337	-43.83996029	
170.2640133	-43.83706323	
170.2634055	-43.83261505	
170.2690749	-43.82638146	
170.2754249	-43.82490779	
170.2773592	-43.82183437	
170.2783674	-43.81542466	
170.2872751	-43.80894211	
170.2869956	-43.80718088	
170.2837542	-43.80742908	
170.287374	-43.80277077	
170.2866757	-43.80034977	
170.282744	-43.79999673	
170.2841407	-43.79489588	
170.2825013	-43.79544191	
170.2804151	-43.79396274	
170.2748839	-43.79526113	
170.2753201	-43.79949564	
170.2783716	-43.80145271	
170.2771874	-43.80382909	
170.2733668	-43.80893723	
170.2666858	-43.81378216	
170.2642202	-43.81866236	
170.2595977	-43.81965678	
170.2610922	-43.82034235	
170.2593927	-43.82218637	
170.2596211	-43.82505124	
170.2568394	-43.82699935	
170.2529176	-43.83424902	
170.2502179	-43.8324297	
170.2469987	-43.83215753	
170.2352044	-43.83876254	
170.2290136	-43.83672854	
170.2426582	-43.8289339	
170.2444567	-43.82494791	
170.2406309	-43.82225645	
170.2339547	-43.82690471	
170.2279476	-43.82481005	
170.2251592	-43.82493759	
170.2203283	-43.83040957	
170.219042	-43.83492754	
170.2173112	-43.83547045	
170.2140504	-43.83415654	
170.2151127	-43.83060799	
170.2198208	-43.82779775	
170.2306287	-43.81727128	
170.2319978	-43.81155596	
170.2363178	-43.8076054	
170.2436536	-43.81218931	
170.2473939	-43.81025178	
170.247535	-43.80717003	
170.2388221	-43.80607908	
170.2375698	-43.80419783	
170.2434571	-43.8005492	
170.2457783	-43.79769613	
170.2493235	-43.7973405	
170.2496754	-43.79496896	
170.2469114	-43.791553	
170.2470969	-43.78750266	
170.2445361	-43.78497299	
170.2536731	-43.77937454	
170.2527806	-43.77494577	
170.2554247	-43.77298173	
170.2553303	-43.76971802	
170.2642998	-43.76772882	
170.2644279	-43.76491117	
170.2607941	-43.7619155	
170.2603883	-43.76014285	
170.2664942	-43.75958352	
170.2733892	-43.75234348	
170.2705546	-43.74513607	
170.2729224	-43.73849331	
170.2813488	-43.73225894	
170.2883616	-43.72228839	
170.2920314	-43.72175822	
170.2991092	-43.71839956	
170.3047241	-43.72055922	
170.3071679	-43.72026414	
170.3103287	-43.71751777	
170.3188263	-43.71771707	
170.3233412	-43.71456134	
170.3231727	-43.71288265	
170.3206863	-43.71141417	
170.3149421	-43.71216105	
170.3069742	-43.7110043	
170.2999766	-43.71260239	
170.298674	-43.70913397	
170.294505	-43.70727259	
170.2943386	-43.70286136	
170.2905817	-43.6999518	
170.2945455	-43.69555007	
170.285373	-43.69691952	
170.2826434	-43.69279993	
170.2705453	-43.69171866	
170.2693224	-43.68922133	
170.2735594	-43.68685422	
170.2792678	-43.67879234	
170.2789715	-43.67728677	
170.2716109	-43.67590122	
170.2696586	-43.6725106	
170.2654442	-43.67546734	
170.2656162	-43.67747788	
170.2689439	-43.6795638	
170.2615322	-43.68913215	
170.2562641	-43.69206336	
170.2551269	-43.69967963	
170.2554824	-43.70054805	
170.2650383	-43.69599965	
170.269126	-43.69877251	
170.2758386	-43.69883695	
170.2844253	-43.70114295	
170.280018	-43.71126132	
170.2788061	-43.72059567	
170.270197	-43.72163277	
170.2662337	-43.72478666	
170.2662499	-43.73023299	
170.2598274	-43.72950621	
170.2660072	-43.7355776	
170.2658193	-43.73681516	
170.2598369	-43.74087607	
170.2599159	-43.7507189	
170.2564985	-43.75340786	
170.2490852	-43.75498045	
170.2482626	-43.76066893	
170.2403911	-43.77284748	
170.2403571	-43.77563284	
170.2365668	-43.78260887	
170.2305082	-43.78789908	
170.2269409	-43.79407467	
170.2236059	-43.79583537	
170.2223289	-43.79926633	
170.219288	-43.801255	
170.2215626	-43.80484567	
170.2136411	-43.80899918	
170.2144967	-43.81248184	
170.2086732	-43.81742256	
170.2070805	-43.82380066	
170.2053366	-43.82606137	
170.1980097	-43.8302098	
170.1961287	-43.83539836	
170.193514	-43.8377074	
170.1933336	-43.82918814	
170.2005408	-43.82140781	
170.2008633	-43.81862394	
170.1953625	-43.8187687	
170.183812	-43.80403819	
170.1771064	-43.80729318	
170.1713781	-43.80819888	
170.1689083	-43.80743996	
170.1676363	-43.80580326	
170.1688035	-43.80352887	
170.1762888	-43.80008421	
170.1721448	-43.78986171	
170.1700235	-43.78785506	
170.1661581	-43.7881085	
170.1647123	-43.79016661	
170.1636126	-43.7950949	
170.1664217	-43.79886356	
170.1651352	-43.80162354	
170.1574295	-43.80359633	
170.1560353	-43.80251482	
170.1531267	-43.79678918	
170.1582259	-43.78476796	
170.1584627	-43.78165586	
170.1564585	-43.78043689	
170.1566493	-43.77829801	
170.1595048	-43.77667995	
170.1647262	-43.77810845	
170.1790696	-43.77618902	
170.1801306	-43.77459121	
170.1845755	-43.77346635	
170.1906334	-43.77426463	
170.191169	-43.77239402	
170.1949457	-43.77021307	
170.1988668	-43.77069875	
170.2016261	-43.77303966	
170.2053331	-43.77235067	
170.2095526	-43.76641258	
170.2161845	-43.76254665	
170.2174983	-43.75933077	
170.2166992	-43.75723276	
170.2240038	-43.75429214	
170.2291205	-43.75409126	
170.2290282	-43.75220531	
170.2262658	-43.74992995	
170.2213909	-43.75072117	
170.2170294	-43.75009562	
170.2084058	-43.75443268	
170.2044215	-43.76303966	
170.2000593	-43.76241346	
170.1970115	-43.76435257	
170.1902065	-43.7623021	
170.1859901	-43.76239346	
170.1797479	-43.76555274	
170.1734418	-43.76624174	
170.1619032	-43.77235929	
170.1598169	-43.77153753	
170.1570281	-43.76684803	
170.1553998	-43.76757765	
170.1537966	-43.77151643	
170.1505579	-43.77259099	
170.1569653	-43.76068604	
170.1597829	-43.76101264	
170.1661119	-43.75821757	
170.1678502	-43.75890228	
170.1694841	-43.75804428	
170.1699223	-43.75625833	
170.1663052	-43.75411542	
170.1651943	-43.75139275	
170.1657715	-43.74665839	
170.1686126	-43.746472	
170.1720103	-43.74950782	
170.1796678	-43.74854162	
170.1833297	-43.7535087	
170.1853232	-43.75418876	
170.1883104	-43.74883241	
170.1930942	-43.74508632	
170.2008058	-43.74339559	
170.2056692	-43.74100838	
170.207804	-43.73845004	
170.218142	-43.73598686	
170.2273433	-43.73004951	
170.2319027	-43.7185697	
170.2401419	-43.71782892	
170.2445702	-43.71542964	
170.2474173	-43.71612463	
170.2485923	-43.71876325	
170.2517558	-43.71883925	
170.2519958	-43.71988915	
170.2547981	-43.71525774	
170.2511825	-43.70932374	
170.2481776	-43.70893829	
170.2463093	-43.7120258	
170.2439945	-43.71228333	
170.2348694	-43.71039258	
170.2276036	-43.71501993	
170.2237536	-43.72359314	
170.219021	-43.72942998	
170.2143513	-43.73077828	
170.2099025	-43.73046111	
170.2028925	-43.73258721	
170.1932763	-43.73809482	
170.189193	-43.74227576	
170.1745077	-43.74525568	
170.1686245	-43.74479709	
170.167974	-43.74331914	
170.1711371	-43.7403692	
170.1818103	-43.7184958	
170.1852638	-43.71544825	
170.1901648	-43.70680033	
170.190142	-43.70017277	
170.1994456	-43.67509778	
170.2055374	-43.67259599	
170.2124178	-43.66356512	
170.217494	-43.66055235	
170.2399844	-43.65455581	
170.2505558	-43.65006113	
170.2686683	-43.64520823	
170.2818302	-43.64337124	
170.2850244	-43.64093806	
170.2939115	-43.63810202	
170.2973835	-43.63495821	
170.313302	-43.62655173	
170.320763	-43.61686989	
170.3290444	-43.61088073	
170.3291593	-43.60828478	
170.3227182	-43.61171843	
170.3165031	-43.61282721	
170.3169645	-43.60799918	
170.3125858	-43.6066418	
170.3130869	-43.6036965	
170.3188723	-43.59836624	
170.3355525	-43.58916829	
170.3358535	-43.58514296	
170.3325838	-43.58103433	
170.3307567	-43.58054362	
170.3302145	-43.58456022	
170.3252734	-43.58329747	
170.3232196	-43.58414164	
170.3239994	-43.58632685	
170.3266719	-43.58536967	
170.3255533	-43.5868731	
170.3278616	-43.58820177	
170.3278646	-43.59011385	
170.3250846	-43.59349043	
170.3173792	-43.59719757	
170.3082366	-43.60361094	
170.3045515	-43.60365155	
170.3057996	-43.60712263	
170.3051403	-43.61010259	
170.3003813	-43.61649117	
170.2802753	-43.62851276	
170.2692199	-43.63115067	
170.2619741	-43.62945754	
170.2587201	-43.63200469	
170.2527195	-43.63220605	
170.2497022	-43.6337224	
170.2445056	-43.63297551	
170.241143	-43.63579589	
170.2317535	-43.63729597	
170.2269678	-43.6420849	
170.216199	-43.64458651	
170.2147585	-43.64282433	
170.2188876	-43.63373675	
170.2174052	-43.61228475	
170.2297012	-43.59503636	
170.2357357	-43.58364568	
170.2281483	-43.58539614	
170.2241853	-43.59510972	
170.2141356	-43.61103066	
170.21327	-43.61536183	
170.214255	-43.63314035	
170.2107991	-43.64410947	
170.216074	-43.64935024	
170.2160664	-43.65363324	
170.2022473	-43.66849437	
170.1911053	-43.67070829	
170.189467	-43.67522759	
170.1917584	-43.67915259	
170.191338	-43.6820438	
170.1892786	-43.68537834	
170.189166	-43.69186948	
170.1855795	-43.70545996	
170.1795778	-43.70551942	
170.1742236	-43.70801251	
170.1702548	-43.70736174	
170.1687882	-43.70615102	
170.1649111	-43.68940561	
170.1680224	-43.68195247	
170.1712992	-43.67906293	
170.1858217	-43.64529355	
170.186342	-43.6402632	
170.1915844	-43.62982222	
170.1942479	-43.61959409	
170.193272	-43.61604684	
170.1912455	-43.6166879	
170.1916225	-43.62084221	
170.1872438	-43.63316972	
170.1842198	-43.63682582	
170.1789924	-43.65300087	
170.1744841	-43.65378765	
170.174414	-43.65730922	
170.1720079	-43.66194749	
170.1661733	-43.66663896	
170.1664992	-43.66982493	
170.1645014	-43.67385141	
170.1654009	-43.67698252	
170.1608913	-43.67977221	
170.1609187	-43.68322713	
170.157845	-43.68784855	
170.1545111	-43.68990728	
170.1573855	-43.69757809	
170.1552026	-43.70146166	
170.1498736	-43.70139809	
170.1490147	-43.70344924	
170.1539542	-43.70571388	
170.1512356	-43.71309147	
170.1409666	-43.72288976	
170.1368846	-43.73051246	
170.1297036	-43.73572768	
170.1288877	-43.73864999	
170.1249328	-43.74002211	
170.120111	-43.73830688	
170.1138063	-43.73226246	
170.1136096	-43.7293147	
170.1141707	-43.72466942	
170.12467	-43.72076479	
170.1266852	-43.71750479	
170.1257307	-43.71625465	
170.1193093	-43.71621576	
170.1181627	-43.71545119	
170.1191124	-43.71326801	
170.117477	-43.71212327	
170.1088576	-43.71914015	
170.1045171	-43.71449355	
170.0987609	-43.70417045	
170.098787	-43.70012473	
170.10043	-43.69759144	
170.1176168	-43.68098236	
170.1251488	-43.66829738	
170.1293026	-43.66619468	
170.1304373	-43.66364825	
170.1279136	-43.65990643	
170.1282952	-43.64127853	
170.1274002	-43.63880374	
170.1231742	-43.63538684	
170.1245838	-43.6482969	
170.1230796	-43.66211457	
170.105733	-43.68570942	
170.1015475	-43.68842357	
170.0988357	-43.68860004	
170.0990718	-43.68370139	
170.1077243	-43.67239469	
170.1133492	-43.66076575	
170.1152528	-43.64217625	
170.1144933	-43.63688462	
170.1112227	-43.63116167	
170.1098505	-43.63161744	
170.1134684	-43.64065982	
170.1109483	-43.65800756	
170.1049741	-43.66987277	
170.0963155	-43.68130172	
170.0925655	-43.69248713	
170.0884944	-43.69630727	
170.0824865	-43.69823863	
170.0866229	-43.70006074	
170.0944346	-43.70626774	
170.1001158	-43.71462729	
170.0978975	-43.71506151	
170.0862222	-43.71182188	
170.081046	-43.7070304	
170.0727907	-43.70301823	
170.0826974	-43.71479749	
170.0787929	-43.71862164	
170.0828593	-43.72191349	
170.0790852	-43.72304337	
170.0779471	-43.7255893	
170.0840259	-43.72574439	
170.087	-43.72716896	
170.0868576	-43.73010816	
170.084603	-43.73127692	
170.0919741	-43.73269067	
170.0916571	-43.73574806	
170.0966231	-43.73795866	
170.097459	-43.74165839	
170.103288	-43.74352271	
170.1089878	-43.74808103	
170.1110266	-43.74788727	
170.113848	-43.75605114	
170.1087306	-43.76045884	
170.1122552	-43.76103826	
170.1141827	-43.76317134	
170.1135523	-43.76573039	
170.1103518	-43.76896033	
170.1029793	-43.77098116	
170.1029084	-43.77245077	
170.1063569	-43.77462245	
170.1107921	-43.77387611	
170.1098116	-43.77667155	
170.1047158	-43.7805892	
170.1041667	-43.79197871	
170.1020057	-43.79817754	
170.0994284	-43.79897063	
170.0939499	-43.7967473	
170.0868851	-43.79583215	
170.0843144	-43.78951322	
170.0847595	-43.78731742	
170.0882708	-43.78470915	
170.0878885	-43.78212445	
170.0867172	-43.78184943	
170.0775031	-43.78688725	
170.0790408	-43.79354787	
170.0777919	-43.79486482	
170.0685179	-43.79413737	
170.0652641	-43.79491238	
170.0648302	-43.79686316	
170.0681233	-43.80222005	
170.0702854	-43.80301107	
170.0759007	-43.80241884	
170.0834258	-43.80432729	
170.0881216	-43.80174919	
170.0941135	-43.80386317	
170.1004829	-43.80868391	
170.1043362	-43.8200619	
170.1035002	-43.82335138	
170.1003492	-43.82547878	
170.0928595	-43.82626998	
170.0905746	-43.82449538	
170.0877971	-43.82589623	
170.0843938	-43.8227443	
170.0790434	-43.82481515	
170.075201	-43.82373622	
170.072055	-43.82574036	
170.0711597	-43.82326515	
170.0680059	-43.82195834	
170.0613752	-43.82595747	
170.0576661	-43.82561706	
170.0566083	-43.82301493	
170.0533887	-43.8230548	
170.0503931	-43.82543008	
170.0521341	-43.83136052	
170.0550879	-43.82984244	
170.0834963	-43.83424735	
170.0909371	-43.82988644	
170.0980255	-43.83056506	
170.0992978	-43.83275931	
170.0957749	-43.83776725	
170.1001393	-43.84213613	
170.100363	-43.84427099	
170.0959279	-43.85149265	
170.0996345	-43.85596315	
170.0991252	-43.85973551	
170.0862238	-43.86283882	
170.079679	-43.85959681	
170.0743431	-43.85839619	
170.0655688	-43.86065607	
170.0631371	-43.86023895	
170.046926	-43.85083242	
170.0399824	-43.85242772	
170.0378952	-43.85166406	
170.0363856	-43.84582873	
170.0352897	-43.84485405	
170.0332843	-43.8457485	
170.0329232	-43.84313673	
170.0286912	-43.84279051	
170.0200554	-43.83854395	
170.0169353	-43.83963765	
170.0225424	-43.84657161	
170.030757	-43.85018145	
170.0310204	-43.85454701	
170.0337212	-43.85698095	
170.0327624	-43.85835306	
170.0352966	-43.86115874	
170.0328651	-43.86759525	
170.0340233	-43.86971387	
170.0316866	-43.873178	
170.0326711	-43.87516159	
170.0378301	-43.87513828	
170.0440153	-43.87254502	
170.0438212	-43.86860737	
170.0382433	-43.85891269	
170.041907	-43.85704095	
170.0512953	-43.8618896	
170.0606539	-43.86420855	
170.0624491	-43.86560288	
170.0770741	-43.86822377	
170.0796371	-43.86980592	
170.0778325	-43.87178243	
170.07787	-43.87419912	
170.0856155	-43.87141866	
170.0890702	-43.87223672	
170.09016	-43.87378122	
170.0916758	-43.8649433	
170.1028673	-43.86472092	
170.1092409	-43.86780303	
170.1130276	-43.87947127	
170.1100964	-43.8838918	
170.1142016	-43.88669108	
170.1173767	-43.89124743	
170.1168487	-43.89599953	
170.1178937	-43.89710881	
170.1155264	-43.90065937	
170.1123342	-43.9026729	
170.1165014	-43.90530463	
170.1182475	-43.90845305	
170.1177994	-43.91154637	
170.1111143	-43.91556593	
170.1014168	-43.91829076	
170.0906398	-43.91487314	
170.0860349	-43.91001208	
170.08535	-43.90556557	
170.0809869	-43.90636656	
170.0784765	-43.90981993	
170.0709435	-43.90910686	
170.0678078	-43.91059001	
170.0622927	-43.90914628	
170.0498292	-43.90244333	
170.0481131	-43.90070568	
170.047521	-43.89443731	
170.0442374	-43.89161696	
170.0413625	-43.89332051	
170.0363561	-43.89186283	
170.0327177	-43.89333166	
170.0267016	-43.89262887	
170.0224542	-43.89330014	
170.0211966	-43.89686216	
170.0264156	-43.89621612	
170.027352	-43.89694369	
170.027051	-43.89865506	
170.0240751	-43.89982817	
170.0216614	-43.90273491	
170.0247948	-43.90492602	
170.0300917	-43.90271902	
170.0321851	-43.89972568	
170.0344862	-43.90126986	
170.0348947	-43.90393721	
170.0409275	-43.90432738	
170.0463557	-43.90821798	
170.0507584	-43.90880006	
170.0534307	-43.91160362	
170.0665205	-43.91357989	
170.069834	-43.9165557	
170.0758151	-43.91803661	
170.0789985	-43.92147766	
170.0837778	-43.91878615	
170.0880926	-43.91897382	
170.0898581	-43.92017008	
170.0853254	-43.92510654	
170.0900979	-43.92551626	
170.0947145	-43.92296313	
170.0963663	-43.92596362	
170.0984221	-43.92680939	
170.1008816	-43.92550042	
170.1026234	-43.92251352	
170.1046965	-43.92920483	
170.1032145	-43.9288788	
170.1023806	-43.93167213	
170.1023671	-43.94661595	
170.1127824	-43.95042868	
170.1166436	-43.95293794	
170.1055784	-43.95243335	
170.0959994	-43.94912242	
170.09352	-43.94592867	
170.083425	-43.94494147	
170.0776256	-43.94275743	
170.0745089	-43.93918721	
170.0619269	-43.93412419	
170.0597813	-43.93194608	
170.0562915	-43.9312197	
170.0536711	-43.9287462	
170.0543343	-43.92720622	
170.0518919	-43.92310947	
170.0478717	-43.92123682	
170.0462542	-43.91829352	
170.0432195	-43.91828615	
170.0411834	-43.91589816	
170.0369999	-43.91536559	
170.0339619	-43.913447	
170.0291115	-43.91452468	
170.0261526	-43.92088843	
170.0283176	-43.92264308	
170.0319395	-43.92068437	
170.0348695	-43.92281253	
170.0414039	-43.92333502	
170.0438803	-43.92474352	
170.0497209	-43.92942325	
170.0495439	-43.93500975	
170.0444406	-43.93721399	
170.0406782	-43.93605547	
170.037674	-43.93739346	
170.0346489	-43.93519216	
170.0352743	-43.9304665	
170.0323368	-43.93046137	
170.030933	-43.92716949	
170.0279746	-43.92758834	
170.024974	-43.9288553	
170.0256056	-43.93191493	
170.0243474	-43.93556255	
170.0227613	-43.93594606	
170.0228203	-43.94113925	
170.0246579	-43.94152229	
170.0275335	-43.93969619	
170.0294539	-43.94207233	
170.0314165	-43.94244116	
170.0313776	-43.94524097	
170.032983	-43.94648701	
170.0355252	-43.94564927	
170.0364518	-43.94657659	
170.0377253	-43.94329699	
170.0413027	-43.94118093	
170.0475312	-43.9416424	
170.0591443	-43.94006539	
170.0610444	-43.94153926	
170.060739	-43.94776677	
170.0619006	-43.94922171	
170.0662987	-43.95004676	
170.0713807	-43.94696974	
170.0772303	-43.94836583	
170.0893748	-43.95490886	
170.0917248	-43.95948048	
170.0924248	-43.96524892	
170.0866921	-43.96474979	
170.0863486	-43.96677595	
170.0921375	-43.9711693	
170.0894094	-43.9743737	
170.0863289	-43.97473799	
170.0773616	-43.96769782	
170.0746917	-43.96718749	
170.0721599	-43.96384948	
170.0547549	-43.95628645	
170.05494	-43.95267341	
170.0502373	-43.95261342	
170.045682	-43.95638156	
170.0416922	-43.95378986	
170.0334795	-43.95503496	
170.0259027	-43.95192501	
170.0244395	-43.95431541	
170.0160839	-43.95167026	
170.0138808	-43.95203794	
170.0133887	-43.95348213	
170.0166961	-43.95793906	
170.021147	-43.95969371	
170.0233435	-43.96284675	
170.028401	-43.96085297	
170.0323067	-43.96344297	
170.0402868	-43.96182769	
170.0465081	-43.96662003	
170.0635899	-43.96705344	
170.0690758	-43.97379925	
170.0779128	-43.97690254	
170.0846199	-43.98335112	
170.0851828	-43.98703338	
170.0786034	-43.98802587	
170.0786779	-43.99088801	
170.083103	-43.99191816	
170.081636	-43.99492027	
170.0832457	-43.99746413	
170.0874348	-43.99619967	
170.0893442	-43.99428141	
170.0912883	-43.99504576	
170.0937723	-43.99999538	
170.091191	-44.00687571	
170.0886171	-44.00970339	
170.0988928	-44.01968818	
170.1056767	-44.01666586	
170.1043734	-44.01242371	
170.1086219	-44.00774071	
170.1121169	-44.00615934	
170.1118032	-44.01057851	
170.1170942	-44.01346912	
170.1101911	-44.0425473	
170.108526	-44.04316083	
170.0997027	-44.04149685	
170.0974513	-44.03921177	
170.0978676	-44.03437245	
170.0955713	-44.02553237	
170.0931265	-44.02350445	
170.0888199	-44.02614811	
170.0869135	-44.01679337	
170.0858569	-44.01611121	
170.0823233	-44.01818679	
170.0791599	-44.01826372	
170.0768795	-44.01364552	
170.069272	-44.00881295	
170.0694384	-44.00763781	
170.0731875	-44.0067112	
170.0740296	-44.00508152	
170.0712394	-44.00422421	
170.064709	-44.00633776	
170.0629991	-44.00566508	
170.0632735	-44.0022912	
170.0615753	-44.00138291	
170.057912	-44.00278308	
170.0556699	-44.00186078	
170.057899	-43.99861559	
170.0549812	-43.99814773	
170.0543942	-43.99679604	
170.0523633	-44.00043939	
170.047468	-44.00031373	
170.0461319	-44.00310993	
170.0472085	-44.005575	
170.0509191	-44.00543439	
170.055773	-44.00862523	
170.0595425	-44.00950798	
170.0668931	-44.01512092	
170.0717193	-44.02114083	
170.0715272	-44.02506719	
170.0789752	-44.02651464	
170.0778852	-44.03545017	
170.0721129	-44.04061828	
170.0740368	-44.0448382	
170.0736137	-44.05141315	
170.0751146	-44.05493791	
170.0777822	-44.05496869	
170.0865234	-44.0514887	
170.0924361	-44.04493823	
170.1013129	-44.04479115	
170.1069827	-44.04657117	
170.1135385	-44.04679433	
170.114306	-44.0476907	
170.1150891	-44.05162811	
170.1121483	-44.05880513	
170.1124833	-44.06375073	
170.1056268	-44.07467896	
170.1048752	-44.08044865	
170.1062434	-44.0834114	
170.1062972	-44.09206159	
170.1029435	-44.09497368	
170.1005603	-44.10801615	
170.097806	-44.11087813	
170.0939058	-44.11237817	
170.0918379	-44.11188638	
170.0898127	-44.10693698	
170.0916572	-44.10126897	
170.0851491	-44.10248595	
170.0824513	-44.09883812	
170.0747798	-44.09355676	
170.0692277	-44.08485324	
170.0732569	-44.06459372	
170.0705032	-44.05443156	
170.0686243	-44.05444819	
170.0663643	-44.0512947	
170.0628684	-44.05146348	
170.0603675	-44.06085563	
170.0617611	-44.06919298	
170.0558839	-44.0730436	
170.0510343	-44.07291941	
170.0474413	-44.06982661	
170.0488104	-44.06175998	
170.0477017	-44.05893092	
170.0421064	-44.05988742	
170.0336669	-44.05106817	
170.0292744	-44.05015461	
170.0317433	-44.04511721	
170.0321397	-44.03712564	
170.0311014	-44.03569852	
170.027793	-44.03531298	
170.0239649	-44.03701436	
170.0225233	-44.04647922	
170.017987	-44.04846215	
170.0184264	-44.05077408	
170.0255044	-44.05345793	
170.0270524	-44.05579848	
170.025479	-44.05675802	
170.0197011	-44.05580826	
170.015176	-44.05199006	
170.013786	-44.05205399	
170.005586	-44.05566667	
170.0060102	-44.0573235	
170.0092567	-44.0583223	
170.0105354	-44.06064137	
170.0157054	-44.05867268	
170.0198612	-44.0592376	
170.022899	-44.06443648	
170.0293885	-44.06908442	
170.0297771	-44.07147168	
170.0334318	-44.0744918	
170.0421444	-44.07782478	
170.0478174	-44.07851906	
170.0559885	-44.08395112	
170.0574538	-44.0867314	
170.0532267	-44.09473052	
170.051141	-44.09388862	
170.0512132	-44.08749504	
170.047816	-44.0849111	
170.03954	-44.08145695	
170.0300786	-44.08353478	
170.0277031	-44.08242213	
170.0263382	-44.07932052	
170.0191942	-44.08001176	
170.0159874	-44.07730033	
170.0043541	-44.07315826	
170.0046012	-44.07094993	
170.008082	-44.06823515	
170.0076031	-44.06689383	
170.0017668	-44.06757853	
169.999505	-44.06368062	
170.0009383	-44.06096184	
169.9995439	-44.06018721	
169.9892555	-44.06390493	
169.9873149	-44.06990785	
169.98509	-44.07206434	
169.986063	-44.07307419	
169.9950835	-44.07424532	
169.9990992	-44.07842838	
170.0057659	-44.07870139	
170.0163982	-44.08369419	
170.0221064	-44.08801251	
170.0406557	-44.09123532	
170.0417813	-44.09614422	
170.0478846	-44.10112102	
170.0422558	-44.10440899	
170.040384	-44.10278531	
170.0356935	-44.1028897	
170.032525	-44.11124189	
170.0304198	-44.1111876	
170.0275906	-44.11559842	
170.0238596	-44.11593595	
170.0196794	-44.12125181	
170.0125245	-44.12178957	
169.9976506	-44.12010085	
169.9918626	-44.11741851	
169.982347	-44.10836492	
169.9771096	-44.09710498	
169.9727719	-44.08244452	
169.9732413	-44.07859762	
169.970705	-44.07447368	
169.9713285	-44.07300577	
169.9743941	-44.0720969	
169.9756556	-44.06886456	
169.9732035	-44.06850318	
169.9645602	-44.07114509	
169.9632428	-44.07546436	
169.9592789	-44.07783353	
169.9483341	-44.07650494	
169.9457561	-44.0772811	
169.9469302	-44.07914222	
169.9535395	-44.0816401	
169.959592	-44.08165948	
169.9626351	-44.07941727	
169.9675613	-44.08046222	
169.971856	-44.10303159	
169.9806906	-44.11433745	
169.9908782	-44.12252764	
170.007926	-44.12612223	
170.0195569	-44.13383304	
170.0154238	-44.13885205	
170.0101839	-44.14011414	
170.0095037	-44.1386208	
170.0037277	-44.13551927	
170.0032151	-44.13713696	
170.0076283	-44.14374632	
170.008224	-44.15285368	
170.0043114	-44.15393056	
169.9993032	-44.15304253	
169.9896934	-44.15397035	
169.9890077	-44.15597286	
169.9957747	-44.16138426	
169.9993755	-44.16717435	
169.9987706	-44.17069848	
169.996406	-44.17094468	
169.9958822	-44.17285487	
170.0008004	-44.17498381	
170.0101436	-44.17630399	
170.0179345	-44.17873752	
170.0232714	-44.18190735	
170.0251968	-44.18784691	
170.0243363	-44.19162937	
170.0203667	-44.19260011	
170.0184008	-44.18537382	
170.0128691	-44.1829982	
169.998338	-44.18333816	
169.9878265	-44.18744892	
169.9819432	-44.19423137	
169.9817116	-44.19661716	
169.9840083	-44.19915234	
169.9817646	-44.20163331	
169.9686651	-44.20911137	
169.9621681	-44.20976685	
169.966118	-44.21400353	
169.9679934	-44.21384624	
169.9694665	-44.2159513	
169.9732929	-44.21698167	
169.9773129	-44.21419431	
169.9921695	-44.21014035	
170.0092494	-44.19790639	
170.0197526	-44.19654641	
170.0275772	-44.19430042	
170.0295593	-44.19549392	
170.02947	-44.19728683	
170.0185759	-44.20647132	
170.0171976	-44.21482147	
170.0111617	-44.21615125	
170.0048949	-44.2129339	
169.9968868	-44.21239533	
169.9963036	-44.21485696	
169.9979735	-44.21589118	
169.9992065	-44.22104203	
169.9929451	-44.22682327	
169.9884961	-44.2285235	
169.9890594	-44.23555588	
169.9846785	-44.23816593	
169.9826807	-44.24133355	
169.9784723	-44.24279203	
169.9720441	-44.24724687	
169.9611454	-44.25150111	
169.953776	-44.25634297	
169.9353487	-44.25725836	
169.9367937	-44.26043412	
169.9351878	-44.26484983	
169.9287157	-44.26781506	
169.9261705	-44.27023133	
169.9185474	-44.27305003	
169.9103071	-44.27573978	
169.9056167	-44.27606177	
169.8949813	-44.27387312	
169.8899936	-44.27094044	
169.8814281	-44.26197845	
169.8773429	-44.25671902	
169.8765857	-44.25334055	
169.8823967	-44.25030421	
169.8894905	-44.24861593	
169.8926082	-44.24614869	
169.8938172	-44.2408772	
169.8929837	-44.23716202	
169.8855247	-44.23514789	
169.8848418	-44.23392091	
169.8856369	-44.23300243	
169.8931492	-44.2321981	
169.8949291	-44.23029901	
169.8942168	-44.22067876	
169.8981071	-44.2105111	
169.897359	-44.20874531	
169.8909519	-44.20810258	
169.8881907	-44.20735662	
169.8881535	-44.20628137	
169.889321	-44.20537293	
169.8987382	-44.20555972	
169.9004403	-44.20513555	
169.9008106	-44.20339986	
169.9005548	-44.18615165	
169.896218	-44.18509851	
169.893873	-44.18327966	
169.898855	-44.18130719	
169.899171	-44.17522955	
169.9013324	-44.17119129	
169.9023372	-44.15810969	
169.8998263	-44.1532434	
169.9024586	-44.1432487	
169.900963	-44.14075056	
169.8968471	-44.13916816	
169.8918872	-44.13954255	
169.8888904	-44.13836031	
169.888409	-44.13631421	
169.891968	-44.13573271	
169.8999156	-44.13670952	
169.9036447	-44.13511568	
169.9028422	-44.13018083	
169.9059524	-44.12009913	
169.9113002	-44.11219525	
169.9111822	-44.10084078	
169.9143193	-44.09245383	
169.9135115	-44.0898908	
169.9146515	-44.08602466	
169.9130279	-44.0787806	
169.914921	-44.06942841	
169.919355	-44.06090672	
169.9247907	-44.05800265	
169.925221	-44.05648935	
169.9233575	-44.05389815	
169.9188308	-44.05284508	
169.9242484	-44.0502794	
169.9250613	-44.04360895	
169.9298263	-44.03314743	
169.9405592	-44.01843984	
169.9472003	-44.01251731	
169.9522484	-44.01019473	
169.9557389	-44.01079554	
169.952525	-44.00706778	
169.951609	-43.99509926	
169.9604598	-43.98948878	
169.9569952	-43.98609332	
169.9557785	-43.98233379	
169.9574434	-43.97958246	
169.9630354	-43.97803627	
169.9578099	-43.97467894	
169.9565504	-43.97176539	
169.9573907	-43.96907692	
169.9588275	-43.9708092	
169.9589381	-43.96632245	
169.9628719	-43.96507121	
169.9704357	-43.95696943	
169.9715292	-43.95157681	
169.9664612	-43.94746159	
169.9700781	-43.94781126	
169.9687758	-43.94574382	
169.9697109	-43.94348133	
169.9799209	-43.93629594	
169.9818029	-43.92685791	
169.9858462	-43.92103449	
169.9850588	-43.91804895	
169.9802094	-43.91893794	
169.9739495	-43.91758706	
169.968502	-43.91871391	
169.9682964	-43.91582832	
169.9721202	-43.90111457	
169.9752431	-43.8959115	
169.9754549	-43.88907216	
169.9839116	-43.87540409	
169.9801882	-43.87436961	
169.9771372	-43.87069944	
169.9827922	-43.85231168	
169.9851989	-43.83832164	
169.9859906	-43.83612352	
169.9879107	-43.83594607	
169.9888493	-43.82869321	
169.9970653	-43.81373006	
169.9964285	-43.8092429	
169.9998592	-43.80611352	
169.9990605	-43.80353953	
170.0024305	-43.80039019	
170.0039606	-43.79490493	
170.0074675	-43.79178009	
170.0188715	-43.78649416	
170.0204748	-43.78119525	
170.0166595	-43.78212761	
170.0096686	-43.78795348	
170.0026858	-43.78855985	
169.9974199	-43.77828668	
169.999892	-43.76736666	
169.9915432	-43.76854337	
169.9891134	-43.77023949	
169.9865344	-43.77490544	
169.9884733	-43.77799097	
169.9863958	-43.78267012	
169.9911293	-43.79533513	
169.9918127	-43.80703507	
169.9889694	-43.8108576	
169.9808332	-43.81600921	
169.978197	-43.82034529	
169.9764499	-43.82793319	
169.9710666	-43.8341527	
169.9691717	-43.84266647	
169.9644438	-43.84702716	
169.9643666	-43.85077691	
169.960979	-43.85313395	
169.9634108	-43.85629773	
169.9619611	-43.85821677	
169.9589768	-43.85927948	
169.9623382	-43.86189701	
169.9636161	-43.86752115	
169.959267	-43.88130174	
169.9633201	-43.88537042	
169.9553391	-43.89188664	
169.9530637	-43.89559885	
169.9548544	-43.89894805	
169.9503943	-43.90172136	
169.9512013	-43.90787348	
169.94725	-43.91320502	
169.9465069	-43.91941901	
169.942913	-43.91528568	
169.937419	-43.91350067	
169.9355266	-43.91093392	
169.9339789	-43.91112662	
169.9352366	-43.91502232	
169.9319733	-43.91552025	
169.9430792	-43.92155134	
169.9465614	-43.92152704	
169.9440645	-43.9358414	
169.9448155	-43.9403271	
169.9427455	-43.94544565	
169.9445818	-43.95050669	
169.9424241	-43.96018523	
169.9376794	-43.96348439	
169.9325094	-43.96370695	
169.9189667	-43.9584762	
169.9062001	-43.95759187	
169.8977122	-43.95441781	
169.8923302	-43.95553422	
169.8905336	-43.95969255	
169.886875	-43.95965341	
169.8857419	-43.96064436	
169.8862536	-43.96360316	
169.8822253	-43.96746038	
169.8822384	-43.97040565	
169.8908437	-43.97935369	
169.8939633	-43.97697406	
169.9000215	-43.97569549	
169.9003485	-43.97420182	
169.8937481	-43.97149914	
169.8936349	-43.97047437	
169.8956444	-43.96542026	
169.8996335	-43.96390543	
169.9017581	-43.96143862	
169.904857	-43.96104144	
169.9121309	-43.96358125	
169.9185103	-43.96411328	
169.9247786	-43.96842823	
169.9317833	-43.96813487	
169.9329715	-43.97093117	
169.9280562	-43.9742855	
169.9308125	-43.97724871	
169.9292268	-43.9842826	
169.9245485	-43.98592646	
169.9296176	-43.98860516	
169.9310747	-43.99378194	
169.9298499	-43.99642298	
169.9187733	-43.99997973	
169.9227176	-44.00378158	
169.9223747	-44.00621024	
169.9176149	-44.00977871	
169.9175452	-44.01536032	
169.9161138	-44.01775976	
169.9089395	-44.01969783	
169.9116851	-44.02206493	
169.9107812	-44.02455761	
169.9052971	-44.03017114	
169.9006572	-44.0314444	
169.8990706	-44.04409845	
169.8945718	-44.04710921	
169.885591	-44.04832038	
169.8858624	-44.05352956	
169.8824623	-44.05477976	
169.8810911	-44.06173427	
169.8764046	-44.06680881	
169.8713944	-44.06767933	
169.8682019	-44.07234676	
169.8614104	-44.07462258	
169.8578016	-44.07390869	
169.8529397	-44.0660567	
169.8559332	-44.06518776	
169.8630601	-44.06980136	
169.8658342	-44.07015672	
169.8664342	-44.0646356	
169.864767	-44.06240869	
169.8536565	-44.05981167	
169.8471836	-44.05460011	
169.842067	-44.05602574	
169.8399717	-44.05311545	
169.8331124	-44.05376556	
169.8284052	-44.04893714	
169.8259588	-44.04243701	
169.821423	-44.04024196	
169.8271743	-44.03122764	
169.829152	-44.02171736	
169.8243045	-44.01520675	
169.8234643	-44.01059681	
169.8248093	-44.00862035	
169.8332693	-44.00398772	
169.8337805	-43.99287071	
169.8396316	-43.98917247	
169.8372383	-43.98608601	
169.8398487	-43.98213059	
169.8383141	-43.97599136	
169.8392515	-43.96997617	
169.8372551	-43.96818714	
169.8382615	-43.96379599	
169.8361072	-43.9606042	
169.835061	-43.95403088	
169.8377982	-43.94325492	
169.8635154	-43.91336498	
169.8746915	-43.90824465	
169.8773152	-43.9083721	
169.8764303	-43.90605468	
169.8775186	-43.90149772	
169.8799273	-43.89831913	
169.8863609	-43.895082	
169.8869829	-43.89353267	
169.8851095	-43.89144031	
169.8881187	-43.88762539	
169.8929964	-43.88390344	
169.899429	-43.88293411	
169.8991736	-43.87881874	
169.9040097	-43.86454873	
169.9019753	-43.86313838	
169.9020977	-43.8607698	
169.8988319	-43.86279921	
169.8987702	-43.8685155	
169.8920118	-43.87944864	
169.8885278	-43.88223722	
169.8822667	-43.88456054	
169.876202	-43.88517456	
169.8645328	-43.89818071	
169.8607368	-43.90493534	
169.8577069	-43.90531051	
169.8574647	-43.90690767	
169.8517239	-43.90807693	
169.8474353	-43.9108574	
169.8424117	-43.9123615	
169.8395823	-43.92039898	
169.8342033	-43.92102342	
169.8341319	-43.92237403	
169.8304416	-43.92391446	
169.8245436	-43.91955849	
169.8203706	-43.91830772	
169.8221257	-43.92074003	
169.822645	-43.92574868	
169.8259265	-43.92901776	
169.8252518	-43.93285827	
169.8211691	-43.93876092	
169.822805	-43.94641116	
169.8189382	-43.95118469	
169.8214244	-43.95465882	
169.8226808	-43.96354708	
169.8204362	-43.96734408	
169.8172772	-43.98593234	
169.8131909	-43.99188959	
169.8012309	-43.99595282	
169.7994651	-43.99914827	
169.7891739	-44.00179142	
169.7857105	-44.00148511	
169.7681	-44.00538645	
169.7632962	-44.00305299	
169.7549813	-44.00225086	
169.7528146	-44.00538279	
169.7415609	-44.00759359	
169.7377592	-44.00547651	
169.7318564	-43.97770259	
169.7320879	-43.97346783	
169.7472207	-43.96422497	
169.7503103	-43.96423818	
169.7528231	-43.96728574	
169.7580546	-43.9657968	
169.7580379	-43.95850427	
169.7616392	-43.95667143	
169.7618885	-43.95206514	
169.7676231	-43.95267345	
169.7693807	-43.95063957	
169.7695532	-43.94744487	
169.7679964	-43.94576399	
169.7567183	-43.94485013	
169.7551842	-43.94845274	
169.7529221	-43.94838867	
169.7502727	-43.95166198	
169.7466332	-43.95230283	
169.7442409	-43.95841086	
169.7409661	-43.95802017	
169.7392777	-43.96065089	
169.7338703	-43.96347332	
169.7309323	-43.96257107	
169.7308064	-43.96487418	
169.7214416	-43.97033629	
169.7212276	-43.97799441	
169.7233025	-43.97961634	
169.7240207	-43.98343177	
169.7226924	-43.98510524	
169.723863	-43.9881895	
169.7332711	-44.00460471	
169.738067	-44.0092801	
169.7416331	-44.01005112	
169.7429405	-44.01254372	
169.749549	-44.00856427	
169.7571718	-44.00677096	
169.7640117	-44.00800579	
169.784698	-44.00672716	
169.8055465	-44.00046405	
169.8095042	-44.00935408	
169.8087	-44.01476337	
169.8103387	-44.02076141	
169.8086474	-44.02540199	
169.8102468	-44.03214299	
169.8036751	-44.03739188	
169.8090597	-44.04582425	
169.8068011	-44.05788044	
169.8082944	-44.06152059	
169.8146527	-44.06614245	
169.8131249	-44.07001624	
169.8181285	-44.07528826	
169.8204097	-44.08069642	
169.8242273	-44.08207208	
169.8247999	-44.08372845	
169.8311103	-44.08517272	
169.8325818	-44.08811286	
169.8390742	-44.08822997	
169.8432172	-44.09234996	
169.8413929	-44.09612108	
169.8313485	-44.10490466	
169.8259652	-44.1080227	
169.821123	-44.10739585	
169.8161166	-44.10503851	
169.8156928	-44.09855529	
169.8113605	-44.09960623	
169.8092518	-44.09905464	
169.8058855	-44.09263378	
169.8027333	-44.0914164	
169.8002565	-44.0883745	
169.7988671	-44.08351959	
169.7949616	-44.08251881	
169.7923833	-44.07370629	
169.7760603	-44.06748169	
169.7717904	-44.06866988	
169.7711571	-44.07275484	
169.7815359	-44.07298666	
169.7849137	-44.07611371	
169.7827828	-44.08045408	
169.7873245	-44.08188929	
169.7885464	-44.08370725	
169.7928887	-44.08579071	
169.794487	-44.0898191	
169.7937892	-44.0920591	
169.7981232	-44.09277453	
169.8011611	-44.09458346	
169.8010426	-44.09987204	
169.8091447	-44.10265397	
169.8117492	-44.10641267	
169.8113751	-44.10878064	
169.8144524	-44.10833083	
169.8313643	-44.11307917	
169.8338931	-44.11207859	
169.832992	-44.10884304	
169.8341005	-44.10661416	
169.8408927	-44.10144978	
169.843165	-44.10216624	
169.8379095	-44.11415122	
169.8286207	-44.11811693	
169.8270448	-44.11516	
169.824037	-44.11584992	
169.8207513	-44.12331769	
169.8180671	-44.13546642	
169.8098214	-44.14471197	
169.8029881	-44.14546622	
169.8036465	-44.1487455	
169.7999206	-44.14932843	
169.7991656	-44.15474582	
169.7947168	-44.1563721	
169.7928513	-44.15915125	
169.7889108	-44.15929869	
169.7880085	-44.16277383	
169.7931638	-44.16796223	
169.7826193	-44.17509407	
169.7811733	-44.17793713	
169.7830589	-44.17892002	
169.7884263	-44.17525631	
169.7909972	-44.17551407	
169.798519	-44.16781728	
169.8083906	-44.16204554	
169.8110799	-44.16491055	
169.8091241	-44.17006517	
169.8098183	-44.17640944	
169.8163852	-44.18654385	
169.8126585	-44.20713763	
169.8117956	-44.21519032	
169.8127961	-44.22070594	
169.8111033	-44.23080658	
169.8055661	-44.23738365	
169.8072031	-44.23908576	
169.8050438	-44.24579295	
169.8056522	-44.25815071	
169.8092779	-44.27059202	
169.8033897	-44.27362836	
169.8031757	-44.27465083	
169.8071638	-44.27738951	
169.8042299	-44.28759227	
169.8048647	-44.29058081	
169.8018665	-44.29440657	
169.8089835	-44.29693416	
169.8110061	-44.30370716	
169.8013829	-44.30871836	
169.7899451	-44.30134072	
169.7843235	-44.29940197	
169.7820217	-44.29961191	
169.7812959	-44.30596608	
169.7870762	-44.30674417	
169.8015395	-44.31290374	
169.8036984	-44.31536253	
169.80115	-44.31659418	
169.7961859	-44.31659347	
169.7960567	-44.31898884	
169.7875735	-44.31697078	
169.7811095	-44.31117008	
169.7754539	-44.30984685	
169.7717107	-44.31022191	
169.7715918	-44.31241194	
169.7746196	-44.31290792	
169.7756693	-44.31643294	
169.7725559	-44.31751106	
169.7698989	-44.32072671	
169.7702937	-44.3222457	
169.7793094	-44.32325179	
169.7838587	-44.31858079	
169.7903763	-44.32164112	
169.7906319	-44.32397866	
169.7955555	-44.3265145	
169.7961965	-44.32879418	
169.7991406	-44.33086361	
169.791045	-44.33577933	
169.7912896	-44.33832218	
169.7956651	-44.33864941	
169.80048	-44.34145615	
169.805735	-44.33949858	
169.8086265	-44.34144202	
169.8111192	-44.3452378	
169.8095309	-44.34877743	
169.8147667	-44.35358063	
169.8130212	-44.35632759	
169.8132358	-44.3597737	
169.8117664	-44.36109486	
169.8004867	-44.36092611	
169.8008389	-44.36365936	
169.8046143	-44.36405061	
169.8081056	-44.36601063	
169.8194284	-44.36539142	
169.82142	-44.36738136	
169.8280812	-44.36799458	
169.8341757	-44.37174532	
169.8331028	-44.37687612	
169.8241417	-44.37627167	
169.8187269	-44.37848773	
169.8159791	-44.3812788	
169.8173147	-44.38246234	
169.8342607	-44.38727136	
169.8361158	-44.38961582	
169.8265515	-44.38902577	
169.810704	-44.39250751	
169.8021819	-44.39584532	
169.8021647	-44.39817535	
169.8051982	-44.39818162	
169.8120852	-44.39503151	
169.818002	-44.39379637	
169.8265485	-44.3940315	
169.8324336	-44.39947545	
169.8316768	-44.40147444	
169.8368745	-44.40153918	
169.8404294	-44.40396692	
169.8391772	-44.40509791	
169.8260015	-44.40629034	
169.8228638	-44.40822385	
169.8263767	-44.40940795	
169.8319287	-44.40893886	
169.8386799	-44.41036669	
169.8422767	-44.41201868	
169.8428147	-44.41413079	
169.8400307	-44.41553065	
169.8301409	-44.41603661	
169.8301414	-44.41805637	
169.8333386	-44.41907621	
169.8350793	-44.42098827	
169.8336315	-44.42374517	
169.8270828	-44.42255569	
169.8240148	-44.42317056	
169.8236029	-44.42479057	
169.8279579	-44.42646383	
169.8297033	-44.43031816	
169.8345325	-44.4292076	
169.8363066	-44.43049909	
169.8364949	-44.43306775	
169.8328444	-44.43646348	
169.8338704	-44.44161861	
169.8273869	-44.44322755	
169.8249129	-44.44082915	
169.8225351	-44.44068614	
169.8203574	-44.44287905	
169.8151394	-44.44312382	
169.8144315	-44.44419187	
169.8255096	-44.44791464	
169.8252266	-44.44914978	
169.8115323	-44.45576436	
169.8128902	-44.45673399	
169.8297347	-44.45610951	
169.834055	-44.45848065	
169.8295523	-44.45952252	
169.8120861	-44.45958609	
169.8063916	-44.46059419	
169.8052333	-44.46196048	
169.8064579	-44.4633926	
169.8117693	-44.46346149	
169.8180307	-44.46604211	
169.8218842	-44.46498284	
169.8283457	-44.46585937	
169.8283628	-44.46756884	
169.8233679	-44.46968454	
169.8223725	-44.47206534	
169.8236852	-44.47388809	
169.8250976	-44.47384918	
169.8320427	-44.47178684	
169.8317734	-44.47682878	
169.8256317	-44.47805868	
169.8252402	-44.47929085	
169.8339083	-44.48154814	
169.8347757	-44.4835916	
169.8336301	-44.48472548	
169.8255871	-44.48497115	
169.8233073	-44.48296652	
169.81061	-44.47896605	
169.8108182	-44.4811469	
169.8172732	-44.48621868	
169.8168357	-44.48830406	
169.8102008	-44.4885874	
169.8052369	-44.49008176	
169.8084906	-44.49336043	
169.8080948	-44.49468093	
169.799306	-44.49528182	
169.7977918	-44.49837369	
169.7945579	-44.49900731	
169.7924802	-44.50316826	
169.7884237	-44.50378311	
169.778182	-44.4971408	
169.7750757	-44.49367037	
169.767309	-44.49160781	
169.7676419	-44.48813069	
169.7579494	-44.48201446	
169.7486874	-44.48113914	
169.7357563	-44.47667304	
169.7307553	-44.47386559	
169.7288286	-44.47504161	
169.7287568	-44.47893625	
169.7219905	-44.47956494	
169.7218375	-44.48232929	
169.7248634	-44.48200488	
169.7294414	-44.48469807	
169.7344055	-44.4829926	
169.7489393	-44.48699116	
169.7530925	-44.49223498	
169.7530897	-44.49490101	
169.7490672	-44.50032531	
169.7443182	-44.50070445	
169.7445199	-44.50224827	
169.738331	-44.50535529	
169.7362963	-44.50847673	
169.7328456	-44.50868694	
169.7287151	-44.51082615	
169.7279165	-44.5149053	
169.7257135	-44.51586841	
169.7193481	-44.51435498	
169.7139743	-44.51563806	
169.7101223	-44.51532348	
169.699607	-44.50856358	
169.6950459	-44.50812569	
169.6892545	-44.50149967	
169.6882304	-44.4941896	
169.6857532	-44.49237533	
169.6837447	-44.49498393	
169.6834635	-44.50256426	
169.6783584	-44.50672464	
169.6797087	-44.50819907	
169.6807963	-44.5066921	
169.6835945	-44.50790039	
169.6833594	-44.51209802	
169.6882699	-44.51141839	
169.6906107	-44.51312612	
169.6764719	-44.52246252	
169.6777369	-44.52290905	
169.6840109	-44.52093563	
169.6855451	-44.51913379	
169.6923738	-44.52004708	
169.6953784	-44.51500572	
169.7007297	-44.51413304	
169.7068027	-44.51574174	
169.7112373	-44.51954394	
169.7179545	-44.52051607	
169.7191506	-44.52258152	
169.7184271	-44.52381116	
169.7100269	-44.52560411	
169.7063301	-44.53315623	
169.6964721	-44.54537695	
169.6944392	-44.55047587	
169.6887399	-44.55468857	
169.6857498	-44.55999278	
169.6772677	-44.55928089	
169.6826181	-44.56440249	
169.6858856	-44.56458983	
169.6915565	-44.56165871	
169.6928499	-44.56197689	
169.6944734	-44.56577276	
169.6925885	-44.57134317	
169.6982336	-44.56887966	
169.6999191	-44.56452208	
169.7031131	-44.56367572	
169.7092539	-44.55935108	
169.7097811	-44.55458549	
169.7147789	-44.54957193	
169.7134781	-44.54405529	
169.720188	-44.54488136	
169.721174	-44.54312931	
169.7120545	-44.5344792	
169.7149772	-44.52985796	
169.720222	-44.52822677	
169.7260179	-44.52305098	
169.7287616	-44.51842436	
169.7435211	-44.50854237	
169.755017	-44.50301698	
169.7571697	-44.49939029	
169.7604248	-44.49833725	
169.7626999	-44.50221513	
169.765319	-44.50305123	
169.7761393	-44.50335328	
169.7796022	-44.50828099	
169.7839139	-44.50799771	
169.7937235	-44.51223717	
169.795184	-44.51570874	
169.8039806	-44.51996041	
169.8065591	-44.52353959	
169.8064482	-44.52559558	
169.8028768	-44.53251301	
169.7995186	-44.53547066	
169.7950466	-44.53732973	
169.788081	-44.53797556	
169.7878878	-44.53957169	
169.7849512	-44.5406341	
169.7844467	-44.54206906	
169.7856541	-44.54339904	
169.7939022	-44.5427126	
169.7945932	-44.54570592	
169.7988359	-44.54612835	
169.802337	-44.54843665	
169.7974375	-44.55226683	
169.7939803	-44.55308629	
169.7920065	-44.55211649	
169.7840713	-44.55487058	
169.7750745	-44.55164615	
169.7726045	-44.55195863	
169.7692852	-44.55415392	
169.7714219	-44.55604381	
169.7720953	-44.55934185	
169.7732087	-44.56044055	
169.7769364	-44.56054436	
169.7841437	-44.55746548	
169.7879942	-44.5572673	
169.7895735	-44.56158173	
169.7921214	-44.56180485	
169.7931426	-44.55870643	
169.8009508	-44.5563295	
169.8054398	-44.55813115	
169.8052888	-44.55500029	
169.8088363	-44.55250523	
169.8117444	-44.55197525	
169.8257579	-44.56113007	
169.825667	-44.56307253	
169.8240911	-44.56382764	
169.8283157	-44.56573955	
169.8301123	-44.56868254	
169.8314848	-44.56911924	
169.8344005	-44.56680405	
169.8378212	-44.56809491	
169.8390768	-44.57072362	
169.8458872	-44.5739028	
169.8503247	-44.57971129	
169.8530441	-44.58108239	
169.849883	-44.58538709	
169.8456842	-44.58557225	
169.843197	-44.58769983	
169.8355717	-44.58928805	
169.8305787	-44.58865269	
169.8208014	-44.58090084	
169.8084278	-44.58123366	
169.7993703	-44.58618871	
169.8005981	-44.58839059	
169.8105808	-44.58436502	
169.8197339	-44.58518461	
169.8250635	-44.58955033	
169.8326352	-44.59235415	
169.8444542	-44.59218964	
169.8530997	-44.58763714	
169.8591753	-44.58869451	
169.8652621	-44.58739868	
169.8669948	-44.58898726	
169.8655968	-44.59609014	
169.8599524	-44.59545054	
169.8503559	-44.60078919	
169.8455526	-44.59927914	
169.8409283	-44.60718655	
169.8425821	-44.60812419	
169.8470163	-44.60378191	
169.8597863	-44.60072041	
169.8660326	-44.60072713	
169.8673998	-44.60279267	
169.8653808	-44.62375435	
169.8571491	-44.63326887	
169.8346602	-44.63517286	
169.8345091	-44.64011856	
169.8439438	-44.63583154	
169.8581418	-44.6359735	
169.86096	-44.63426463	
169.8646367	-44.63136174	
169.8682878	-44.6246443	
169.8708868	-44.622767	
169.8714928	-44.61775245	
169.8748555	-44.61216307	
169.8809829	-44.61013714	
169.8853513	-44.6113094	
169.894873	-44.62251896	
169.8983847	-44.62488489	
169.899759	-44.62467819	
169.9003452	-44.62866983	
169.9030303	-44.62947181	
169.9021724	-44.63066604	
169.906911	-44.63566097	
169.9093738	-44.63637572	
169.9099193	-44.63898679	
169.9170011	-44.64266421	
169.9149816	-44.63344155	
169.9066723	-44.6337072	
169.9109945	-44.62927839	
169.9048129	-44.62797767	
169.9054862	-44.62596708	
169.9104159	-44.62512475	
169.9112821	-44.6237684	
169.9026549	-44.62361955	
169.9021057	-44.62108947	
169.9045062	-44.61863814	
169.8980153	-44.61676076	
169.8998656	-44.61397024	
169.8938036	-44.61259093	
169.896007	-44.60956649	
169.8974688	-44.60984903	
169.8978146	-44.60758628	
169.8962279	-44.60535298	
169.8975858	-44.60357976	
169.8933531	-44.60294771	
169.8917297	-44.60102377	
169.8924231	-44.59818927	
169.8893906	-44.5954494	
169.8921615	-44.5928003	
169.8914003	-44.59174241	
169.8844978	-44.59013059	
169.8831639	-44.58789007	
169.8798625	-44.58682861	
169.8793049	-44.58363628	
169.8832227	-44.58160185	
169.8833815	-44.58030926	
169.8807317	-44.57894112	
169.8783692	-44.5755705	
169.8805138	-44.57102436	
169.8773142	-44.56977101	
169.8759947	-44.56727139	
169.8778008	-44.56226226	
169.8766746	-44.56125926	
169.87082	-44.56220365	
169.8703108	-44.56154146	
169.8702378	-44.55434181	
169.8693204	-44.55282562	
169.8661152	-44.55170145	
169.8657114	-44.54390924	
169.8687967	-44.54386299	
169.8745298	-44.53831156	
169.8778231	-44.53775194	
169.8803475	-44.53457777	
169.885466	-44.53205694	
169.8897411	-44.53178276	
169.8991334	-44.53592518	
169.9087871	-44.5437698	
169.9117312	-44.54469127	
169.9235505	-44.53359341	
169.9250784	-44.54433297	
169.9271576	-44.54445297	
169.9282106	-44.54337857	
169.9290726	-44.5372414	
169.9317853	-44.53562737	
169.9383614	-44.54170195	
169.9385336	-44.55065469	
169.9466688	-44.55819639	
169.9471274	-44.56689724	
169.9494958	-44.56670022	
169.9514007	-44.56493476	
169.9521308	-44.56132284	
169.9600123	-44.56503121	
169.9629241	-44.56484815	
169.9654284	-44.56199588	
169.9645339	-44.55821168	
169.9682362	-44.55675238	
169.965273	-44.55440541	
169.9585357	-44.5566928	
169.954024	-44.55625013	
169.9517926	-44.55379234	
169.9439969	-44.5502153	
169.9434061	-44.54760605	
169.9448512	-44.54595826	
169.9495236	-44.54854532	
169.9497319	-44.5497828	
169.9530891	-44.54974142	
169.9537442	-44.54405259	
169.9530358	-44.54195904	
169.9465201	-44.5417227	
169.941532	-44.53426546	
169.9414953	-44.53259344	
169.9454013	-44.53076159	
169.9443591	-44.52712817	
169.948297	-44.52705607	
169.9503518	-44.52535118	
169.9495097	-44.52260257	
169.9432843	-44.51936023	
169.9448513	-44.51280533	
169.9515638	-44.50656186	
169.9582321	-44.50594563	
169.9609842	-44.5097997	
169.9625663	-44.51010505	
169.9649959	-44.50585922	
169.9635398	-44.50309463	
169.9598208	-44.50132603	
169.962204	-44.4955839	
169.9565356	-44.49350017	
169.9556306	-44.49198123	
169.9577932	-44.49054292	
169.9611523	-44.49212627	
169.9626235	-44.48979023	
169.9677694	-44.49247563	
169.9694276	-44.49849959	
169.9769959	-44.49948892	
169.9820945	-44.49830265	
169.9818494	-44.49345908	
169.9896024	-44.49322112	
169.9924628	-44.49496646	
169.9925213	-44.4986618	
169.9909372	-44.50081937	
169.9920843	-44.50243223	
169.9960606	-44.50156798	
170.0070794	-44.50238088	
170.0114004	-44.50442727	
170.0141015	-44.50203439	
170.0146553	-44.49835487	
170.0187926	-44.49916499	
170.0198229	-44.49822408	
170.0191315	-44.49486429	
170.0141587	-44.49113037	
170.0142427	-44.48946154	
170.0170084	-44.48821358	
170.0152518	-44.48649733	
170.0156076	-44.48430781	
170.0182371	-44.48332016	
170.0212382	-44.48471659	
170.0233416	-44.48441888	
170.0301652	-44.4781739	
170.0347262	-44.47785103	
170.0378984	-44.47582148	
170.0409478	-44.47625122	
170.0421748	-44.48120757	
170.0359572	-44.48271962	
170.0301509	-44.48582493	
170.0276701	-44.4887515	
170.0237172	-44.48917769	
170.0217885	-44.49088706	
170.0263711	-44.49751287	
170.0265803	-44.50314684	
170.02626	-44.50463372	
170.020518	-44.50395852	
170.0183909	-44.50715785	
170.0207487	-44.50915333	
170.0207824	-44.51337565	
170.0222246	-44.51402835	
170.0265651	-44.51326033	
170.029949	-44.51686497	
170.0290761	-44.51956894	
170.0247787	-44.52192121	
170.0242958	-44.52419543	
170.0253479	-44.5252778	
170.0318508	-44.52553245	
170.034385	-44.52893927	
170.0378757	-44.53043565	
170.0373756	-44.53552375	
170.0388843	-44.53732121	
170.0330464	-44.54095365	
170.0249541	-44.54048244	
170.0220545	-44.54190309	
170.0282607	-44.54320563	
170.0421609	-44.54312133	
170.0450472	-44.54442615	
170.0473338	-44.55283922	
170.042561	-44.55729078	
170.0405342	-44.56339528	
170.046181	-44.56116468	
170.0461982	-44.55835087	
170.0507999	-44.55486221	
170.0542906	-44.54897064	
170.0549869	-44.5448549	
170.0521565	-44.53994599	
170.0513919	-44.5330668	
170.0532812	-44.52968496	
170.0631402	-44.53169402	
170.0688217	-44.52987955	
170.0685003	-44.53280595	
170.0722655	-44.53330267	
170.0738471	-44.53253941	
170.0773072	-44.53353025	
170.0848866	-44.53924284	
170.0854618	-44.5446787	
170.0797269	-44.54995586	
170.0801515	-44.55558875	
170.0763323	-44.55900644	
170.079233	-44.55998307	
170.0758194	-44.56371215	
170.0754485	-44.57123253	
170.0767375	-44.57357413	
170.0715586	-44.57605385	
170.0714496	-44.57825982	
170.065501	-44.58405097	
170.0664697	-44.58602287	
170.070337	-44.58688258	
170.0722526	-44.58887832	
170.0710037	-44.59257228	
170.0560902	-44.59939195	
170.0489377	-44.59785561	
170.0431088	-44.59829995	
170.0371402	-44.60153457	
170.0388269	-44.6033557	
170.0399133	-44.60296005	
170.0492777	-44.607686	
170.053401	-44.61295559	
170.053719	-44.61609645	
170.0478338	-44.62001113	
170.0357951	-44.62131315	
170.0212841	-44.61518414	
170.0189392	-44.609959	
170.014955	-44.60852886	
170.0135776	-44.60909565	
170.0168206	-44.61333439	
170.0183466	-44.61819139	
170.0118496	-44.61995145	
170.007979	-44.61979153	
170.0012553	-44.6226894	
169.982909	-44.62197311	
169.9985412	-44.62653704	
169.9877576	-44.63574103	
169.9826071	-44.63442187	
169.9820989	-44.63508604	
169.9860652	-44.63637449	
169.9863538	-44.64467985	
169.9884234	-44.64363281	
169.9896892	-44.6373999	
170.0014673	-44.62729003	
170.0054989	-44.62493861	
170.0155646	-44.622827	
170.0266357	-44.62192566	
170.0365942	-44.62429702	
170.0442652	-44.62262979	
170.0529256	-44.62251123	
170.0639594	-44.61517046	
170.0734838	-44.61913633	
170.075665	-44.61817524	
170.080511	-44.6184665	
170.0851437	-44.61106253	
170.0899014	-44.60983961	
170.099047	-44.61493405	
170.1029478	-44.61922592	
170.100376	-44.62377568	
170.0966364	-44.62577952	
170.0963877	-44.62845778	
170.1093735	-44.63196943	
170.1102521	-44.63081684	
170.1081671	-44.62539603	
170.1138355	-44.624782	
170.1186393	-44.62020346	
170.0932852	-44.59113288	
170.0887103	-44.58388751	
170.0875216	-44.57941145	
170.0931671	-44.57678458	
170.0912324	-44.57393471	
170.0898171	-44.56678255	
170.0974499	-44.56502238	
170.1010103	-44.55787996	
170.1052632	-44.55626438	
170.1068852	-44.55263174	
170.1055821	-44.54972962	
170.1103426	-44.53768114	
170.1184257	-44.53045918	
170.1123241	-44.52452885	
170.1073969	-44.52173238	
170.1044849	-44.51717482	
170.0939192	-44.5113906	
170.0952472	-44.5064215	
170.1010479	-44.50363429	
170.0935026	-44.50266911	
170.0917815	-44.50090098	
170.0917179	-44.4923608	
170.0888381	-44.492116	
170.0817244	-44.49711199	
170.0766907	-44.49655388	
170.0753228	-44.49496689	
170.074629	-44.49193067	
170.0768911	-44.48758906	
170.0760345	-44.48541122	
170.0775532	-44.48148209	
170.077284	-44.47716285	
170.0741557	-44.4697527	
170.0717045	-44.46572329	
170.0682896	-44.46658564	
170.0627212	-44.46471956	
170.0556058	-44.46005388	
170.0587186	-44.45556174	
170.0688861	-44.4569408	
170.0688424	-44.4553872	
170.0668233	-44.45481857	
170.0654823	-44.4527146	
170.057974	-44.45114407	
170.0568397	-44.44973524	
170.0456905	-44.45117629	
170.0431907	-44.44817995	
170.0461746	-44.44144233	
170.0416828	-44.43977511	
170.0416098	-44.43882448	
170.0468911	-44.43671683	
170.0453065	-44.43469262	
170.048363	-44.43132059	
170.0470506	-44.42852624	
170.0513201	-44.42653666	
170.0513198	-44.42475615	
170.0475687	-44.42167182	
170.0413782	-44.42125935	
170.0332278	-44.42988963	
170.0278176	-44.43337542	
170.0231482	-44.4344636	
170.0156372	-44.4320445	
170.0135309	-44.43510607	
170.0108877	-44.43471988	
170.0070915	-44.43608433	
170.0039464	-44.43861015	
170.0033879	-44.44088495	
170.0012794	-44.44019442	
169.9999598	-44.44526394	
169.9947198	-44.44905411	
169.9921348	-44.45451934	
169.9883061	-44.45473773	
169.9896252	-44.46024084	
169.986354	-44.46346243	
169.9846368	-44.46405362	
169.9793613	-44.46302581	
169.9766919	-44.45964939	
169.9726745	-44.45833615	
169.9709886	-44.45657508	
169.9730992	-44.45523129	
169.9761992	-44.45537592	
169.9811859	-44.44984651	
169.983841	-44.44476488	
169.9828466	-44.441623	
169.987519	-44.43875597	
169.9868404	-44.43638544	
169.9847644	-44.43512747	
169.9887429	-44.42832607	
169.9970162	-44.42559799	
170.0085875	-44.42793529	
170.0150321	-44.42385688	
170.0152523	-44.42261741	
170.0128079	-44.42096958	
170.0094547	-44.42326007	
170.0061677	-44.42266567	
170.0061068	-44.42073976	
170.009229	-44.4183302	
170.0045151	-44.4162839	
170.007012	-44.41374501	
170.0036076	-44.41235511	
170.0076291	-44.40776157	
170.0068016	-44.40694778	
170.0026757	-44.40735032	
170.0024344	-44.40587251	
170.0055589	-44.40340652	
170.0104169	-44.40257003	
170.0138435	-44.40350752	
170.0157775	-44.39801082	
170.0114506	-44.39614454	
170.0161272	-44.38947351	
170.0135578	-44.38719985	
170.0128121	-44.38004919	
170.0106942	-44.37665514	
170.0236222	-44.36589544	
170.0262985	-44.36602092	
170.0280484	-44.36889583	
170.0317349	-44.37091487	
170.0316277	-44.37306284	
170.0299304	-44.37386822	
170.0310728	-44.37627468	
170.0350697	-44.37524529	
170.0364856	-44.37216871	
170.040668	-44.37216264	
170.0471672	-44.37634724	
170.045963	-44.37993873	
170.0481841	-44.38129719	
170.0508381	-44.37870482	
170.0544528	-44.38060807	
170.0540603	-44.37578729	
170.0558977	-44.37373998	
170.063129	-44.38230026	
170.0657755	-44.3830466	
170.0662951	-44.38051291	
170.0645613	-44.37724657	
170.0684274	-44.37621239	
170.0684168	-44.3737589	
170.0673644	-44.3710903	
170.0616712	-44.36651109	
170.0631549	-44.3577738	
170.0601189	-44.35533776	
170.0644835	-44.34950433	
170.0650495	-44.34602757	
170.0706964	-44.34617082	
170.0711321	-44.34533267	
170.0691795	-44.34226382	
170.0634947	-44.34023243	
170.062392	-44.33860037	
170.0785814	-44.34089783	
170.0816617	-44.33974904	
170.0821249	-44.33834542	
170.0679181	-44.33317377	
170.0679307	-44.33024909	
170.0705875	-44.32701406	
170.069817	-44.32397516	
170.0749582	-44.32099173	
170.0736579	-44.3180338	
170.0751897	-44.31627985	
170.078814	-44.31740945	
170.0804113	-44.32235626	
170.0860095	-44.3288193	
170.0873315	-44.32866392	
170.0858509	-44.32400324	
170.0877004	-44.32112489	
170.0837372	-44.31885478	
170.0852482	-44.31483567	
170.0799713	-44.30989034	
170.0787264	-44.30580161	
170.079524	-44.30025485	
170.0825837	-44.29948298	
170.0841332	-44.29735196	
170.0855702	-44.28946247	
170.0870318	-44.28912193	
170.0876533	-44.28715616	
170.0970894	-44.29260142	
170.0957223	-44.29555421	
170.0968927	-44.29663793	
170.1058644	-44.29326095	
170.1104942	-44.29364045	
170.1077113	-44.29805151	
170.1081731	-44.30113808	
170.1203539	-44.30223312	
170.1270273	-44.30591357	
170.1369041	-44.31424155	
170.1426572	-44.32185172	
170.1424846	-44.32544955	
170.1447272	-44.32717424	
170.1443986	-44.32892323	
170.1400483	-44.33285704	
170.1407228	-44.33410371	
170.14391	-44.33400679	
170.1476745	-44.33207907	
170.1495843	-44.3330926	
170.1462711	-44.33582223	
170.1425527	-44.33678463	
170.1425065	-44.34029772	
170.1456096	-44.33940797	
170.1468025	-44.3375046	
170.1564734	-44.33493153	
170.1601538	-44.33475844	
170.1630087	-44.33649778	
170.1644435	-44.33978362	
170.1622572	-44.344562	
170.1695399	-44.34588262	
170.1715479	-44.34742529	
170.1690797	-44.35298758	
170.1715048	-44.3534862	
170.1721719	-44.35490818	
170.1681593	-44.35946629	
170.1685901	-44.3607068	
170.1812196	-44.36294808	
170.1824569	-44.36197671	
170.1854274	-44.36721614	
170.1792594	-44.37124357	
170.1684438	-44.37306818	
170.1616355	-44.37762872	
170.1628721	-44.38062742	
170.1687323	-44.37989147	
170.1720277	-44.38151121	
170.1721078	-44.38305231	
170.1680482	-44.3846021	
170.167199	-44.38634034	
170.1697604	-44.38728253	
170.171946	-44.38645646	
170.1744919	-44.38772798	
170.1768619	-44.38624669	
170.1839631	-44.3852104	
170.1912615	-44.38648716	
170.192414	-44.38805426	
170.1968912	-44.38739323	
170.1984846	-44.38611256	
170.2007882	-44.39254467	
170.1983204	-44.3961129	
170.1909014	-44.39736227	
170.1744768	-44.39773203	
170.1699724	-44.39894123	
170.1594304	-44.39813326	
170.15801	-44.3989779	
170.1586656	-44.40130272	
170.162332	-44.4020338	
170.1636528	-44.40470932	
170.157881	-44.40975961	
170.1631155	-44.4104544	
170.1664938	-44.4086492	
170.1676435	-44.40386307	
170.1697061	-44.40202557	
170.1829742	-44.39989494	
170.1895143	-44.4008091	
170.1936403	-44.39987085	
170.2041527	-44.40031403	
170.2039755	-44.40408559	
170.2067186	-44.40736127	
170.2065991	-44.40990708	
170.2087866	-44.41099819	
170.2026884	-44.41745873	
170.2020853	-44.42188077	
170.2040795	-44.42428883	
170.2022523	-44.42953086	
170.2043	-44.43080745	
170.2040399	-44.43353865	
170.2007973	-44.43525385	
170.2058454	-44.43716925	
170.2024268	-44.43982421	
170.2022197	-44.44142393	
170.1957735	-44.44400554	
170.1955885	-44.44513382	
170.1794884	-44.44842439	
170.1747707	-44.44509994	
170.1703361	-44.44414211	
170.1681674	-44.44541067	
170.1701835	-44.44734788	
170.1689972	-44.45288831	
170.1642236	-44.45626424	
170.1586857	-44.45631733	
170.157747	-44.45940942	
170.1625685	-44.46056597	
170.1640043	-44.46362183	
170.1668783	-44.46416412	
170.1722418	-44.45948092	
170.1815	-44.45602505	
170.190079	-44.45576145	
170.1935577	-44.45745049	
170.192902	-44.46017208	
170.1893631	-44.46254059	
170.1837844	-44.4634435	
170.1857302	-44.46688903	
170.1895842	-44.46622739	
170.1959815	-44.46194576	
170.1918225	-44.46628165	
170.18523	-44.47744922	
170.1719729	-44.48175192	
170.164493	-44.48100279	
170.1603438	-44.48505466	
170.1613479	-44.48611762	
170.1646181	-44.48666964	
170.1743316	-44.48483012	
170.1786895	-44.4819156	
170.189654	-44.47868931	
170.1978668	-44.47228047	
170.1985063	-44.46710418	
170.202622	-44.46087911	
170.2052715	-44.46339732	
170.2083749	-44.4618674	
170.2095344	-44.45962985	
170.2107403	-44.46201875	
170.214242	-44.46323572	
170.2141802	-44.46455576	
170.2021205	-44.47153367	
170.2015124	-44.47604996	
170.2115339	-44.47600829	
170.2127899	-44.47452818	
170.2212183	-44.4718987	
170.2268374	-44.46448172	
170.2260089	-44.45681595	
170.2277334	-44.45657403	
170.2280934	-44.45450597	
170.2248355	-44.45151999	
170.228149	-44.44991217	
170.2225183	-44.44439959	
170.2265887	-44.44233546	
170.2261902	-44.43510288	
170.230147	-44.43546117	
170.2293532	-44.43175318	
170.2327771	-44.43153851	
170.2326255	-44.43034886	
170.2361225	-44.42864583	
170.2438898	-44.42690942	
170.2464557	-44.4294043	
170.2550034	-44.43011954	
170.2574208	-44.43197016	
170.2564851	-44.42900176	
170.2538361	-44.42829851	
170.2527102	-44.42558177	
170.250603	-44.42476318	
170.2472695	-44.42589991	
170.2496776	-44.42227388	
170.2465089	-44.41955423	
170.2494476	-44.41584638	
170.2534625	-44.41735829	
170.2545732	-44.41899012	
170.2590355	-44.41937913	
170.2610721	-44.42093836	
170.2678607	-44.42232641	
170.2808567	-44.4320762	
170.2816835	-44.43417329	
170.2876368	-44.43657934	
170.2906393	-44.44590467	
170.2879377	-44.45311335	
170.2837514	-44.45528189	
170.2824668	-44.45742391	
170.281366	-44.46419777	
170.2734956	-44.48053995	
170.2752755	-44.48199838	
170.2809201	-44.48260305	
170.2826591	-44.48207717	
170.2791119	-44.4788775	
170.2795697	-44.47463845	
170.2845448	-44.4638945	
170.2853783	-44.46296962	
170.2882333	-44.46398083	
170.2886629	-44.46323536	
170.2899332	-44.45561545	
170.2949477	-44.44392763	
170.3058195	-44.43964774	
170.3071326	-44.43684508	
170.2937979	-44.43829012	
170.2894173	-44.43314958	
170.2812849	-44.4283932	
170.2763269	-44.42150666	
170.2728518	-44.42063768	
170.2712043	-44.41823722	
170.2675605	-44.41626198	
170.2608233	-44.41468585	
170.2575662	-44.40909817	
170.2619964	-44.40241833	
170.2695904	-44.39742757	
170.2788941	-44.39863657	
170.2813992	-44.40089543	
170.2824448	-44.40487999	
170.2840858	-44.40590849	
170.2853421	-44.40527794	
170.2861586	-44.40419707	
170.2842784	-44.39832296	
170.2812456	-44.39418176	
170.2912037	-44.39111511	
170.2959244	-44.39188544	
170.2973385	-44.39114845	
170.2994615	-44.38492796	
170.3034415	-44.3817207	
170.3103755	-44.38441198	
170.3118775	-44.38851685	
170.319233	-44.39209732	
170.3213339	-44.38631597	
170.3227377	-44.38579843	
170.3295642	-44.38749602	
170.3277139	-44.37403345	
170.329537	-44.37099553	
170.3358033	-44.37146988	
170.3386856	-44.37560612	
170.3431495	-44.37867858	
170.3459005	-44.38578155	
170.3491233	-44.38574535	
170.3473172	-44.38152407	
170.350975	-44.38204778	
170.3536677	-44.38012937	
170.3532013	-44.37681877	
170.3501078	-44.37740802	
170.343468	-44.37153598	
170.333539	-44.36723779	
170.3313249	-44.36531679	
170.3289672	-44.35976245	
170.3290263	-44.35844382	
170.3336654	-44.35756077	
170.3317787	-44.35600309	
170.3321489	-44.35344426	
170.3362749	-44.35262237	
170.3398965	-44.34592052	
170.3399946	-44.34372218	
170.3360739	-44.33996435	
170.3372995	-44.33540799	
170.3338245	-44.33312738	
170.3294938	-44.33284412	
170.3334697	-44.32963492	
170.3343664	-44.32672145	
170.3379883	-44.32570455	
170.3381028	-44.32313982	
170.3314341	-44.31803483	
170.3326105	-44.31457767	
170.3313747	-44.30794735	
170.3338919	-44.30305404	
170.3357185	-44.30217922	
170.3407878	-44.30302943	
170.3425082	-44.30453604	
170.3422633	-44.3100319	
170.3455637	-44.31047446	
170.3501915	-44.31553189	
170.3521626	-44.3229123	
170.3490949	-44.32871029	
170.3498117	-44.329827	
170.3571886	-44.33054586	
170.3595181	-44.32986551	
170.3612316	-44.33155503	
170.3687868	-44.32824282	
170.3731012	-44.32889098	
170.3754707	-44.32729432	
170.3859423	-44.32734795	
170.394061	-44.32863131	
170.3998428	-44.3366466	
170.3950002	-44.34222245	
170.3924475	-44.34216498	
170.3900859	-44.34357879	
170.3947281	-44.34845119	
170.4025389	-44.33927441	
170.4073385	-44.31991905	
170.4113956	-44.31693378	
170.4099017	-44.31433694	
170.4116623	-44.31078756	
170.4241811	-44.30196683	
170.427374	-44.30242238	
170.4296148	-44.30426655	
170.4305154	-44.29992878	
170.4331327	-44.29716714	
170.430723	-44.29096151	
170.4315848	-44.28752006	
170.4358255	-44.28018029	
170.4410686	-44.27440059	
170.4414773	-44.26902651	
170.4451918	-44.26141844	
170.4482264	-44.26135727	
170.4524263	-44.26324424	
170.4545228	-44.26008617	
170.4579899	-44.2582399	
170.4643703	-44.26337856	
170.4633296	-44.25848532	
170.4656307	-44.25469071	
170.4649681	-44.24929309	
170.4696758	-44.24760184	
170.4724509	-44.24522732	
170.4715229	-44.24187465	
170.4755661	-44.23901512	
170.474153	-44.23026877	
170.4782816	-44.22536033	
170.4954852	-44.22740052	
170.5022004	-44.23305701	
170.5161505	-44.24053486	
170.5171235	-44.24286275	
170.5230579	-44.24593783	
170.5230397	-44.25067959	
170.5313161	-44.25752114	
170.5320747	-44.26074146	
170.5402386	-44.26604192	
170.5411972	-44.26875376	
170.5396028	-44.27282115	
170.5426212	-44.27731155	
170.544287	-44.27795479	
170.5490238	-44.27592761	
170.5497138	-44.2745745	
170.5479053	-44.27225665	
170.551212	-44.26898332	
170.5544004	-44.26859484	
170.5602675	-44.26993442	
170.5706837	-44.26863383	
170.575056	-44.24874787	
170.5786168	-44.24688967	
170.5785511	-44.24359542	
170.5769031	-44.24248715	
170.5741372	-44.23212103	
170.5755145	-44.23007396	
170.5675725	-44.22217606	
170.5660248	-44.21137875	
170.5621856	-44.20903375	
170.5602535	-44.19852142	
170.5639407	-44.19491999	
170.5710039	-44.19535164	
170.5759817	-44.19871079	
170.5895111	-44.20465392	
170.5902203	-44.20169707	
170.5858653	-44.19750253	
170.586304	-44.19637964	
170.6011454	-44.19414143	
170.5986474	-44.19267451	
170.5844187	-44.19435917	
170.574407	-44.194067	
170.5681249	-44.1921444	
170.5656221	-44.19248963	
170.5622005	-44.18823942	
170.5585023	-44.18595241	
170.5587452	-44.18389712	
170.5602901	-44.18307123	
170.568452	-44.18381558	
170.5689637	-44.18296784	
170.5632182	-44.17952726	
170.5627947	-44.17625598	
170.5601349	-44.17322367	
170.5603777	-44.17116837	
170.5640511	-44.170788	
170.5652681	-44.16823811	
170.5608377	-44.16768679	
170.5568692	-44.16580615	
170.5642464	-44.15759303	
170.5585277	-44.1580356	
170.5579003	-44.15697622	
170.5705157	-44.14086451	
170.5697688	-44.13835269	
170.5678977	-44.13739636	
170.5621553	-44.14466173	
170.5588124	-44.14336854	
170.5588724	-44.14016052	
170.5617969	-44.13782807	
170.5635588	-44.13277115	
170.5615714	-44.12946897	
170.5569306	-44.13400652	
170.5558789	-44.1372445	
170.5522309	-44.13823699	
170.5535653	-44.14539703	
170.5572057	-44.14980408	
170.5523764	-44.15556619	
170.5469199	-44.15438756	
170.5399993	-44.149861	
170.5401025	-44.14734831	
170.5341825	-44.13902696	
170.5371881	-44.13475508	
170.5399172	-44.13481207	
170.5431139	-44.13695804	
170.5470233	-44.13616917	
170.54904	-44.13170536	
170.5481491	-44.12706817	
170.5494388	-44.12195837	
170.5531836	-44.11845734	
170.5490139	-44.11650081	
170.549395	-44.11422571	
170.5545912	-44.11220838	
170.5585826	-44.10793405	
170.5626989	-44.10765781	
170.5655259	-44.10543428	
170.5718788	-44.1053808	
170.5747196	-44.10379294	
170.5781583	-44.10357093	
170.5846824	-44.09770577	
170.5971429	-44.10461492	
170.6012829	-44.10523059	
170.6047096	-44.11348067	
170.6085614	-44.11314862	
170.6091284	-44.1112186	
170.6069798	-44.1077613	
170.6071123	-44.10035004	
170.5951802	-44.09451214	
170.602726	-44.09160934	
170.6025989	-44.08866461	
170.6003667	-44.08732371	
170.5891777	-44.08744357	
170.5801278	-44.09119658	
170.5731269	-44.09069652	
170.5696079	-44.09291731	
170.5695292	-44.09485745	
170.5666358	-44.09573795	
170.5650042	-44.09570354	
170.5640652	-44.09068212	
170.5738642	-44.08442982	
170.565972	-44.08017858	
170.5687032	-44.07374201	
170.5770023	-44.06611316	
170.5891135	-44.06296272	
170.589164	-44.06170685	
170.5930836	-44.05995568	
170.5946038	-44.05464545	
170.6070078	-44.05317517	
170.6067139	-44.05144081	
170.6094519	-44.04768396	
170.6196229	-44.03733457	
170.6161609	-44.0377807	
170.6087499	-44.03648848	
170.6092813	-44.04115822	
170.6035884	-44.04714818	
170.5978999	-44.04941098	
170.5938611	-44.0463245	
170.5933105	-44.04931531	
170.5908308	-44.05029882	
170.5885589	-44.05325365	
170.5855219	-44.05381128	
170.5837358	-44.05895027	
170.5792641	-44.05947768	
170.5749942	-44.05855976	
170.5690041	-44.06112541	
170.5567484	-44.07297929	
170.553824	-44.07778316	
170.5458857	-44.07875338	
170.5415591	-44.08269889	
170.5381109	-44.08272888	
170.5374402	-44.08157575	
170.54121	-44.07720441	
170.54135	-44.07379094	
170.5448364	-44.06930992	
170.5497018	-44.06620399	
170.554322	-44.05853739	
170.5611643	-44.05267762	
170.5640904	-44.04425012	
170.5684211	-44.04009685	
170.5701535	-44.03630281	
170.5715937	-44.02908616	
170.5685159	-44.03067774	
170.564604	-44.03867042	
170.5550855	-44.04685481	
170.5515567	-44.05270549	
170.5470598	-44.0544513	
170.5388842	-44.06287022	
170.5328148	-44.06556399	
170.5287508	-44.06915975	
170.5246732	-44.06894955	
170.5228397	-44.06387705	
170.515919	-44.06655165	
170.5130782	-44.06526283	
170.505223	-44.06582971	
170.5027686	-44.06344414	
170.5138202	-44.0555808	
170.5205331	-44.05345239	
170.5290076	-44.05253908	
170.5305733	-44.05549324	
170.5326515	-44.05419911	
170.5343224	-44.05459993	
170.5345559	-44.05302292	
170.5410971	-44.04797563	
170.5441652	-44.0419373	
170.543702	-44.03671892	
170.539743	-44.03972706	
170.5382943	-44.03928922	
170.5382851	-44.03676614	
170.542672	-44.03156984	
170.5522454	-44.02916926	
170.5536475	-44.02797828	
170.5518677	-44.0246038	
170.5587946	-44.02068157	
170.5595567	-44.01858176	
170.5646499	-44.0153528	
170.5663461	-44.01245885	
170.5691628	-44.01251829	
170.5744573	-44.00986283	
170.5781511	-43.99936079	
170.5871068	-43.99783536	
170.5789659	-43.99419066	
170.582172	-43.98759959	
170.5814368	-43.98594368	
170.5770456	-43.98546543	
170.577559	-43.98267776	
170.5810929	-43.98120803	
170.586313	-43.97670403	
170.5899721	-43.98069773	
170.5910104	-43.98400794	
170.5928929	-43.98573851	
170.5957383	-43.98617375	
170.6006441	-43.9904101	
170.6042936	-43.98700963	
170.5964064	-43.97923487	
170.5981303	-43.97842521	
170.6053909	-43.98233461	
170.6076011	-43.98238052	
170.6123029	-43.97861157	
170.6123604	-43.97716446	
170.6102289	-43.97645182	
170.6063852	-43.97224993	
170.6066291	-43.96612755	
170.6097204	-43.96596892	
170.6150008	-43.96117641	
170.623261	-43.95900758	
170.6327008	-43.95819929	
170.6384342	-43.96143637	
170.6412519	-43.96038003	
170.6449112	-43.95394789	
170.646152	-43.94957379	
170.6429523	-43.94624302	
170.6344958	-43.95260033	
170.6147388	-43.95889545	
170.5996286	-43.96193285	
170.5930757	-43.96514741	
170.5852834	-43.96661701	
170.5823233	-43.96921878	
170.5763793	-43.96909387	
170.5747229	-43.97180881	
170.5735791	-43.97066761	
170.5727521	-43.96463498	
170.5792703	-43.96307024	
170.5813118	-43.96386193	
170.5848779	-43.96189458	
170.5915266	-43.96060429	
170.5999386	-43.95526603	
170.6000681	-43.95438378	
170.5962215	-43.9539632	
170.5893036	-43.9572903	
170.5814531	-43.95801065	
170.5815599	-43.95535805	
170.5846424	-43.95203724	
170.585598	-43.94803751	
170.5813148	-43.94584203	
170.5812941	-43.94306604	
170.5829669	-43.94099557	
170.5875414	-43.94252714	
170.5900482	-43.93616716	
170.5901804	-43.92956603	
170.5966052	-43.92610119	
170.5986502	-43.92317508	
170.6030416	-43.9223578	
170.6047783	-43.91663815	
170.6091022	-43.91539513	
170.6061935	-43.91266883	
170.6079381	-43.91094807	
170.6071803	-43.90893293	
170.6110329	-43.90477186	
170.6056601	-43.90278794	
170.6090088	-43.89863743	
170.6130861	-43.89616441	
170.6193137	-43.89520642	
170.6219769	-43.89270382	
170.6254577	-43.89188052	
170.6263718	-43.89784594	
170.6301531	-43.89613352	
170.6349673	-43.8973835	
170.6375055	-43.9025509	
170.6474036	-43.90045179	
170.6528225	-43.89811654	
170.6536758	-43.89629544	
170.6460509	-43.89623402	
170.6426945	-43.89371397	
170.6431425	-43.89226176	
170.6475151	-43.89046558	
170.6577244	-43.8910981	
170.6598168	-43.88925503	
170.6581289	-43.88907927	
170.6648212	-43.88459544	
170.6637125	-43.87957599	
170.6654259	-43.87404812	
170.6640647	-43.87218199	
170.6593574	-43.87425481	
170.6580754	-43.87705719	
170.6592421	-43.88056938	
170.6565896	-43.88508808	
170.6535662	-43.88573359	
170.6503073	-43.88406428	
170.6539024	-43.87376657	
170.6525177	-43.87251265	
170.6456047	-43.87265423	
170.6490401	-43.87979568	
170.6473281	-43.88357913	
170.6408509	-43.88545678	
170.6376437	-43.88508026	
170.6315295	-43.88215815	
170.6303213	-43.88011364	
170.6283837	-43.88022907	
170.6278501	-43.87742165	
170.6305658	-43.87390442	
170.630976	-43.86894145	
170.6341324	-43.86512251	
170.6353699	-43.86095333	
170.6454148	-43.85665409	
170.6540486	-43.85065611	
170.6579396	-43.84165657	
170.6620577	-43.83720095	
170.6642759	-43.8295583	
170.6719789	-43.82912881	
170.673383	-43.82681431	
170.6719217	-43.82275783	
170.6730508	-43.81970561	
170.6709968	-43.81790682	
170.6644975	-43.81601775	
170.6565941	-43.81644262	
170.6532087	-43.81769145	
170.6415373	-43.81620785	
170.6401981	-43.81683932	
170.6407397	-43.81333601	
170.643418	-43.81207305	
170.651298	-43.81223437	
170.6571823	-43.80978625	
170.6597911	-43.81096074	
170.6692894	-43.81131394	
170.679472	-43.81400292	
170.6804817	-43.81650626	
170.6790259	-43.81984087	
170.6809786	-43.82084142	
170.6908991	-43.81887855	
170.6956853	-43.81521012	
170.7019552	-43.80452285	
170.7085848	-43.80021442	
170.7118887	-43.79359881	
170.7158864	-43.79141914	
170.7169656	-43.78745096	
170.7199001	-43.7852981	
170.7255431	-43.78559911	
170.7225982	-43.7823714	
170.724429	-43.77910774	
170.7302074	-43.77171173	
170.7351951	-43.76843819	
170.7339652	-43.76458215	
170.7311218	-43.76146059	
170.7262066	-43.76281948	
170.7225868	-43.76627303	
170.7192402	-43.76528699	
170.7166694	-43.76615556	
170.7161017	-43.76997608	
170.7137868	-43.77245903	
170.7163157	-43.77549813	
170.7139309	-43.77981897	
170.71003	-43.78227028	
170.7053969	-43.78171802	
170.7016159	-43.78378827	
170.696259	-43.79387364	
170.6894198	-43.79841117	
170.6892026	-43.8040779	
170.6829518	-43.81253535	
170.6777058	-43.81135656	
170.674205	-43.8088334	
170.6746478	-43.80253209	
170.6816396	-43.79480762	
170.6869041	-43.78166051	
170.6932402	-43.77930967	
170.6934794	-43.77694398	
170.7017454	-43.77075243	
170.7000487	-43.76845574	
170.6979687	-43.76841407	
170.6915186	-43.77377986	
170.6782651	-43.778146	
170.6803076	-43.78303601	
170.6766249	-43.78597859	
170.6744853	-43.79132281	
170.6729782	-43.79183105	
170.6702916	-43.78822085	
170.6690944	-43.78841206	
170.6530055	-43.79670458	
170.6539247	-43.79219782	
170.6685844	-43.7823677	
170.6687343	-43.77849173	
170.6709852	-43.77411962	
170.6768463	-43.77251431	
170.6817291	-43.76927271	
170.6819274	-43.76798371	
170.6787127	-43.76651804	
170.6858278	-43.75545562	
170.6847883	-43.75155567	
170.6831751	-43.75098438	
170.684112	-43.74593902	
170.6819298	-43.74470973	
170.6759886	-43.74846864	
170.6744038	-43.75102257	
170.6752983	-43.75481195	
170.6734702	-43.75596018	
170.6716534	-43.76066438	
170.6714414	-43.76615535	
170.6669456	-43.77091288	
170.6597802	-43.76397881	
170.6621813	-43.7557309	
170.6613712	-43.7497881	
170.6700326	-43.74179956	
170.6825607	-43.73659932	
170.6886325	-43.73626725	
170.6840457	-43.73056951	
170.6840287	-43.72556984	
170.6779287	-43.72665856	
170.6765831	-43.72905525	
170.6799514	-43.73381971	
170.676918	-43.73663677	
170.673966	-43.73733447	
170.669246	-43.7351178	
170.6662143	-43.73562426	
170.6641364	-43.73466181	
170.6690956	-43.72581867	
170.6755847	-43.72121769	
170.6785104	-43.71468232	
170.6766701	-43.71247275	
170.6655183	-43.71597043	
170.662411	-43.71334691	
170.6660747	-43.71264565	
170.6667609	-43.71149585	
170.6654105	-43.7104598	
170.6580455	-43.71007696	
170.652285	-43.71244192	
170.6475555	-43.71304331	
170.6384743	-43.71277917	
170.6351946	-43.71185819	
170.6351424	-43.7104606	
170.6373405	-43.7089542	
170.6495534	-43.70842921	
170.6530786	-43.70578593	
170.6608314	-43.7071856	
170.6671813	-43.70615113	
170.6690548	-43.70471512	
170.6749142	-43.7052995	
170.6793376	-43.70150989	
170.6790469	-43.70072817	
170.6740337	-43.7003939	
170.6736996	-43.69518901	
170.677573	-43.69002027	
170.6772504	-43.68499901	
170.6790205	-43.6791968	
170.6814279	-43.67827249	
170.6814939	-43.67655236	
170.6733083	-43.67488964	
170.6650537	-43.67502125	
170.6642815	-43.67365827	
170.6735957	-43.67010527	
170.6776345	-43.66696873	
170.6915057	-43.66822183	
170.6956496	-43.66770641	
170.69716	-43.66324598	
170.697114	-43.66174813	
170.6951692	-43.66102033	
170.6892814	-43.6641587	
170.6810246	-43.66220847	
170.6757442	-43.66341981	
170.6728095	-43.66196447	
170.6774237	-43.65585444	
170.6772138	-43.65298103	
170.6735472	-43.6444904	
170.67183	-43.64317156	
170.6694635	-43.64340879	
170.6659834	-43.6388789	
170.6675699	-43.6375921	
170.6714045	-43.639598	
170.6750732	-43.63865779	
170.6763343	-43.63174505	
170.6790951	-43.63003901	
170.6812054	-43.6242084	
170.6802967	-43.62330901	
170.681969	-43.61835052	
170.6743846	-43.61937148	
170.6702077	-43.62985865	
170.6591873	-43.63952088	
170.65855	-43.64205299	
