170.9535069	-44.45516632	
170.9572046	-44.45470094	
170.9628424	-44.45277757	
170.9651524	-44.45344391	
170.9724788	-44.45691322	
170.9737225	-44.45704127	
170.9749199	-44.45676841	
170.9765809	-44.45543847	
170.9793748	-44.45140942	
170.9814121	-44.44913981	
170.9886278	-44.44290849	
170.9975404	-44.43793519	
171.0029171	-44.43417508	
171.0073223	-44.43244573	
171.0197996	-44.42640469	
171.0222232	-44.42434505	
171.0275152	-44.41822615	
171.033725	-44.41258178	
171.0362701	-44.41059511	
171.0411193	-44.40774243	
171.0425231	-44.40626149	
171.0433914	-44.40457263	
171.0441474	-44.40385411	
171.0453773	-44.40367343	
171.0464676	-44.40411951	
171.0488901	-44.40618542	
171.0508155	-44.40733603	
171.0600802	-44.41006346	
171.0659987	-44.41339506	
171.0704106	-44.41508794	
171.0741377	-44.41527661	
171.0813336	-44.41370813	
171.0838241	-44.41358427	
171.08618	-44.41418963	
171.0913941	-44.41669124	
171.0936636	-44.41745779	
171.1046233	-44.41941136	
171.1083436	-44.41980878	
171.1133429	-44.41952402	
171.1230014	-44.41756977	
171.1254922	-44.41754833	
171.1275657	-44.41853083	
171.1317153	-44.42189635	
171.1347889	-44.42345085	
171.1405778	-44.42517467	
171.1503381	-44.42684194	
171.1555686	-44.43066483	
171.1610359	-44.43287569	
171.1667399	-44.43475785	
171.1715053	-44.43588994	
171.1752164	-44.43633951	
171.1802325	-44.43629729	
171.1851917	-44.43572257	
171.1876519	-44.43596069	
171.1885563	-44.43658518	
171.1889561	-44.43743833	
171.1886412	-44.44012422	
171.1893083	-44.44182932	
171.1957632	-44.44453206	
171.2034387	-44.45047687	
171.2062928	-44.45223331	
171.214248	-44.454891	
171.2218356	-44.45959769	
171.2272782	-44.46181309	
171.2297226	-44.46221831	
171.2334659	-44.46202472	
171.2370069	-44.46111211	
171.2449177	-44.45837259	
171.2486066	-44.45787632	
171.2510969	-44.45809522	
171.3026723	-44.46963615	
171.3059043	-44.47098207	
171.3069405	-44.47259932	
171.3064371	-44.47707244	
171.2678417	-44.65583652	
171.2482566	-44.98848855	
171.247511	-44.99475934	
171.2461158	-44.99725945	
171.2425219	-45.00096413	
171.0820496	-45.15525006	
171.0780406	-45.15873319	
171.0757965	-45.15954536	
171.0732807	-45.15939732	
171.0686486	-45.15791741	
170.9849684	-45.12748247	
170.9807462	-45.12550459	
170.9800026	-45.12477489	
170.9794484	-45.12303515	
170.9819812	-45.11703004	
170.9819206	-45.11523462	
170.9812204	-45.11350817	
170.9800236	-45.11192279	
170.9783806	-45.11055461	
170.9720405	-45.10759241	
170.9708419	-45.10602126	
170.9703285	-45.10244573	
170.969857	-45.10161017	
170.9660899	-45.09922447	
170.9655969	-45.09839519	
170.9664948	-45.09487491	
170.964891	-45.08961221	
170.9650847	-45.08602363	
170.967987	-45.07451215	
170.9723359	-45.06606749	
170.9723101	-45.06516786	
170.9715741	-45.06443465	
170.970313	-45.06433007	
170.9692042	-45.06476844	
170.9676443	-45.06618215	
170.9660072	-45.06861537	
170.9643759	-45.07296027	
170.9625586	-45.07631914	
170.9610153	-45.0816041	
170.9605088	-45.08518182	
170.9604923	-45.09237108	
170.9584932	-45.09566534	
170.9567733	-45.09695946	
170.9555363	-45.09716434	
170.9530904	-45.09673131	
170.9511797	-45.09556443	
170.9501648	-45.09392371	
170.9497433	-45.08584833	
170.9507172	-45.08140394	
170.9510187	-45.076011	
170.9508103	-45.07422304	
170.9501961	-45.07343548	
170.9491353	-45.07294085	
170.9466338	-45.07302977	
170.9399894	-45.07564902	
170.934196	-45.07915141	
170.9330728	-45.07957137	
170.9318038	-45.07960782	
170.9308039	-45.07905305	
170.9305378	-45.07729206	
170.9322089	-45.07390176	
170.9347881	-45.07080409	
170.9406566	-45.06492938	
170.9433488	-45.06087333	
170.9435875	-45.05818725	
170.9428789	-45.0519116	
170.9441883	-45.04753193	
170.943762	-45.04668437	
170.9414069	-45.04459278	
170.9413736	-45.04369327	
170.9418764	-45.04286706	
170.9438951	-45.04181378	
170.9525996	-45.04066044	
170.9548177	-45.03979645	
170.9565104	-45.03846279	
170.9629631	-45.03178757	
170.9653229	-45.02860657	
170.9669477	-45.02427416	
170.966796	-45.01978364	
170.9676428	-45.01809798	
170.9684351	-45.01739523	
170.9705446	-45.01641149	
170.97302	-45.01604843	
170.9780815	-45.01627425	
170.9793078	-45.01650451	
170.9802692	-45.01709164	
170.9804828	-45.01797863	
170.9797128	-45.02060591	
170.9800351	-45.0214762	
170.9847517	-45.0256614	
170.9864303	-45.02999427	
170.986419	-45.0317831	
170.9858612	-45.03259133	
170.9848814	-45.03316315	
170.983644	-45.03336295	
170.9824139	-45.03314185	
170.9814248	-45.03257816	
170.979336	-45.03033007	
170.9781336	-45.03004237	
170.9769689	-45.03039939	
170.9744418	-45.032412	
170.9733499	-45.03287048	
170.9696459	-45.03347036	
170.9673848	-45.0342523	
170.9660046	-45.03574942	
170.9652411	-45.0374645	
170.9642635	-45.04281198	
170.9638095	-45.04365225	
170.961884	-45.04478243	
170.9571077	-45.04596343	
170.9563274	-45.04667312	
170.9564815	-45.04843889	
170.9601762	-45.05415542	
170.9614861	-45.06037053	
170.9605919	-45.06389113	
170.9587316	-45.06623974	
170.9556315	-45.06907962	
170.95604	-45.06993014	
170.9572998	-45.07003871	
170.9584596	-45.06967253	
170.9604166	-45.0685296	
170.9628871	-45.06647825	
170.9648037	-45.06415057	
170.9660459	-45.06067614	
170.9662506	-45.05528071	
170.9668705	-45.05262525	
170.9681266	-45.05107155	
170.9719022	-45.04868577	
170.9723895	-45.04785514	
170.9723377	-45.04426475	
170.9727852	-45.04249585	
170.9741257	-45.03997189	
170.9762228	-45.03773437	
170.9783446	-45.03676452	
170.9808275	-45.03642135	
170.9946953	-45.03740254	
170.9970375	-45.03675957	
170.9978713	-45.0360819	
170.9983353	-45.03524478	
170.9982719	-45.03345671	
170.9943379	-45.0268325	
170.9921662	-45.01980905	
170.9907369	-45.01732138	
170.988115	-45.01537879	
170.9827807	-45.01296313	
170.9803702	-45.01241041	
170.9753257	-45.01204866	
170.9730409	-45.01131508	
170.9723196	-45.01057659	
170.9720918	-45.00969272	
170.9723485	-45.00881246	
170.9738375	-45.00737181	
170.9770549	-45.00594391	
170.9829189	-45.00425231	
170.9854407	-45.00416902	
170.9878171	-45.00477382	
170.9905692	-45.00660095	
170.9910805	-45.00742363	
170.991472	-45.01010352	
170.9925609	-45.01170277	
170.9946688	-45.01268594	
171.0005163	-45.01438702	
171.0054246	-45.0184748	
171.0144696	-45.02340688	
171.0168396	-45.02400238	
171.0180637	-45.023815	
171.0188559	-45.02313176	
171.0185085	-45.02139226	
171.0163284	-45.01918619	
171.0071353	-45.01174102	
170.9964043	-45.00408434	
170.9903284	-45.00086037	
170.9819117	-44.99889948	
170.9785692	-44.99762537	
170.9748757	-44.99517742	
170.9716849	-44.99129854	
170.9698864	-44.99004075	
170.9676463	-44.98920819	
170.9615778	-44.98792125	
170.9583482	-44.98651304	
170.9530927	-44.98262269	
170.9478544	-44.97647197	
170.9424693	-44.97267244	
170.9323333	-44.967279	
170.921962	-44.9639443	
170.9168983	-44.9612619	
170.9129321	-44.9577632	
170.9055274	-44.94938051	
170.9021189	-44.94672908	
170.8988268	-44.94541319	
170.8925786	-44.94472464	
170.8890995	-44.94368944	
170.8755981	-44.93552751	
170.8684533	-44.93179991	
170.8649062	-44.92924158	
170.8598995	-44.92404548	
170.8557821	-44.92063051	
170.8298858	-44.90342583	
170.8200564	-44.89775709	
170.8025502	-44.88886001	
170.7980725	-44.88720517	
170.7943355	-44.88683588	
170.7918721	-44.88721545	
170.7875016	-44.88901818	
170.7851305	-44.88962009	
170.7788347	-44.88988932	
170.7741912	-44.89130893	
170.771749	-44.89174694	
170.7692547	-44.89152985	
170.7595745	-44.8872996	
170.7437695	-44.88161258	
170.740063	-44.88110151	
170.7312985	-44.88194329	
170.7288031	-44.88173585	
170.7277606	-44.88127495	
170.7274359	-44.88048587	
170.7281441	-44.87979932	
170.7329553	-44.87877744	
170.7346146	-44.87750341	
170.734797	-44.87662982	
170.7345412	-44.87575894	
170.7332121	-44.87424471	
170.7313552	-44.87302811	
170.7281057	-44.87164511	
170.7244917	-44.87085109	
170.7181781	-44.87064723	
170.7144397	-44.87020152	
170.6962942	-44.86625524	
170.6912768	-44.86585175	
170.6875265	-44.86620758	
170.6840185	-44.86722182	
170.6784965	-44.86941789	
170.6733816	-44.87204994	
170.6655232	-44.8778994	
170.6574853	-44.8822559	
170.6551406	-44.8843734	
170.6532324	-44.88670599	
170.6471889	-44.89660854	
170.6453694	-44.89897432	
170.6363149	-44.90763937	
170.6327187	-44.91016968	
170.6276583	-44.91286984	
170.6259261	-44.91417444	
170.6218674	-44.9197554	
170.616456	-44.92473553	
170.614187	-44.92794965	
170.6105863	-44.93467648	
170.6080278	-44.93777568	
170.6056159	-44.93985967	
170.6027522	-44.94161991	
170.6003961	-44.94220773	
170.5991635	-44.94209327	
170.5981286	-44.94161728	
170.5975166	-44.94085569	
170.5976205	-44.93909733	
170.6008208	-44.93421025	
170.6033454	-44.92724872	
170.6105827	-44.91575634	
170.6113287	-44.9131268	
170.6111298	-44.91043398	
170.6120064	-44.90880513	
170.6142704	-44.90813913	
170.6205789	-44.90816444	
170.6229802	-44.90761673	
170.6250144	-44.90656737	
170.6257668	-44.90584897	
170.6265513	-44.90415557	
170.6261963	-44.89877284	
170.626749	-44.89520189	
170.6277352	-44.89259705	
170.6294968	-44.89022133	
170.6312952	-44.88896295	
170.6374715	-44.88582782	
170.6505778	-44.87735059	
170.6627929	-44.86822918	
170.6699369	-44.86193516	
170.6780744	-44.85769949	
170.6789348	-44.85605987	
170.6786098	-44.85520657	
170.6778373	-44.85450826	
170.675668	-44.8536078	
170.6674217	-44.85132016	
170.6526334	-44.84620884	
170.6502467	-44.84562395	
170.6489907	-44.84560583	
170.6479257	-44.84604264	
170.6476557	-44.84687693	
170.6482512	-44.84764422	
170.6492504	-44.84818582	
170.6550425	-44.84998179	
170.6615609	-44.85274324	
170.6673388	-44.85456428	
170.6690671	-44.85584626	
170.6693751	-44.85671294	
170.6686177	-44.85839403	
170.6657617	-44.86014135	
170.6622228	-44.86107132	
170.6597028	-44.86104475	
170.6572834	-44.86053101	
170.6550364	-44.85970708	
170.6520315	-44.85806589	
170.6465605	-44.85312456	
170.6436865	-44.85138086	
170.6401517	-44.85042615	
170.6339359	-44.84959772	
170.6303169	-44.84879431	
170.6269127	-44.84760589	
170.623766	-44.84610107	
170.6210884	-44.84419684	
170.6197174	-44.8426869	
170.6165467	-44.83682013	
170.6150318	-44.8353835	
170.6121562	-44.8336288	
170.6088884	-44.8322657	
170.606496	-44.83168981	
170.6039871	-44.83149702	
170.6014924	-44.83176237	
170.5945847	-44.83397837	
170.5898031	-44.83514885	
170.5867825	-44.83674373	
170.5849018	-44.83907643	
170.5800074	-44.84736805	
170.5779406	-44.84962869	
170.5753129	-44.85156889	
170.5731995	-44.85255341	
170.563974	-44.85550693	
170.5565514	-44.85653834	
170.5532986	-44.85788492	
170.5516228	-44.85922968	
170.5497959	-44.86158841	
170.5478825	-44.86680722	
170.5463978	-44.86928335	
170.5394563	-44.87569408	
170.5327242	-44.88435088	
170.5299727	-44.88616324	
170.5274991	-44.88624781	
170.5264185	-44.88578617	
170.5250812	-44.88427934	
170.5244595	-44.8816251	
170.5250164	-44.87263928	
170.5258018	-44.86908696	
170.5287508	-44.86315094	
170.5302413	-44.85878139	
170.5320138	-44.84987452	
170.5317753	-44.84720485	
170.5308759	-44.8465811	
170.5296331	-44.84665805	
170.5286925	-44.84725265	
170.5230569	-44.85529465	
170.5216827	-44.8568047	
170.5197722	-44.85796456	
170.5172984	-44.8580521	
170.5153778	-44.85691736	
170.5141096	-44.85439168	
170.5140518	-44.85080534	
170.515044	-44.84820578	
170.5175445	-44.8450865	
170.5281504	-44.83738324	
170.53326	-44.83224516	
170.5356277	-44.82907088	
170.5369347	-44.82467691	
170.5381582	-44.82311206	
170.54007	-44.82194113	
170.5444353	-44.82012529	
170.5462788	-44.81890304	
170.5471481	-44.8172335	
170.5470294	-44.81633782	
170.545911	-44.8147338	
170.5442387	-44.81338541	
170.5377698	-44.80908778	
170.5327956	-44.8063169	
170.5293528	-44.80522059	
170.526852	-44.80533157	
170.5257318	-44.8057484	
170.5240695	-44.80709147	
170.5180179	-44.81795264	
170.5155783	-44.82110329	
170.5132714	-44.8232431	
170.5084627	-44.8261492	
170.5009363	-44.82946163	
170.4963057	-44.83089429	
170.4925578	-44.83122042	
170.4890347	-44.83031106	
170.4873653	-44.82897053	
170.4864285	-44.82730394	
170.4860842	-44.82552314	
170.4864222	-44.82103265	
170.4858204	-44.81655772	
170.4860245	-44.81386646	
170.4849249	-44.81349109	
170.4839315	-44.81404249	
170.4795516	-44.81843498	
170.4687489	-44.82465363	
170.4664959	-44.82546526	
170.46403	-44.82581759	
170.4616081	-44.82537342	
170.4606002	-44.82483318	
170.4591685	-44.82336053	
170.4583102	-44.82166967	
170.4555682	-44.812893	
170.4511426	-44.80544477	
170.4508934	-44.80365971	
170.4513228	-44.80097878	
170.450986	-44.79921003	
170.4503819	-44.79842284	
170.4484732	-44.79726526	
170.4412128	-44.79576132	
170.4346395	-44.79309973	
170.430922	-44.79285165	
170.4285517	-44.79346028	
170.4253859	-44.79493833	
170.4132278	-44.80279529	
170.4109212	-44.80330465	
170.4101091	-44.80271449	
170.4107442	-44.80103504	
170.4139265	-44.79824432	
170.4185037	-44.79514472	
170.427282	-44.79002108	
170.4283887	-44.7884268	
170.4283677	-44.78664821	
170.426862	-44.78418448	
170.419748	-44.7756897	
170.4113614	-44.76162228	
170.409633	-44.76033489	
170.4085099	-44.75993877	
170.403506	-44.75970845	
170.4023519	-44.7593968	
170.4015677	-44.75873624	
170.4016269	-44.7570002	
170.4039752	-44.75284544	
170.4039864	-44.7510563	
170.4033394	-44.74932153	
170.3951703	-44.73714869	
170.3872613	-44.72902682	
170.3854515	-44.72567615	
170.3851253	-44.72301599	
170.3856193	-44.72220782	
170.3865642	-44.72165468	
170.3890096	-44.72160189	
170.3982442	-44.72450017	
170.4048753	-44.7271026	
170.4143255	-44.73304073	
170.4228652	-44.73682117	
170.4235501	-44.73756317	
170.4242709	-44.74019847	
170.4252534	-44.74183484	
170.4282801	-44.7433831	
170.4319708	-44.74394124	
170.4357543	-44.74392546	
170.4519759	-44.74217073	
170.4579883	-44.74083031	
170.4601542	-44.73991231	
170.4620075	-44.73869688	
170.4634665	-44.73723299	
170.4649431	-44.7347541	
170.4659766	-44.73032851	
170.4656912	-44.7276431	
170.4645396	-44.72507807	
170.4539808	-44.71177694	
170.4408581	-44.7033703	
170.4326803	-44.69916396	
170.426007	-44.69377215	
170.4213545	-44.69074123	
170.4169235	-44.68906052	
170.4119433	-44.68858971	
170.4081754	-44.68880984	
170.4045414	-44.68953467	
170.402359	-44.69042734	
170.4005151	-44.69164852	
170.3979044	-44.69471126	
170.3946176	-44.70151423	
170.3915816	-44.70544815	
170.3885533	-44.70832688	
170.3859263	-44.71026253	
170.3836476	-44.71094618	
170.3824668	-44.71071645	
170.381699	-44.71004201	
170.3815061	-44.70916979	
170.3821487	-44.70744368	
170.3911724	-44.69558502	
170.3929212	-44.69221557	
170.3931414	-44.69043082	
170.3922098	-44.68879528	
170.3912257	-44.68824537	
170.387619	-44.68746107	
170.3856591	-44.68637403	
170.3832861	-44.68222131	
170.3811088	-44.68002437	
170.375326	-44.6765536	
170.3620384	-44.66970066	
170.3545137	-44.66641031	
170.3477067	-44.66241086	
170.33839	-44.65970229	
170.3310035	-44.65626204	
170.3253455	-44.65428331	
170.3121194	-44.65136236	
170.3023548	-44.64724687	
170.2984169	-44.64500369	
170.2875407	-44.63750094	
170.2692248	-44.62648724	
170.2641408	-44.62383192	
170.2545495	-44.61951968	
170.2521713	-44.61744971	
170.2515168	-44.61572179	
170.2515914	-44.61392691	
170.2523527	-44.61128416	
170.2542775	-44.60798087	
170.2561832	-44.60682846	
170.2573647	-44.60652271	
170.2636091	-44.6061492	
170.2646476	-44.60564853	
170.2651752	-44.60484136	
170.2649291	-44.60396752	
170.2629012	-44.60296945	
170.256647	-44.60251171	
170.2544566	-44.60165639	
170.253404	-44.6000495	
170.2541381	-44.59743177	
170.2695102	-44.57989794	
170.2709353	-44.57740199	
170.272474	-44.57304375	
170.2742383	-44.57066102	
170.2766784	-44.56861302	
170.2820996	-44.56634089	
170.2858031	-44.56391053	
170.2906934	-44.55980114	
170.2930589	-44.55663517	
170.2937909	-44.55399513	
170.2935187	-44.54860169	
170.2945046	-44.54145434	
170.2937264	-44.53975449	
170.2900462	-44.53733465	
170.2895247	-44.5365255	
170.2899031	-44.53567278	
170.2927873	-44.53394181	
170.2934775	-44.53319093	
170.2940446	-44.53144659	
170.2942974	-44.52695646	
170.2957017	-44.52447155	
170.2983602	-44.52257009	
170.3087719	-44.51752717	
170.3101456	-44.51607012	
170.3099155	-44.51519781	
170.3090226	-44.51457392	
170.3016844	-44.5135565	
170.3007489	-44.51297371	
170.3003934	-44.5121383	
170.300869	-44.51133074	
170.3018788	-44.51080722	
170.3065827	-44.50956197	
170.3143146	-44.50500141	
170.320375	-44.50386871	
170.325769	-44.50159666	
170.3282186	-44.50128447	
170.334238	-44.50249228	
170.3366779	-44.50219362	
170.3386885	-44.50113299	
170.3436066	-44.49706626	
170.3458957	-44.49637928	
170.3471398	-44.49638137	
170.3492203	-44.49727317	
170.3499451	-44.4989575	
170.3493186	-44.50160383	
170.3474085	-44.50389867	
170.3453739	-44.50493816	
170.3396252	-44.50673533	
170.3377012	-44.50788483	
170.3282512	-44.51741714	
170.3264781	-44.51867813	
170.3194296	-44.52053466	
170.3160628	-44.52174902	
170.3130008	-44.52331745	
170.3097659	-44.52606283	
170.306259	-44.52979792	
170.3045885	-44.53221298	
170.302538	-44.53740249	
170.2993796	-44.54229052	
170.2990409	-44.54496648	
170.3018536	-44.55829895	
170.3034139	-44.5607453	
170.307797	-44.5651305	
170.3086608	-44.56681477	
170.3090621	-44.56949248	
170.3088897	-44.57759082	
170.3094066	-44.58025406	
170.3112155	-44.58260024	
170.3165256	-44.5864365	
170.3196438	-44.58926103	
170.323735	-44.59379947	
170.3260756	-44.59698396	
170.3370786	-44.62279877	
170.3456519	-44.63481363	
170.3478814	-44.63902151	
170.3501668	-44.64510387	
170.3514987	-44.64762638	
170.3560154	-44.65303424	
170.3579387	-44.65409948	
170.3591346	-44.65401507	
170.3607814	-44.65272808	
170.361603	-44.65013779	
170.3611511	-44.64932221	
170.3583656	-44.64756951	
170.3581929	-44.64671931	
170.3595174	-44.64524333	
170.3636277	-44.64316755	
170.3652925	-44.64183342	
170.3661596	-44.64015481	
170.367392	-44.63483146	
170.3689877	-44.63142531	
170.3706018	-44.63007272	
170.3717542	-44.62973306	
170.3730008	-44.62971829	
170.3752966	-44.63041701	
170.3800844	-44.63332611	
170.3833662	-44.63714912	
170.3906241	-44.64961193	
170.3916489	-44.65220804	
170.3926944	-44.65664452	
170.3938159	-44.65921908	
170.397086	-44.66304515	
170.4080559	-44.67046657	
170.4145175	-44.67599487	
170.4224051	-44.68181737	
170.4285816	-44.68750862	
170.4337419	-44.69145532	
170.43868	-44.69423936	
170.4465577	-44.69708176	
170.4507439	-44.69908293	
170.4600845	-44.70638264	
170.467969	-44.71087333	
170.4787062	-44.71848648	
170.4891172	-44.7250287	
170.4921342	-44.72790748	
170.4985718	-44.73564065	
170.5069059	-44.74239549	
170.5118782	-44.74759872	
170.5143648	-44.74963045	
170.5204746	-44.7528048	
170.5317842	-44.75679177	
170.5387698	-44.7606376	
170.5622839	-44.76938121	
170.5688209	-44.77211189	
170.5727964	-44.77432525	
170.5833432	-44.78207923	
170.5884315	-44.78473128	
170.5941322	-44.7866635	
170.6048052	-44.78944982	
170.6124606	-44.79258472	
170.6196521	-44.79427919	
170.629428	-44.79840939	
170.6373455	-44.80120973	
170.6402536	-44.80293246	
170.6506483	-44.81079666	
170.6632798	-44.81961387	
170.6683043	-44.82232569	
170.6847894	-44.82899608	
170.6976172	-44.832794	
170.7193591	-44.84198491	
170.7283267	-44.84531777	
170.7399291	-44.84889252	
170.7508632	-44.85113246	
170.754395	-44.85211637	
170.7781908	-44.86050994	
170.7932969	-44.86708293	
170.7968128	-44.86808409	
170.799321	-44.86826227	
170.8029042	-44.86745317	
170.8087728	-44.86404826	
170.810168	-44.86255742	
170.8105162	-44.8616946	
170.8104065	-44.85990827	
170.8086481	-44.8565396	
170.8042046	-44.85007271	
170.798918	-44.84503003	
170.7934605	-44.8379271	
170.7909735	-44.83591623	
170.7897837	-44.8356261	
170.7885547	-44.83579899	
170.7875821	-44.83636687	
170.7840095	-44.84006802	
170.7802562	-44.84246724	
170.777977	-44.84323921	
170.7730914	-44.84416758	
170.7698126	-44.84550149	
170.7680927	-44.84681609	
170.7656684	-44.84997084	
170.7636797	-44.85103507	
170.7611761	-44.8509476	
170.7576725	-44.84992587	
170.7560858	-44.8485669	
170.7564242	-44.84681813	
170.7707534	-44.83543229	
170.7745619	-44.83308291	
170.7828268	-44.83087363	
170.8073736	-44.82158468	
170.817024	-44.81944704	
170.8215135	-44.81782642	
170.8231982	-44.81649339	
170.8242689	-44.81486663	
170.8278879	-44.80719413	
170.8288971	-44.80095399	
170.8298686	-44.79929455	
170.8319586	-44.79704724	
170.8425501	-44.7893348	
170.8546319	-44.78447404	
170.8721549	-44.7756386	
170.8758242	-44.77316918	
170.8803273	-44.76883217	
170.8823198	-44.76774289	
170.8847843	-44.76746842	
170.8859764	-44.76775919	
170.8875327	-44.76913013	
170.8876248	-44.7709135	
170.8818885	-44.78186592	
170.8786566	-44.78674903	
170.8741682	-44.79217445	
170.8734049	-44.79388118	
170.8738007	-44.79563776	
170.8753792	-44.79702581	
170.877559	-44.79792687	
170.8847635	-44.79957391	
170.8863459	-44.8009153	
170.8859631	-44.80265573	
170.8813497	-44.80693219	
170.8796398	-44.80932411	
170.8794149	-44.81110507	
170.8797334	-44.81196955	
170.8804858	-44.81267374	
170.8816407	-44.8129894	
170.8828777	-44.81284816	
170.8874302	-44.81131441	
170.8936743	-44.81064946	
170.8995348	-44.80899202	
170.9079289	-44.80499265	
170.9144873	-44.80229101	
170.9218701	-44.79739807	
170.9252688	-44.79622371	
170.9277338	-44.79583997	
170.9390886	-44.79554887	
170.9413517	-44.79619538	
170.9418795	-44.79698188	
170.9412377	-44.79867056	
170.9396088	-44.80004024	
170.9325859	-44.80384489	
170.9319472	-44.80458899	
170.9321207	-44.80539776	
170.9331412	-44.80582543	
170.9356243	-44.80564771	
170.9416362	-44.80428032	
170.9487522	-44.80057649	
170.9523757	-44.79992732	
170.9548395	-44.80027859	
170.9629309	-44.8028045	
170.9715063	-44.80433397	
170.9766878	-44.80684531	
170.9778899	-44.80708992	
170.980371	-44.80688131	
170.9900804	-44.80489813	
170.9921958	-44.80396611	
170.9923129	-44.80316744	
170.9912797	-44.80276015	
170.9837119	-44.80283795	
170.9787506	-44.80222758	
170.9768196	-44.80111207	
170.9764371	-44.8002601	
170.9765844	-44.79937048	
170.9779547	-44.7978759	
170.9799284	-44.79675578	
170.9833035	-44.79553643	
170.9906218	-44.79413666	
170.9940865	-44.79305385	
171.0032105	-44.78824482	
171.006841	-44.78753031	
171.0093492	-44.78770234	
171.0162057	-44.78997588	
171.0199388	-44.7903352	
171.0224108	-44.78997805	
171.028212	-44.78823683	
171.0331359	-44.78892516	
171.0343722	-44.78874764	
171.0363627	-44.78766318	
171.0376775	-44.78613283	
171.0384178	-44.78350431	
171.037988	-44.78173825	
171.0367626	-44.78017258	
171.0324881	-44.77686921	
171.0312774	-44.77529241	
171.0264608	-44.7641144	
171.0223673	-44.75754382	
171.0203209	-44.74959682	
171.0171903	-44.74468627	
171.0111404	-44.73783729	
171.0046131	-44.73234632	
170.9965069	-44.72431136	
170.9782148	-44.70824487	
170.9762324	-44.70595763	
170.976036	-44.70419043	
170.9765399	-44.70336903	
170.9783515	-44.70213129	
170.9824943	-44.70008309	
170.9855147	-44.69722849	
170.9870514	-44.69381129	
170.9872814	-44.69022657	
170.9861586	-44.68580285	
170.9838812	-44.68065711	
170.9835387	-44.67618081	
170.9828694	-44.67445503	
170.9787442	-44.66993349	
170.9730796	-44.6663834	
170.9712699	-44.66405227	
170.9710725	-44.66226392	
170.9714402	-44.66048567	
170.9740268	-44.65448791	
170.9736669	-44.65271694	
170.9708277	-44.64870659	
170.9698953	-44.64610111	
170.969968	-44.64340702	
170.9711448	-44.63626369	
170.9705168	-44.62998403	
170.970746	-44.62369612	
170.9684973	-44.61761446	
170.9672848	-44.61048285	
170.9639268	-44.60466451	
170.963315	-44.60292135	
170.9634134	-44.59663366	
170.9627112	-44.59035482	
170.9611603	-44.58507437	
170.960222	-44.57701314	
170.9566412	-44.5656016	
170.9503847	-44.55578075	
170.9484946	-44.5534479	
170.9416319	-44.54819146	
170.9361502	-44.54326387	
170.9305239	-44.53941258	
170.9288904	-44.53792704	
170.928467	-44.53611679	
170.9315303	-44.53130924	
170.9321009	-44.52958897	
170.9322716	-44.52680546	
170.9303267	-44.52093687	
170.9310454	-44.51821855	
170.9274818	-44.51579422	
170.9269507	-44.51502422	
170.9270481	-44.51058593	
170.9257205	-44.50775452	
170.9250824	-44.50711864	
170.9243074	-44.50663267	
170.9233428	-44.50699088	
170.9220113	-44.5113552	
170.9207943	-44.51293316	
170.9189119	-44.51411761	
170.9166984	-44.51497178	
170.9142989	-44.51548356	
170.9117434	-44.51548347	
170.9107091	-44.51505534	
170.9103142	-44.51420607	
170.910531	-44.51332714	
170.9113239	-44.5126389	
170.9183973	-44.51095461	
170.9199286	-44.509578	
170.9205726	-44.50687684	
170.9204882	-44.50419521	
170.9198639	-44.50246649	
170.9175393	-44.50031648	
170.9134006	-44.49835277	
170.9015657	-44.49536777	
170.8983461	-44.49271426	
170.8978169	-44.4900329	
170.8981975	-44.48743997	
170.8979367	-44.48556759	
170.8940803	-44.47991069	
170.8923983	-44.47652633	
170.8915932	-44.47592659	
170.8878666	-44.47589515	
170.8871846	-44.47535274	
170.8879091	-44.47315429	
170.8875457	-44.47229473	
170.8863641	-44.47071361	
170.8824671	-44.46718689	
170.8812347	-44.46562266	
170.8801839	-44.46303888	
170.8795603	-44.45766154	
170.878718	-44.45503315	
170.8773723	-44.45251396	
170.8737489	-44.44779223	
170.8733422	-44.44602874	
170.8744017	-44.44160269	
170.8745399	-44.43891281	
170.8722024	-44.43100663	
170.8716737	-44.41931773	
170.8708432	-44.41577044	
170.8685695	-44.41062498	
170.8679099	-44.40797421	
170.8684029	-44.40440509	
170.8721406	-44.39582627	
170.8726117	-44.39224728	
170.872376	-44.38865285	
170.8710316	-44.38152363	
170.8637844	-44.36149211	
170.8626938	-44.35616313	
170.862954	-44.35437735	
170.8637231	-44.35266879	
170.8691477	-44.34556895	
170.8706531	-44.34309883	
170.8709758	-44.34133298	
170.8706599	-44.34047389	
170.8672468	-44.33788783	
170.8652475	-44.33462379	
170.8635986	-44.33336406	
170.8611977	-44.33349618	
170.8568888	-44.33530115	
170.8556612	-44.33538954	
170.8545335	-44.33506623	
170.853889	-44.33433941	
170.8539946	-44.33347548	
170.8557131	-44.33223134	
170.8625301	-44.3300011	
170.8632751	-44.32928892	
170.8633061	-44.32841482	
170.8624568	-44.32778348	
170.8612425	-44.32757965	
170.8562481	-44.32776984	
170.8550539	-44.32749711	
170.8532522	-44.32627264	
170.8510201	-44.32207577	
170.8480808	-44.31810559	
170.8468475	-44.31555616	
170.8462067	-44.31290078	
170.8461568	-44.30660824	
170.8446579	-44.3031908	
170.8425061	-44.30098585	
170.8366348	-44.29762815	
170.8350109	-44.29626073	
170.8238999	-44.28320979	
170.8191987	-44.27900298	
170.8146863	-44.2736128	
170.8076443	-44.26729404	
170.8048878	-44.26548021	
170.8012792	-44.26487339	
170.7975837	-44.26533882	
170.7940534	-44.26624439	
170.7910943	-44.26789187	
170.7859557	-44.27182634	
170.7846789	-44.27337238	
170.7823137	-44.27753444	
170.7807177	-44.27890783	
170.7784826	-44.27969392	
170.7710499	-44.2803387	
170.7688704	-44.28121148	
170.7670797	-44.28246659	
170.7643168	-44.28545823	
170.7604141	-44.29208072	
170.7552105	-44.29712886	
170.7542443	-44.29971958	
170.7546764	-44.30329532	
170.7577518	-44.31201889	
170.760997	-44.31786022	
170.7624012	-44.31934767	
170.7642473	-44.32055739	
170.7710626	-44.32281486	
170.7738598	-44.32458733	
170.7832476	-44.33829972	
170.7888235	-44.34533231	
170.7906314	-44.34656303	
170.7948661	-44.34845073	
170.7961165	-44.34999702	
170.7967766	-44.35264467	
170.7965724	-44.35713722	
170.7973389	-44.36069072	
170.795863	-44.36594225	
170.798378	-44.37195799	
170.7984909	-44.3737332	
170.7978935	-44.37449361	
170.7967659	-44.37482152	
170.7955477	-44.37463744	
170.7913691	-44.372655	
170.7895652	-44.37141075	
170.788282	-44.36987198	
170.7875605	-44.36815176	
170.7867888	-44.36097988	
170.7857849	-44.3574571	
170.7824247	-44.35264099	
170.7801285	-44.34845864	
170.7745005	-44.34250479	
170.7670218	-44.33645882	
170.7646085	-44.33042609	
170.7630946	-44.32795622	
170.7566088	-44.3202627	
170.7533063	-44.31541289	
170.7475867	-44.30843718	
170.7456896	-44.30733411	
170.7420056	-44.30712061	
170.7412747	-44.3064735	
170.7420292	-44.30481962	
170.7450874	-44.30196912	
170.7462972	-44.30039684	
170.7491245	-44.29165352	
170.755895	-44.28201896	
170.7599803	-44.2735204	
170.7602276	-44.27175191	
170.7597112	-44.27097674	
170.7586355	-44.27067234	
170.7574902	-44.2709565	
170.7542556	-44.27367691	
170.7496507	-44.2790355	
170.7460278	-44.28476229	
170.7425307	-44.28848437	
170.7401181	-44.2944835	
170.7391037	-44.29491285	
170.7379819	-44.29468271	
170.7366107	-44.29321888	
170.7335656	-44.28731119	
170.7308631	-44.28038935	
170.7292107	-44.2723792	
170.7286472	-44.25709315	
170.7271432	-44.25088741	
170.7240012	-44.24218012	
170.7225237	-44.22963041	
170.7202258	-44.21895792	
170.7190622	-44.21546055	
170.7168082	-44.21226201	
170.7116148	-44.20838236	
170.7075906	-44.20624874	
170.6965301	-44.20173763	
170.6941715	-44.19997088	
170.697498	-44.19695196	
170.7047792	-44.19201654	
170.7092444	-44.19043611	
170.7107945	-44.19037302	
170.7122449	-44.19080348	
170.7112647	-44.18666814	
170.7100187	-44.18345721	
170.7089055	-44.18279138	
170.7072877	-44.18333757	
170.7059492	-44.18340978	
170.7052533	-44.18430628	
170.7061359	-44.18587366	
170.7075661	-44.18702206	
170.7070828	-44.18774371	
170.7022279	-44.19003753	
170.6977804	-44.19319498	
170.693674	-44.19524948	
170.6907024	-44.19778101	
170.688057	-44.19614376	
170.6871338	-44.19442237	
170.6857827	-44.19291052	
170.6833283	-44.19089952	
170.683362	-44.19009774	
170.6842384	-44.18919119	
170.6853308	-44.18868014	
170.6890734	-44.18802115	
170.690309	-44.18654338	
170.6923309	-44.18548414	
170.6955076	-44.18404831	
170.7006777	-44.18259825	
170.696622	-44.17940688	
170.6945256	-44.17716836	
170.6925345	-44.17620138	
170.6908437	-44.17486178	
170.6912227	-44.16972096	
170.6922002	-44.16436878	
170.696474	-44.15309961	
170.6967357	-44.15130964	
170.6960913	-44.15040647	
170.6965277	-44.14912947	
170.6982009	-44.14792815	
170.6993535	-44.1457818	
170.7010777	-44.14872461	
170.7012967	-44.1498893	
170.6999514	-44.15221412	
170.6993355	-44.15567214	
170.6983601	-44.16464226	
170.6977248	-44.16595838	
170.6984855	-44.16738899	
170.7002686	-44.16920206	
170.7015496	-44.16950686	
170.7028146	-44.16831805	
170.7022338	-44.165233	
170.7021514	-44.15659131	
170.7014911	-44.15467268	
170.7015544	-44.15304797	
170.7023069	-44.1522037	
170.703392	-44.15295116	
170.7051352	-44.15582104	
170.7059955	-44.16271946	
170.7072859	-44.16712034	
170.7106743	-44.17484061	
170.716051	-44.18964183	
170.7198556	-44.19726358	
170.7222425	-44.20041305	
170.7280256	-44.20514064	
170.7341749	-44.21080187	
170.7347596	-44.21225406	
170.7364205	-44.21252625	
170.7379433	-44.21197906	
170.738694	-44.21065136	
170.7481598	-44.20228809	
170.7561721	-44.19424862	
170.7592606	-44.18837145	
170.7604643	-44.1867984	
170.7622777	-44.18558621	
170.7654463	-44.18418771	
170.7674855	-44.18193858	
170.7684282	-44.18135752	
170.7718947	-44.18036456	
170.7792679	-44.17939477	
170.7850492	-44.17769352	
170.7874708	-44.17725468	
170.7899592	-44.17709847	
170.7936901	-44.17733018	
170.7985616	-44.17813986	
170.8019212	-44.17925663	
170.8033836	-44.17817331	
170.8031688	-44.17593597	
170.80442	-44.16789255	
170.8040371	-44.16507624	
170.8034497	-44.16395388	
170.8027815	-44.16303365	
170.8010424	-44.16369799	
170.7983902	-44.16317786	
170.7975334	-44.16250137	
170.7918954	-44.16001482	
170.7903887	-44.16002832	
170.7878167	-44.16138889	
170.7865269	-44.16172251	
170.7852055	-44.16164793	
170.7833732	-44.15800497	
170.7832527	-44.1567012	
170.7867671	-44.15512922	
170.7903826	-44.1543052	
170.7822706	-44.14796543	
170.7760918	-44.14494285	
170.7748482	-44.14340044	
170.7738137	-44.14080629	
170.7722427	-44.13835853	
170.7646195	-44.13021707	
170.7645315	-44.1292818	
170.7634338	-44.12830383	
170.7654663	-44.1264983	
170.7662432	-44.12388154	
170.7649704	-44.11948152	
170.7626911	-44.10608501	
170.7597851	-44.09827024	
170.7571031	-44.09401008	
170.7552872	-44.09417475	
170.7540185	-44.09526089	
170.7538687	-44.09656443	
170.7505477	-44.09863015	
170.7490578	-44.09883245	
170.7473402	-44.09820167	
170.7461716	-44.09680362	
170.7465379	-44.09560202	
170.7438769	-44.08960134	
170.7429077	-44.08794549	
170.7399925	-44.08502693	
170.7388893	-44.08341609	
170.7352241	-44.0729522	
170.7294362	-44.06499915	
170.7266028	-44.05797319	
170.727298	-44.05699064	
170.7318989	-44.05813343	
170.7387902	-44.06349124	
170.7400779	-44.06526454	
170.7439749	-44.06630813	
170.7514212	-44.06579872	
170.7608249	-44.06341354	
170.7645136	-44.06295346	
170.7672826	-44.0630412	
170.7687241	-44.06271178	
170.7696885	-44.0618067	
170.7696557	-44.06088068	
170.7684992	-44.05893243	
170.7672479	-44.0584674	
170.7635382	-44.05609665	
170.7597505	-44.0551601	
170.7594952	-44.05401523	
170.7532695	-44.04838905	
170.7513664	-44.04725265	
170.7489513	-44.04697097	
170.7429283	-44.04812318	
170.7379889	-44.04859509	
170.7341246	-44.04846825	
170.7317408	-44.04772482	
170.7338363	-44.04662263	
170.7411749	-44.04573221	
170.7459447	-44.04468397	
170.7479913	-44.04370355	
170.7485332	-44.04292205	
170.7485011	-44.04204734	
170.7472073	-44.04053725	
170.7436595	-44.03800901	
170.7423271	-44.0361298	
170.7411894	-44.03549297	
170.7404337	-44.03747273	
170.7405321	-44.04016806	
170.73888	-44.04171603	
170.7384011	-44.0426189	
170.7360499	-44.04350213	
170.7334222	-44.04364614	
170.7291882	-44.04468535	
170.728242	-44.04199081	
170.7280741	-44.04018957	
170.7290176	-44.0366762	
170.7305544	-44.03474371	
170.7305056	-44.03331072	
170.7298235	-44.03228046	
170.7267047	-44.03215728	
170.7255187	-44.03235922	
170.7253978	-44.03415945	
170.7248864	-44.0349785	
170.7240608	-44.03547193	
170.7237466	-44.0376526	
170.724065	-44.04119063	
170.7233267	-44.04720542	
170.7218455	-44.04609064	
170.7186989	-44.03275608	
170.7187413	-44.03157696	
170.7154005	-44.03028079	
170.7129557	-44.03001948	
170.710561	-44.03049513	
170.7062518	-44.03230094	
170.6970804	-44.03838403	
170.6911057	-44.0441472	
170.6865196	-44.05053598	
170.6782016	-44.0571102	
170.6776522	-44.05796277	
170.6770528	-44.06110267	
170.6747838	-44.06304882	
170.6741277	-44.06203868	
170.6749209	-44.05757607	
170.6758429	-44.05689199	
170.6773909	-44.05253915	
170.6788954	-44.05040517	
170.6756023	-44.04929497	
170.670514	-44.04872255	
170.6695788	-44.04801547	
170.668657	-44.04722608	
170.6683803	-44.04519125	
170.6686727	-44.04414622	
170.6709261	-44.04371388	
170.6719883	-44.04308728	
170.6718445	-44.04225373	
170.6688051	-44.04123037	
170.6649654	-44.03894024	
170.6630745	-44.03886278	
170.66286	-44.03814789	
170.6638667	-44.03736039	
170.6646522	-44.03210508	
170.6651492	-44.03154388	
170.6683375	-44.03063237	
170.6701828	-44.02960301	
170.6700736	-44.02852273	
170.6691655	-44.02773118	
170.6679227	-44.02517337	
170.6682512	-44.02419685	
170.6676063	-44.01972346	
170.6669168	-44.01707012	
170.6657621	-44.01624987	
170.665706	-44.01533507	
170.667125	-44.01412499	
170.6695245	-44.01312669	
170.6745572	-44.01297842	
170.6769861	-44.01257197	
170.6778037	-44.0118863	
170.6791757	-44.01166456	
170.6799588	-44.01184122	
170.6806033	-44.01288554	
170.6825585	-44.0139919	
170.6850188	-44.01602351	
170.6869631	-44.01831731	
170.6874912	-44.02006683	
170.6876725	-44.0236613	
170.6893505	-44.02916895	
170.6918057	-44.02950483	
170.6928479	-44.02889509	
170.6969884	-44.02809083	
170.6982385	-44.02708935	
170.6987229	-44.02516226	
170.6969992	-44.02399463	
170.692432	-44.01972528	
170.69074	-44.01732004	
170.6881511	-44.01228263	
170.6872458	-44.0116864	
170.6849937	-44.01096155	
170.6843758	-44.01025784	
170.684489	-44.00938632	
170.687267	-44.00645282	
170.6873911	-44.00558177	
170.6842724	-43.9997144	
170.6841218	-43.99883866	
170.6848319	-43.9982466	
170.6859978	-43.99837266	
170.6879869	-43.99943373	
170.6919355	-44.00399977	
170.6935846	-44.00534362	
170.6997804	-44.00835726	
170.7015552	-44.009615	
170.7026609	-44.0112124	
170.7028785	-44.0156937	
170.7033848	-44.01745218	
170.7063835	-44.02197148	
170.7073501	-44.02119184	
170.7074195	-44.01672182	
170.7094221	-44.018919	
170.7124104	-44.02534897	
170.7140409	-44.0269596	
170.7161436	-44.02540526	
170.7177154	-44.02305361	
170.7172311	-44.02217544	
170.7158751	-44.01504643	
170.7158468	-44.00515212	
170.7171148	-44.00263433	
170.7236607	-43.99721562	
170.7273229	-43.99151092	
170.7301495	-43.98857407	
170.7297807	-43.98682764	
170.7259577	-43.98316639	
170.7260704	-43.98217271	
170.7272599	-43.97988868	
170.7288274	-43.9797943	
170.7327924	-43.98035541	
170.7339869	-43.98088271	
170.7345034	-43.98190101	
170.7364346	-43.9828081	
170.738922	-43.9834303	
170.7404526	-43.98328209	
170.7452541	-43.97909959	
170.7472187	-43.9768034	
170.7479238	-43.97509924	
170.7475907	-43.97423929	
170.7467713	-43.97356511	
170.7369747	-43.96964619	
170.7306442	-43.96575256	
170.729686	-43.96474682	
170.7310386	-43.9642835	
170.732618	-43.96457141	
170.7365118	-43.96459913	
170.746272	-43.96595161	
170.7487524	-43.96581714	
170.7511359	-43.96530557	
170.7553941	-43.96345235	
170.7600613	-43.96047762	
170.7631874	-43.9576816	
170.7662527	-43.95376588	
170.767771	-43.9523447	
170.7760986	-43.94845068	
170.7792514	-43.94567605	
170.7796726	-43.94473335	
170.7806278	-43.94387357	
170.7827071	-43.94532104	
170.7838491	-43.94568055	
170.7862214	-43.94620845	
170.7887041	-43.94630626	
170.7911675	-43.94606523	
170.7934765	-43.94541011	
170.7962779	-43.94413296	
170.7970831	-43.94328767	
170.7977745	-43.9424935	
170.796605	-43.94216965	
170.7936558	-43.94214715	
170.7913094	-43.94154341	
170.7852885	-43.93918677	
170.7801368	-43.9284304	
170.7793338	-43.92767245	
170.7791299	-43.92583047	
170.7780786	-43.92296505	
170.77284	-43.92154886	
170.7699523	-43.91961048	
170.7715266	-43.91889974	
170.7738282	-43.91898148	
170.7784939	-43.92063628	
170.7811911	-43.92248636	
170.7834477	-43.92567571	
170.7880904	-43.93592585	
170.7902851	-43.9380934	
170.7923235	-43.93910394	
170.7935083	-43.93936328	
170.795972	-43.93929606	
170.7983537	-43.93877318	
170.7993216	-43.93795876	
170.8004338	-43.9377195	
170.8032383	-43.93887588	
170.814996	-43.94183163	
170.8190124	-43.94203586	
170.8214558	-43.94162829	
170.821689	-43.94091192	
170.820246	-43.93934034	
170.8193003	-43.93900873	
170.8168157	-43.93699634	
170.8152761	-43.93455712	
170.8146344	-43.93121474	
170.8149079	-43.93026247	
170.8154668	-43.92981312	
170.8166773	-43.9296594	
170.8350988	-43.93401784	
170.8362245	-43.93436625	
170.8372616	-43.93511647	
170.8386351	-43.93540877	
170.8379365	-43.93284617	
170.8389034	-43.9284052	
170.8394157	-43.92820251	
170.8395197	-43.92741347	
170.8364375	-43.9214823	
170.8345741	-43.91915041	
170.8328723	-43.91784074	
170.8286653	-43.91593193	
170.827155	-43.91592079	
170.8264249	-43.91521452	
170.8285248	-43.91396287	
170.8297769	-43.91357261	
170.8310742	-43.91373804	
170.8347886	-43.91346281	
170.837182	-43.91298429	
170.8413646	-43.91170853	
170.8412735	-43.91110276	
170.8355426	-43.90889337	
170.8330191	-43.90691926	
170.831039	-43.90584677	
170.8262623	-43.90484923	
170.8125979	-43.90437466	
170.7964587	-43.90511524	
170.7939815	-43.90495159	
170.7892151	-43.90392274	
170.7842464	-43.90380307	
170.7818326	-43.90340527	
170.7808508	-43.90286292	
170.7803834	-43.90204144	
170.78203	-43.89868238	
170.7817606	-43.896934	
170.781004	-43.89622661	
170.7788826	-43.89529926	
170.771804	-43.8936785	
170.7666439	-43.88980954	
170.7659443	-43.88907731	
170.7657242	-43.88821532	
170.7662039	-43.88742369	
170.7672515	-43.8869946	
170.7697204	-43.88699086	
170.7707666	-43.88664685	
170.7713874	-43.88405709	
170.7719819	-43.88329438	
170.7730073	-43.88283723	
170.7754151	-43.88298721	
170.7775435	-43.88390326	
170.7793389	-43.88514336	
170.7827978	-43.88887703	
170.7854324	-43.89077758	
170.7907029	-43.89315591	
170.7943138	-43.89368012	
170.796685	-43.89319218	
170.7984693	-43.89198784	
170.7988601	-43.89114799	
170.7984947	-43.88849341	
170.7990976	-43.88776006	
170.8012603	-43.88690178	
170.801897	-43.88617386	
170.8013268	-43.88549376	
170.7967873	-43.88411863	
170.7959675	-43.88345131	
170.7957701	-43.88258845	
170.7963677	-43.88182909	
170.7993905	-43.880268	
170.8009262	-43.87783735	
170.8020491	-43.87749018	
170.8032066	-43.87781353	
170.80758	-43.88098362	
170.8133291	-43.882688	
170.8170173	-43.88286081	
170.81912	-43.88196834	
170.8196531	-43.88115974	
170.8201096	-43.87668472	
170.8212518	-43.87412066	
170.8208637	-43.87236631	
170.8192678	-43.86993201	
170.8184431	-43.86926186	
170.8131578	-43.86690002	
170.8094216	-43.8645362	
170.8083356	-43.86415246	
170.8072257	-43.86439207	
170.8067019	-43.86516781	
170.8072979	-43.86686865	
170.8089344	-43.86821074	
170.8156175	-43.87224836	
170.8163966	-43.8729374	
170.8166071	-43.87375929	
170.8158432	-43.8743489	
170.8099458	-43.87548591	
170.8088498	-43.87512678	
170.8061486	-43.87328913	
170.8049733	-43.87307913	
170.8014617	-43.87385693	
170.7954702	-43.87275046	
170.7917643	-43.87248616	
170.7894983	-43.87311645	
170.7860232	-43.87565143	
170.7815233	-43.87717148	
170.7803142	-43.87721601	
170.7783631	-43.87617878	
170.7774315	-43.87454369	
170.778169	-43.86918771	
170.7792247	-43.86756515	
170.7790539	-43.86671744	
170.7767196	-43.86468344	
170.7769105	-43.86382	
170.7801568	-43.86262166	
170.7801545	-43.85996194	
170.7807156	-43.85917942	
170.7818063	-43.85878907	
170.7830371	-43.85884972	
170.7866078	-43.85949546	
170.7877416	-43.85917451	
170.7885552	-43.85851042	
170.7896991	-43.85594946	
170.7920554	-43.85279347	
170.7926006	-43.84835457	
170.7932917	-43.84766061	
170.7944284	-43.84750107	
170.7955044	-43.84791294	
170.8017637	-43.85224795	
170.8050505	-43.85706899	
170.8059592	-43.85767326	
170.8103579	-43.85932477	
170.8141477	-43.86283828	
170.8195765	-43.86500836	
170.8231068	-43.86584551	
170.8255716	-43.86583809	
170.8276556	-43.86494156	
170.829704	-43.86169898	
170.8324204	-43.85987807	
170.8332274	-43.85824843	
170.8324721	-43.85471991	
170.8335223	-43.85213856	
170.8337345	-43.85035785	
170.8327855	-43.84591338	
170.8315681	-43.84337129	
170.8317044	-43.8425185	
170.8325532	-43.84195728	
170.8361449	-43.84147511	
170.836925	-43.84082288	
170.8376909	-43.83821052	
170.8390416	-43.83671067	
170.8395145	-43.8350015	
170.8384971	-43.83339681	
170.8345959	-43.83119031	
170.8320793	-43.8291992	
170.8259631	-43.82242436	
170.8249072	-43.81988088	
170.8252036	-43.81902438	
170.8260701	-43.81844318	
170.8272589	-43.81835051	
170.8284276	-43.81862415	
170.8303092	-43.81976747	
170.8390917	-43.82956764	
170.8449797	-43.83282833	
170.8493255	-43.8371991	
170.8534967	-43.83912072	
170.8570195	-43.8399594	
170.8594788	-43.83981572	
170.8606267	-43.8394799	
170.8644296	-43.83717949	
170.8676183	-43.83579537	
170.8737189	-43.83541991	
170.8746215	-43.8348254	
170.8749546	-43.83397787	
170.8734823	-43.83153653	
170.8724739	-43.82894225	
170.8710768	-43.82746941	
170.8690032	-43.82649446	
170.8655341	-43.82550429	
170.8618301	-43.82529776	
170.8606931	-43.82494331	
170.8599263	-43.82423931	
170.8595586	-43.82338002	
170.8595772	-43.82158663	
170.8608149	-43.8181003	
170.8620838	-43.81657716	
170.8642962	-43.81578027	
170.8679674	-43.81534501	
170.8778691	-43.81593413	
170.8802004	-43.8164905	
170.881363	-43.81803237	
170.8806437	-43.82246235	
170.8811252	-43.82328441	
170.8831156	-43.82428606	
170.8843376	-43.82427715	
170.8854106	-43.82384538	
170.8874043	-43.8215789	
170.8891224	-43.82031123	
170.8927181	-43.81968567	
170.8939312	-43.81975831	
170.8948051	-43.82028529	
170.894719	-43.82115828	
170.8930611	-43.82356377	
170.8917112	-43.82977594	
170.8907694	-43.8314391	
170.8893195	-43.83288572	
170.8872405	-43.83385667	
170.8825657	-43.8350786	
170.8803974	-43.83593775	
170.8789241	-43.83735944	
170.8780606	-43.83903583	
170.8771939	-43.83961537	
170.8759783	-43.83969732	
170.8711212	-43.83911638	
170.8699806	-43.83944096	
170.867038	-43.8410536	
170.8634868	-43.84182359	
170.8616384	-43.84300882	
170.8583872	-43.84683334	
170.8561171	-43.85102157	
170.8518773	-43.85753321	
170.8486281	-43.86136949	
170.8448959	-43.86496538	
170.8425592	-43.86813839	
170.8397542	-43.87110517	
170.8395234	-43.871943	
170.8402502	-43.87238569	
170.8436208	-43.87129189	
170.8456694	-43.87027706	
170.848285	-43.86835759	
170.8496353	-43.86685111	
170.8562064	-43.85617306	
170.8570357	-43.85553811	
170.8581637	-43.85542786	
170.8589788	-43.85599795	
170.8595593	-43.85950012	
170.8620574	-43.86148009	
170.8626948	-43.86223948	
170.8628056	-43.86310948	
170.860064	-43.8660444	
170.859431	-43.86776713	
170.8608122	-43.87578573	
170.8632245	-43.88181429	
170.8625957	-43.88352492	
170.8607148	-43.88584056	
170.8599373	-43.89119486	
170.8602367	-43.89205691	
170.861058	-43.89270558	
170.8622114	-43.89300277	
170.8659111	-43.89283912	
170.8668665	-43.89337544	
170.868692	-43.89669791	
170.870651	-43.89776855	
170.8718886	-43.89784895	
170.8777688	-43.89640412	
170.881335	-43.89391977	
170.8870123	-43.89211427	
170.8889237	-43.89097495	
170.8916708	-43.88797882	
170.8926023	-43.88631422	
170.8928713	-43.88452893	
170.8924652	-43.88094603	
170.8928521	-43.88017194	
170.8939061	-43.88053732	
170.8983079	-43.88365895	
170.8994239	-43.8839944	
170.9017403	-43.88351955	
170.9049491	-43.88078646	
170.9069322	-43.87975926	
170.9106286	-43.87971473	
170.9129166	-43.88034263	
170.9143744	-43.88176848	
170.915865	-43.88421201	
170.9175094	-43.88550635	
170.9174669	-43.88634229	
170.9167285	-43.88703682	
170.9156268	-43.88739342	
170.910722	-43.8877473	
170.9062283	-43.8892427	
170.9050183	-43.88917053	
170.902005	-43.88765659	
170.9008937	-43.88784661	
170.9003374	-43.88860889	
170.9002999	-43.88949926	
170.9006569	-43.89035541	
170.9030691	-43.89239304	
170.9035105	-43.893229	
170.9042081	-43.89767354	
170.9086975	-43.90193514	
170.9091871	-43.90820834	
170.9106009	-43.91067847	
170.912402	-43.91190419	
170.913594	-43.91215579	
170.9171892	-43.91146778	
170.9196402	-43.91165101	
170.9216129	-43.91272592	
170.9231473	-43.91414342	
170.9247189	-43.91655591	
170.9246611	-43.91745342	
170.9237433	-43.91911765	
170.91997	-43.92268323	
170.9188378	-43.92297547	
170.9177941	-43.92253385	
170.9157348	-43.91830928	
170.9128997	-43.91536589	
170.9097183	-43.9140263	
170.9072686	-43.91403615	
170.9061808	-43.91445168	
170.9042275	-43.91671951	
170.9034542	-43.91933181	
170.9043066	-43.92377746	
170.906626	-43.92693883	
170.9064896	-43.93050758	
170.9077651	-43.93301848	
170.9075193	-43.93382923	
170.9064679	-43.93426367	
170.9052308	-43.93434906	
170.9027659	-43.93415568	
170.9005396	-43.9333723	
170.8955342	-43.93070415	
170.8931561	-43.93038938	
170.8910764	-43.93130035	
170.8884459	-43.93434816	
170.8844537	-43.93777675	
170.8841025	-43.9386276	
170.8844453	-43.9403858	
170.8850846	-43.94114159	
170.8881857	-43.94260028	
170.8899576	-43.94385741	
170.892261	-43.94439278	
170.8959787	-43.94435248	
170.900612	-43.94561706	
170.903868	-43.94830894	
170.905336	-43.95078331	
170.905399	-43.95253661	
170.9046684	-43.95321233	
170.9035175	-43.95340867	
170.8988593	-43.95219037	
170.8940308	-43.9514278	
170.8931154	-43.95083904	
170.8917513	-43.94835337	
170.8908944	-43.94776404	
170.8885659	-43.9481821	
170.886683	-43.94932315	
170.8863146	-43.95017179	
170.8870402	-43.95280498	
170.8871303	-43.95639805	
170.8867315	-43.95724757	
170.8837708	-43.96011168	
170.8826315	-43.96267794	
170.8820711	-43.96805502	
170.8825775	-43.971634	
170.8824896	-43.97792794	
170.8842214	-43.98317293	
170.8863712	-43.98536864	
170.8863262	-43.98983484	
170.8892134	-43.99672187	
170.8906201	-43.9981875	
170.8941563	-43.99894756	
170.8946639	-43.99971062	
170.8929192	-44.00206595	
170.8928864	-44.00295954	
170.8953792	-44.00898237	
170.8991166	-44.01256539	
170.9015792	-44.01568885	
170.9083949	-44.02094231	
170.9124678	-44.02546275	
170.915202	-44.02729863	
170.9158776	-44.02803836	
170.9160124	-44.02891005	
170.9154695	-44.0296919	
170.9144116	-44.03010623	
170.9132106	-44.02998821	
170.9122117	-44.02946131	
170.9044481	-44.02362256	
170.8967276	-44.01657204	
170.8917052	-44.00934506	
170.890076	-44.00408598	
170.8895393	-44.00331407	
170.8862357	-44.00232024	
170.8861123	-44.00152063	
170.8874717	-44.00003878	
170.8875543	-43.99919576	
170.8868946	-43.9984669	
170.8848056	-43.9975125	
170.8811741	-43.9969052	
170.8786904	-43.99682393	
170.8763107	-43.99731645	
170.8720766	-43.99919585	
170.870632	-44.00063154	
170.870288	-44.00330014	
170.8698339	-44.00412851	
170.8653808	-44.00724269	
170.8648533	-44.00804771	
170.864842	-44.00893295	
170.8663054	-44.01140408	
170.8691748	-44.01434358	
170.8711788	-44.01535901	
170.873651	-44.01554618	
170.8759261	-44.01622143	
170.8815945	-44.02099757	
170.8826435	-44.02261651	
170.8827141	-44.02351154	
170.8817326	-44.02610867	
170.881703	-44.02788535	
170.8829932	-44.02940679	
170.8865972	-44.03188748	
170.8894234	-44.03485329	
170.8897306	-44.03572236	
170.888725	-44.03615916	
170.8838612	-44.03537379	
170.8804233	-44.03432406	
170.8729603	-44.03105441	
170.8692431	-44.02867066	
170.8668676	-44.02551572	
170.8644775	-44.02041587	
170.8633292	-44.01691702	
170.8615715	-44.01354995	
170.8597175	-44.01121006	
170.8557347	-44.00776072	
170.854615	-44.00738238	
170.8533718	-44.00735749	
170.8486794	-44.0085189	
170.8458537	-44.0102543	
170.8449198	-44.01189924	
170.8453534	-44.01365215	
170.8499445	-44.02103475	
170.8551163	-44.02718546	
170.859182	-44.03373228	
170.8637447	-44.03508694	
170.8686538	-44.0356829	
170.8708434	-44.03640566	
170.8710654	-44.03721696	
170.8703113	-44.03788008	
170.8691457	-44.03816437	
170.8629543	-44.03776264	
170.8605927	-44.03818554	
170.859236	-44.03963141	
170.859296	-44.04048202	
170.8602256	-44.04091807	
170.8638955	-44.04120147	
170.8672025	-44.04245481	
170.8730092	-44.04408018	
170.8772192	-44.04600719	
170.8798231	-44.04792709	
170.8821186	-44.05111797	
170.8851062	-44.05396818	
170.8853302	-44.05484083	
170.8835584	-44.05912196	
170.8828742	-44.06356475	
170.8821115	-44.06425416	
170.8809618	-44.06450181	
170.8798714	-44.06414127	
170.8793083	-44.06336288	
170.8795256	-44.06159229	
170.880658	-44.05902056	
170.8804237	-44.05725392	
170.8792131	-44.05568536	
170.8774428	-44.05442863	
170.8730972	-44.05266345	
170.8670719	-44.04946272	
170.8647015	-44.04899691	
170.8635135	-44.04925759	
170.8615197	-44.05032527	
170.8592322	-44.05246074	
170.858794	-44.05330181	
170.8590047	-44.05418388	
170.86399	-44.05935366	
170.8655458	-44.0617998	
170.8675039	-44.06700737	
170.8675096	-44.07149712	
170.8682266	-44.07777193	
170.871436	-44.08739278	
170.870638	-44.08905962	
170.8706582	-44.08995821	
170.872711	-44.09221266	
170.873518	-44.09391447	
170.8764695	-44.09681206	
170.8776124	-44.09840621	
170.8782894	-44.10286648	
170.8831763	-44.11013196	
170.884775	-44.11629432	
170.8841577	-44.12346294	
170.8831442	-44.12510383	
170.8810718	-44.12735329	
170.8785532	-44.12934153	
170.8771397	-44.13368672	
170.8774991	-44.13546378	
170.877214	-44.13633879	
170.8754276	-44.13869702	
170.8753363	-44.13959319	
170.8759155	-44.14407285	
170.8762237	-44.15486617	
170.8804169	-44.1642789	
170.8821829	-44.17317337	
170.8818712	-44.17403791	
170.8793487	-44.17713721	
170.877835	-44.18056305	
170.875639	-44.18273376	
170.8752272	-44.18358167	
170.8722103	-44.19779336	
170.8729564	-44.20133965	
170.8752735	-44.20451822	
170.8755588	-44.20539218	
170.8755795	-44.20898499	
170.8758968	-44.20985272	
170.8820325	-44.21767436	
170.8829494	-44.21934291	
170.8873749	-44.22248942	
170.8904366	-44.22639995	
170.8919207	-44.22983616	
170.8932215	-44.23605398	
170.8964394	-44.24286043	
170.8965991	-44.24555028	
170.8973101	-44.24726608	
170.8975949	-44.24995026	
170.8984336	-44.25257211	
170.9036725	-44.2607422	
170.9098267	-44.26751678	
170.9118906	-44.27175881	
170.9131817	-44.27329942	
170.9164747	-44.27600693	
170.9219692	-44.27968201	
170.933157	-44.28936936	
170.9377277	-44.29243491	
170.9384739	-44.2931377	
170.9390582	-44.29485991	
170.9414719	-44.29690266	
170.9442419	-44.30090647	
170.9452341	-44.30142925	
170.9511096	-44.30296989	
170.9573224	-44.30284957	
170.9607656	-44.3038933	
170.9644913	-44.30422534	
170.9657318	-44.30423785	
170.9680859	-44.3037207	
170.970494	-44.30405238	
170.9708913	-44.30471437	
170.9688436	-44.30553699	
170.9680066	-44.30709637	
170.9672132	-44.30778216	
170.9654363	-44.30904877	
170.9632901	-44.3099551	
170.9614489	-44.31116368	
170.9602464	-44.31132387	
170.9594484	-44.31197764	
170.9598674	-44.31372745	
170.96796	-44.31934245	
170.9722836	-44.32375456	
170.9751774	-44.32544388	
170.975134	-44.33083535	
170.9761179	-44.33709021	
170.9776351	-44.34052144	
170.9800672	-44.34466854	
170.985443	-44.35178423	
170.9885505	-44.35956136	
170.9886953	-44.36135558	
170.9872927	-44.36480963	
170.9860773	-44.37013108	
170.9862265	-44.37192732	
170.9872921	-44.37544182	
170.9885822	-44.37797572	
170.993154	-44.38332911	
170.9957677	-44.38740961	
170.996374	-44.39005621	
170.998127	-44.39341709	
171.0015967	-44.39598261	
171.0051697	-44.39672178	
171.0058433	-44.39732633	
171.0050479	-44.39792115	
170.9948252	-44.40134355	
170.9907787	-44.40347367	
170.98355	-44.40843101	
170.9813246	-44.41058884	
170.9752818	-44.41947404	
170.9738493	-44.42094919	
170.9718458	-44.42199618	
170.9682134	-44.42263505	
170.9612176	-44.42894568	
170.9576331	-44.43145457	
170.9541937	-44.43624617	
170.9526051	-44.43965371	
170.9490458	-44.4432763	
170.9495895	-44.44682739	
170.9509627	-44.45028873	
170.9515777	-44.45384995	
170.9527472	-44.45501378	
170.9535069	-44.45516632
