168.61162056	-45.05688094
168.61042454	-45.05785853
168.60807744	-45.05708782
168.60749768	-45.05627034
168.60554489	-45.05665099
168.60378615	-45.05658436
168.60359207	-45.05703160
168.59940081	-45.05732730
168.59680837	-45.05768354
168.59488115	-45.05772403
168.59544646	-45.05660901
168.59811590	-45.05523288
168.59832713	-45.05455900
168.59709946	-45.05383052
168.59600601	-45.05344807
168.59511527	-45.05250506
168.59295417	-45.05140014
168.59305699	-45.05004026
168.59284009	-45.04866822
168.59338821	-45.04777985
168.59298575	-45.04674172
168.59256616	-45.04593023
168.59133875	-45.04520169
168.58942359	-45.04296954
168.58920680	-45.04159750
168.58821655	-45.03985509
168.58782281	-45.03870361
168.58638431	-45.03864888
168.58584474	-45.03942389
168.58593593	-45.04033656
168.58241091	-45.04031600
168.58250204	-45.04122867
168.58481916	-45.04449911
168.58542423	-45.04497674
168.58615484	-45.04591374
168.58568923	-45.04782807
168.58652825	-45.04945109
168.58647676	-45.05013103
168.58706474	-45.05083530
168.58770422	-45.05085963
168.58837800	-45.05043065
168.58980823	-45.05059869
168.58879447	-45.05340138
168.58919690	-45.05443953
168.58928817	-45.05535220
168.59034731	-45.05618801
168.59148065	-45.05816312
168.59027567	-45.05925382
168.58826260	-45.06042743
168.58544138	-45.06168392
168.58263721	-45.06271369
168.58139760	-45.06425758
168.57891304	-45.06529944
168.57501503	-45.06594639
168.57211946	-45.06606323
168.57117723	-45.06579996
168.57047247	-45.06452290
168.57227447	-45.06402343
168.57278863	-45.06358845
168.57350572	-45.06259295
168.57445154	-45.06069698
168.57468028	-45.05979650
168.57521159	-45.05913486
168.57827019	-45.05686482
168.57927248	-45.05633477
168.58170508	-45.05597284
168.58285861	-45.05556217
168.58342414	-45.05444720
168.58285334	-45.05351627
168.58227398	-45.05269865
168.58116346	-45.05254271
168.57794883	-45.05264751
168.57644977	-45.05338590
168.57543031	-45.05414258
168.57399143	-45.05408768
168.57147648	-45.05342345
168.57120841	-45.05273130
168.57074602	-45.05248635
168.57026641	-45.05246803
168.56906115	-45.05355851
168.56886681	-45.05400569
168.56800711	-45.05476840
168.56745852	-45.05565665
168.56645614	-45.05618660
168.56706118	-45.05666433
168.56732922	-45.05735648
168.56443867	-45.05951902
168.56251137	-45.05955896
168.56135762	-45.05996942
168.55963781	-45.06149473
168.55500515	-45.06336305
168.55001367	-45.06362629
168.54664713	-45.06361075
168.54537661	-45.06344832
168.54341448	-45.06394122
168.53576898	-45.06535203
168.53200956	-45.06418440
168.53228244	-45.06271742
168.53102067	-45.06244150
168.53048882	-45.06310293
168.52929998	-45.06396635
168.52678839	-45.06534702
168.52566038	-45.06541717
168.52518938	-45.06528534
168.52413102	-45.06444893
168.52318034	-45.06429859
168.52235471	-45.06460768
168.52184017	-45.06504243
168.52118314	-45.06524437
168.51875848	-45.06549169
168.51677862	-45.06621076
168.51577558	-45.06674026
168.51349329	-45.06722028
168.51249020	-45.06774975
168.51324609	-45.06834727
168.51177199	-45.06874486
168.50431998	-45.06970648
168.50138031	-45.07038809
168.49646026	-45.07178835
168.49729709	-45.07341202
168.49676475	-45.07407329
168.49489164	-45.07547809
168.48829267	-45.07783571
168.48486380	-45.07861154
168.48321172	-45.07922916
168.48301662	-45.07967620
168.47681580	-45.08102577
168.47115622	-45.08160054
168.46831257	-45.08103484
168.46693489	-45.08018539
168.46844371	-45.07728924
168.46675397	-45.07426809
168.46529492	-45.07034665
168.46402448	-45.07018331
168.46250488	-45.06910093
168.46102949	-45.06745196
168.46032717	-45.06617422
168.46040579	-45.06310851
168.45818342	-45.05870242
168.45824528	-45.05790923
168.45757849	-45.05617822
168.45653013	-45.05522786
168.45492195	-45.05323261
168.45372268	-45.05216265
168.45257653	-45.05041280
168.45150068	-45.04571053
168.45269915	-45.04473462
168.45639156	-45.04056036
168.45633779	-45.03919433
168.45527209	-45.03847059
168.45263478	-45.03734420
168.44882627	-45.03889961
168.44770754	-45.03885567
168.44692616	-45.03859765
168.44539886	-45.03762836
168.44389819	-45.03631910
168.44153628	-45.03372568
168.44071934	-45.03187497
168.43875730	-45.03032016
168.43757655	-45.02902341
168.43673314	-45.02546670
168.43670647	-45.02376073
168.43715024	-45.02218695
168.43820644	-45.02097827
168.43894307	-45.01975700
168.43954651	-45.01818950
168.44035382	-45.01401582
168.44119667	-45.01143479
168.44136505	-45.00928186
168.44179972	-45.00782137
168.44279355	-45.00740583
168.44648505	-45.00732369
168.44766511	-45.00657445
168.45137309	-45.00217371
168.45195832	-45.00083276
168.45136367	-45.00024111
168.45179801	-44.99878058
168.45249871	-44.99801248
168.45160236	-44.99718165
168.45032474	-44.99713147
168.44994291	-44.99586620
168.45029768	-44.99542550
168.45470669	-44.99434836
168.45475969	-44.99366848
168.45449330	-44.99297606
168.45243438	-44.99062202
168.45226525	-44.98868315
168.45162653	-44.98865806
168.45096130	-44.98897292
168.45032258	-44.98894782
168.44751957	-44.98997427
168.44528403	-44.98988636
168.44318132	-44.98809871
168.44310134	-44.98707262
168.44267546	-44.98637389
168.44275516	-44.98535407
168.44185029	-44.98463649
168.43946416	-44.98442886
168.43685632	-44.98500809
168.43504676	-44.98561873
168.43369843	-44.98647485
168.43178238	-44.98639927
168.43117034	-44.98603414
168.43127702	-44.98262848
168.43219081	-44.97914101
168.43231506	-44.97755465
168.43269647	-44.97677406
168.43275859	-44.97598088
168.43330849	-44.97509327
168.43411556	-44.97501145
168.43474524	-44.97514994
168.43817754	-44.97630820
168.44136177	-44.97859320
168.44360572	-44.97856787
168.44412008	-44.97813347
168.44451018	-44.97723953
168.44460753	-44.97599309
168.44435872	-44.97302811
168.44365792	-44.97175025
168.44130752	-44.96904350
168.44075760	-44.96788523
168.43985303	-44.96716763
168.43951592	-44.96533576
168.43910796	-44.96441039
168.43919655	-44.96327726
168.43846054	-44.96245263
168.43784871	-44.96208753
168.43628813	-44.96157135
168.43564973	-44.96154618
168.43594224	-44.95576095
168.43464785	-44.95184539
168.42956021	-44.94118760
168.42870946	-44.93979003
168.42900213	-44.93809666
168.43269820	-44.93380980
168.43276913	-44.93290330
168.43220199	-44.93197161
168.43083729	-44.93100841
168.43139565	-44.93000750
168.43366434	-44.92759651
168.43327446	-44.92644449
168.43307956	-44.92484553
168.43173286	-44.92160979
168.42672685	-44.92016166
168.42680702	-44.91709593
168.42662120	-44.91538364
168.42702890	-44.91426313
168.42882741	-44.91376593
168.42890725	-44.91274612
168.42374262	-44.91129155
168.42263529	-44.91113406
168.42134184	-44.91131018
168.42048233	-44.91207178
168.41975560	-44.91317964
168.41837601	-44.91283429
168.41819762	-44.91013442
168.41782785	-44.90884864
168.41800268	-44.90829528
168.41916021	-44.90694042
168.42154043	-44.90507368
168.42207169	-44.90500134
168.42453136	-44.90547223
168.42547748	-44.90513614
168.42556499	-44.90401902
168.42495437	-44.90007285
168.42524606	-44.89634913
168.42565384	-44.89449764
168.42553773	-44.89262542
168.42608345	-44.89236687
168.42686194	-44.89249105
168.42934313	-44.89100170
168.42943055	-44.88988458
168.42916880	-44.88819337
168.42767044	-44.88551943
168.42729946	-44.88522461
168.42764879	-44.88411785
168.42613603	-44.88163008
168.42468901	-44.87830446
168.42437642	-44.87726488
168.42434756	-44.87595640
168.42530778	-44.87543412
168.42409332	-44.87417208
168.42108943	-44.87395972
168.41890028	-44.87340604
168.41782372	-44.87373689
168.41762709	-44.87456953
168.41836103	-44.87693318
168.41927023	-44.87706260
168.41958272	-44.87810219
168.41952433	-44.87884693
168.42010601	-44.87980380
168.42082553	-44.88235362
168.42060702	-44.88346554
168.42017040	-44.88400853
168.41774770	-44.88475295
168.41581275	-44.88430269
168.41437968	-44.88415246
168.41323774	-44.88364023
168.41188512	-44.88246596
168.41080104	-44.88288983
168.41073522	-44.88372765
168.41084422	-44.88401213
168.41159331	-44.88450878
168.41382543	-44.88786575
168.41424631	-44.89087068
168.41563514	-44.89326032
168.41554745	-44.89437743
168.41625964	-44.89702037
168.41628832	-44.89832885
168.41513819	-44.89959059
168.41092425	-44.90138442
168.40708184	-44.90179212
168.40672550	-44.90131105
168.40625367	-44.89895774
168.40354714	-44.89828986
168.40236933	-44.89656213
168.40124290	-44.89418275
168.40088033	-44.89211390
168.40033551	-44.89069147
168.40087500	-44.88884528
168.40198858	-44.88804914
168.40315342	-44.88660135
168.40337960	-44.88539637
168.40227534	-44.88273773
168.40136806	-44.87924646
168.40090297	-44.87848088
168.40105688	-44.87652597
168.40163284	-44.87421431
168.40289996	-44.87146324
168.40348220	-44.87073934
168.40458807	-44.87003627
168.40567927	-44.86951937
168.40701032	-44.86929214
168.40777382	-44.86960263
168.40858854	-44.86926148
168.41108930	-44.86753904
168.41333113	-44.86739542
168.41437106	-44.86753008
168.41615992	-44.86816136
168.41729428	-44.86876664
168.42024681	-44.86963076
168.42061765	-44.86992560
168.42153404	-44.86996191
168.42286503	-44.86973450
168.42315602	-44.86937250
168.42321435	-44.86862775
168.42299629	-44.86805883
168.41969530	-44.86493980
168.41936828	-44.86408640
168.41921595	-44.86267963
168.41989361	-44.85738373
168.41944304	-44.85643204
168.41841789	-44.85611125
168.41801066	-44.85628186
168.41702150	-44.85717645
168.41577784	-44.85796754
168.41483975	-44.85821046
168.41367579	-44.85965837
168.41202541	-44.85893917
168.41054181	-44.85944053
168.40812656	-44.86177251
168.40635911	-44.86254269
168.40576320	-44.86177193
168.40475999	-44.86117174
168.40398929	-44.86095431
168.40404055	-44.86030267
168.40474623	-44.85967706
168.40481211	-44.85883924
168.40289371	-44.85652172
168.40149067	-44.85599896
168.40046663	-44.85399714
168.39857684	-44.85298805
168.39635204	-44.85289940
168.39442422	-44.84404449
168.39465641	-44.84249740
168.39458592	-44.84158086
168.39678228	-44.84268368
168.39765175	-44.84251529
168.39847572	-44.83929929
168.39939405	-44.83669621
168.39866919	-44.83321545
168.39780103	-44.83155644
168.39771457	-44.83084231
168.39819136	-44.82659723
168.39852816	-44.81869163
168.39695722	-44.81690306
168.39579455	-44.81898874
168.39371610	-44.82002261
168.39360579	-44.81961211
168.39390742	-44.81759362
168.39371072	-44.81646898
168.39615552	-44.81077952
168.39813123	-44.80923389
168.39875566	-44.80854810
168.40007500	-44.80809306
168.40101449	-44.80884118
168.40171740	-44.80897071
168.40275238	-44.80850431
168.40277625	-44.80820068
168.40385892	-44.80712702
168.40677558	-44.80267448
168.40564718	-44.80070058
168.40537969	-44.79865942
168.40802742	-44.79399310
168.40897553	-44.79281252
168.40964729	-44.79151941
168.41115517	-44.79229006
168.41195241	-44.79303243
168.41265515	-44.79316190
168.41531729	-44.79012041
168.41630483	-44.78843372
168.41674761	-44.78642080
168.41637675	-44.78569540
168.41653528	-44.78367119
168.41705672	-44.78247361
168.41749943	-44.78046069
168.41803667	-44.77906068
168.41956112	-44.77597394
168.42163791	-44.77311215
168.42343824	-44.77013784
168.42418060	-44.76793375
168.42728318	-44.76287903
168.42736222	-44.76186692
168.42875945	-44.75857200
168.43156124	-44.75370832
168.43374709	-44.75125678
168.43840256	-44.75001967
168.44013826	-44.74785478
168.44259996	-44.74734294
168.44605502	-44.74321544
168.44809043	-44.74268666
168.44945504	-44.74162376
168.44547049	-44.73974057
168.44285139	-44.74044928
168.44166807	-44.74101166
168.44009809	-44.74105111
168.43813360	-44.74066885
168.43586148	-44.74057894
168.43362092	-44.74008414
168.43045742	-44.73863901
168.42835663	-44.73820792
168.42401115	-44.73891787
168.42176794	-44.73998343
168.42012298	-44.74030298
168.41600584	-44.74001108
168.41212829	-44.73895883
168.41051337	-44.73889456
168.40846039	-44.73752992
168.40601857	-44.73653461
168.40334723	-44.73617156
168.39578120	-44.73625452
168.39468453	-44.73646730
168.38654178	-44.73473052
168.38230837	-44.73135371
168.38254024	-44.72841226
168.38367711	-44.72768805
168.38506387	-44.72607578
168.38369928	-44.72512308
168.38262294	-44.72507997
168.38107903	-44.72412006
168.38070222	-44.72205228
168.38114164	-44.72104355
168.38153273	-44.71836507
168.38045867	-44.71601276
168.37795771	-44.71578418
168.37433014	-44.71615180
168.37291546	-44.71583842
168.37033624	-44.71432360
168.36886357	-44.71246832
168.36759057	-44.71036444
168.36668644	-44.70814710
168.36617137	-44.70556050
168.36613362	-44.70376287
168.36536851	-44.70206427
168.36430830	-44.69727473
168.36580611	-44.69425593
168.36356639	-44.69301115
168.36193546	-44.69089278
168.35957444	-44.69118257
168.35750412	-44.69007278
168.35535281	-44.68998605
168.35052585	-44.68735368
168.34852689	-44.68534853
168.34723493	-44.68350020
168.34607153	-44.68229853
168.34217884	-44.68149967
168.34065710	-44.68028344
168.33926382	-44.67971387
168.33836761	-44.67967759
168.33824556	-44.68121221
168.33875279	-44.68161764
168.33742685	-44.68246203
168.33615175	-44.68266699
168.33332447	-44.68203927
168.33159311	-44.68119931
168.32570123	-44.67390391
168.32565457	-44.67223415
168.32438842	-44.66782061
168.32254408	-44.66389675
168.32178527	-44.65988868
168.32237827	-44.65696192
168.32452247	-44.65486797
168.32603732	-44.65390312
168.32818724	-44.65399040
168.32921127	-44.65467344
168.33112098	-44.65552071
168.33598115	-44.65995153
168.33433403	-44.66257903
168.33525655	-44.66454086
168.33470482	-44.66695615
168.33407562	-44.66808533
168.33678645	-44.67242895
168.33966035	-44.67472635
168.34088445	-44.67516078
168.34464468	-44.67762219
168.34554086	-44.67765842
168.34778304	-44.67659436
168.34895990	-44.67535894
168.34927441	-44.67139447
168.34908844	-44.66920593
168.34787455	-44.66864371
168.34745871	-44.66708736
168.34742157	-44.66528971
168.34800318	-44.66249070
168.34941302	-44.65831390
168.35043058	-44.65681545
168.35025475	-44.65449903
168.35078542	-44.65233943
168.34964286	-44.65088203
168.34578267	-44.64969964
168.34295690	-44.64907216
168.34170287	-44.64902141
168.33961408	-44.64816708
168.33914779	-44.64725012
168.33965849	-44.64534635
168.34170007	-44.64453093
168.34464740	-44.64362381
168.34634074	-44.64266592
168.34711811	-44.64192757
168.34795632	-44.64042191
168.34619555	-44.63996583
168.34239343	-44.64032521
168.34038249	-44.64075699
168.33894952	-44.64069896
168.33821271	-44.64092571
168.33744540	-44.64153611
168.33721545	-44.64216828
168.33815426	-44.64618351
168.33634255	-44.64636671
168.33316493	-44.64790576
168.33133279	-44.64834465
168.33050835	-44.64741312
168.33004220	-44.64649613
168.32914652	-44.64645978
168.32747316	-44.64716164
168.32582014	-44.64760771
168.32295390	-44.64749126
168.32183826	-44.64795911
168.31966817	-44.64812748
168.31820441	-44.64845284
168.31603979	-44.65080243
168.31557934	-44.65206667
168.31477078	-44.65318845
168.31307660	-44.65414586
168.31003091	-44.65402179
168.30806521	-44.65163229
168.30780923	-44.65033886
168.30749692	-44.64750354
168.30762994	-44.64584108
168.31293665	-44.64015560
168.31654960	-44.63991781
168.31901077	-44.63835007
168.32245467	-44.63797692
168.32535534	-44.63540054
168.32680853	-44.63520297
168.32758605	-44.63446476
168.33083021	-44.63433985
168.33247264	-44.63402160
168.33676473	-44.63201457
168.34021830	-44.63151299
168.34176272	-44.63016426
168.34239135	-44.62903504
168.34437500	-44.62667769
168.34624692	-44.62572705
168.34852761	-44.62415142
168.35121696	-44.62195079
168.35471344	-44.61862803
168.35459512	-44.61785348
168.35084847	-44.61526452
168.35011536	-44.61318216
168.35041596	-44.61165476
168.35153394	-44.60887744
168.35183448	-44.60735004
168.35007468	-44.60689403
168.34633908	-44.60417704
168.34648101	-44.60238663
168.34617717	-44.59942353
168.34424223	-44.59665100
168.34330019	-44.59494500
168.34351678	-44.58995021
168.34186918	-44.58808733
168.34027886	-44.58776631
168.34047168	-44.58533648
168.34027615	-44.58327581
168.34184322	-44.57936211
168.34425043	-44.57843324
168.34497627	-44.57833433
168.34891270	-44.57849364
168.35018546	-44.57828852
168.35148857	-44.57769973
168.35248440	-44.57645703
168.35508035	-44.57540727
168.35726076	-44.57280113
168.35791877	-44.57128816
168.35765192	-44.57012273
168.35777319	-44.56858808
168.35983493	-44.56520734
168.36160649	-44.56322611
168.36267251	-44.56108811
168.36276335	-44.55993712
168.36472360	-44.55783516
168.36682224	-44.55625194
168.36848240	-44.55567737
168.37047003	-44.55550085
168.37386840	-44.55563766
168.37441505	-44.55553137
168.37556873	-44.55455143
168.37817553	-44.55106405
168.38123812	-44.54862128
168.38478866	-44.54453022
168.38068566	-44.54423710
168.37893761	-44.54365366
168.37847940	-44.54491817
168.37629321	-44.54534342
168.37497096	-44.54618828
168.36803424	-44.54770505
168.36710982	-44.54805268
168.36668157	-44.54893348
168.36659082	-44.55008447
168.36524814	-44.55118499
168.36416498	-44.55126960
168.36301117	-44.55224942
168.36047698	-44.55253204
168.35943124	-44.55441425
168.35862194	-44.55784555
168.35618946	-44.56364889
168.35479571	-44.56538872
168.35390822	-44.56753388
168.35156920	-44.56987695
168.34945953	-44.57158777
168.34796749	-44.57229718
168.34649569	-44.57275080
168.34293776	-44.57235014
168.34224241	-44.57206538
168.34029471	-44.57172986
168.33939003	-44.57182149
168.33863381	-44.57230401
168.33754005	-44.57251625
168.33594630	-44.57450436
168.33501733	-44.57716091
168.33256535	-44.58091031
168.33143075	-44.58163403
168.33041403	-44.58313231
168.32890113	-44.58409724
168.32782747	-44.58405361
168.32615590	-44.58475546
168.32452503	-44.58494575
168.32533831	-44.58600521
168.32626950	-44.58783923
168.32628558	-44.58989265
168.32711932	-44.59069632
168.32751372	-44.59250852
168.32737123	-44.59429889
168.32661461	-44.59478134
168.32372043	-44.59504858
168.32166444	-44.59381027
168.31982374	-44.59437686
168.31888808	-44.59485197
168.31884729	-44.59536350
168.31843834	-44.59598835
168.31831596	-44.59752294
168.31894011	-44.59870304
168.31994267	-44.59964193
168.32069491	-44.60146871
168.32259254	-44.60244399
168.32500255	-44.60600602
168.32577540	-44.60757701
168.32569392	-44.60860008
168.32470715	-44.60971465
168.32467659	-44.61009830
168.32550041	-44.61102987
168.32548004	-44.61128564
168.32654402	-44.61145717
168.32775650	-44.61201961
168.33231976	-44.61335955
168.33192100	-44.61385656
168.33194746	-44.61578209
168.33149782	-44.61691852
168.33189254	-44.61873069
168.32727965	-44.62252065
168.32714726	-44.62418314
168.32570022	-44.62656201
168.32236473	-44.62783773
168.32085051	-44.62880254
168.31921838	-44.62899275
168.31845103	-44.62960302
168.31780151	-44.63098787
168.31754077	-44.63200364
168.31784792	-44.63265763
168.31722898	-44.63365883
168.31590383	-44.63450298
168.31460929	-44.63496347
168.31187170	-44.63549345
168.31043890	-44.63543507
168.30544458	-44.63497480
168.30042985	-44.63477008
168.29923766	-44.63395158
168.29834219	-44.63391499
168.29831144	-44.63429863
168.29791224	-44.63479552
168.29903269	-44.63650920
168.30116108	-44.64134323
168.30115578	-44.64365241
168.30109430	-44.64441969
168.30029581	-44.64541348
168.29552006	-44.64893905
168.29607249	-44.65101443
168.29656890	-44.65154792
168.29742363	-44.65209605
168.29788386	-44.65532236
168.29760214	-44.65659384
168.29961396	-44.65616282
168.30313577	-44.65707640
168.30430800	-44.65815062
168.30674473	-44.65914810
168.30703659	-44.66223919
168.30703152	-44.66454837
168.30597174	-44.66655794
168.30500406	-44.66741658
168.30471219	-44.66881596
168.30480946	-44.66984633
168.30600246	-44.67066477
168.30633016	-44.67106303
168.30945861	-44.67016415
168.31178831	-44.67025905
168.31371872	-44.67085084
168.31574663	-44.67247295
168.32179020	-44.67785061
168.32475704	-44.68348791
168.32695476	-44.68524499
168.32772870	-44.68681596
168.33176499	-44.69065917
168.33371377	-44.69327226
168.33439358	-44.69429534
168.33458907	-44.69502729
168.33425711	-44.69600939
168.33401287	-44.69907663
168.33357312	-44.70141191
168.33310024	-44.70256930
168.33294935	-44.70446376
168.33315204	-44.70510550
168.33257419	-44.70598712
168.32763656	-44.70424839
168.32600652	-44.70400126
168.32486088	-44.70404527
168.32330287	-44.70289597
168.32247414	-44.69897064
168.32132457	-44.69747588
168.31909445	-44.69521315
168.31700208	-44.69440405
168.31665871	-44.69393756
168.31543728	-44.69334486
168.31265496	-44.69323165
168.31155659	-44.69427300
168.31169404	-44.69572668
168.31223980	-44.69683495
168.31198340	-44.69845361
168.31229067	-44.69937117
168.31287256	-44.70002838
168.31384836	-44.70052061
168.31471596	-44.70236600
168.31597031	-44.70413661
168.31661389	-44.70561085
168.31826950	-44.70712622
168.31913013	-44.70906179
168.31815809	-44.71010835
168.31711060	-44.71368595
168.31780478	-44.71452871
168.31811223	-44.71544625
168.31857504	-44.71600808
168.31785591	-44.71706491
168.31318604	-44.72149078
168.31104599	-44.72285179
168.31035553	-44.72354773
168.30716689	-44.72531850
168.30491813	-44.72486487
168.30355161	-44.72290856
168.30413007	-44.72202709
168.30505918	-44.72152192
168.30549662	-44.72081571
168.30404338	-44.71994193
168.29995110	-44.72031809
168.29808216	-44.71987981
168.29562411	-44.71887441
168.29320566	-44.71895664
168.29093144	-44.72040231
168.29017228	-44.72037127
168.28917458	-44.72014947
168.28737833	-44.71880892
168.28486240	-44.71852496
168.28216910	-44.71886722
168.28197420	-44.71813519
168.28305176	-44.71736476
168.28511965	-44.71690637
168.28969610	-44.71682206
168.29126509	-44.71625266
168.29216522	-44.71610844
168.29270029	-44.71576828
168.29269703	-44.71422955
168.29143593	-44.71254890
168.29060839	-44.71179102
168.28895021	-44.70873651
168.28874169	-44.70501723
168.28915427	-44.70304296
168.28846790	-44.70210983
168.28726109	-44.70133640
168.28473867	-44.70114265
168.28359305	-44.70118625
168.28200986	-44.70193596
168.28105906	-44.70271157
168.28083083	-44.70396931
168.27918210	-44.70553087
168.27923589	-44.70643814
168.27741976	-44.71007447
168.27657344	-44.71112585
168.27538396	-44.71171061
168.27425268	-44.71157370
168.27353733	-44.71100131
168.27346178	-44.71036465
168.27363196	-44.70982860
168.27282654	-44.70879996
168.27219404	-44.70877400
168.26852818	-44.71016209
168.26690553	-44.70982390
168.26645056	-44.70917165
168.26545315	-44.70894964
168.26465039	-44.70945968
168.26363110	-44.70950828
168.26267263	-44.71037394
168.26269698	-44.71164205
168.26323466	-44.71284076
168.26403996	-44.71386946
168.26537323	-44.71464833
168.26692310	-44.71588863
168.26803987	-44.71620603
168.26862871	-44.71677326
168.27064570	-44.71694660
168.27198641	-44.71763519
168.27185530	-44.71925894
168.27096236	-44.71931279
168.27038608	-44.72173283
168.27091672	-44.72302171
168.27275642	-44.72382128
168.27346464	-44.72448388
168.27837766	-44.72495686
168.27884017	-44.72551886
168.27891579	-44.72615550
168.27976520	-44.72664284
168.28027135	-44.72666358
168.28091132	-44.72659928
168.28198906	-44.72582886
168.28877228	-44.72357226
168.29159229	-44.72323500
168.29285762	-44.72328671
168.29341451	-44.72267592
168.29457504	-44.72245180
168.29592342	-44.72304990
168.29680915	-44.72308606
168.29759347	-44.72438515
168.29774513	-44.72565842
168.29820783	-44.72622034
168.30006973	-44.72674883
168.30221370	-44.72692676
168.30249925	-44.72811498
168.30361999	-44.72997077
168.30381521	-44.73070277
168.30359460	-44.73187035
168.30472634	-44.73200697
168.30523979	-44.73193739
168.30521085	-44.73229823
168.30619436	-44.73270032
168.30903301	-44.73688863
168.30943809	-44.73817219
168.30927908	-44.74015683
168.30869328	-44.74112854
168.30717081	-44.74269565
168.30695745	-44.74377303
168.30775316	-44.74652058
168.30893227	-44.74765463
168.31006082	-44.74942015
168.31006826	-44.75249762
168.31048442	-44.75522970
168.31015170	-44.75621172
168.30930530	-44.75726334
168.30898700	-44.75806494
168.30911007	-44.75969903
168.30887499	-44.76104704
168.31085750	-44.76167073
168.31299215	-44.76356762
168.31322372	-44.76384855
168.31308644	-44.76556256
168.31322410	-44.76701623
168.31353897	-44.76784357
168.31454864	-44.76951369
168.31711416	-44.77079447
168.31775850	-44.77226871
168.31779852	-44.77335639
168.31729975	-44.77641329
168.31658705	-44.77737989
168.31823749	-44.77898548
168.32021351	-44.77969922
168.32221843	-44.78005207
168.32222247	-44.78159080
168.32307712	-44.78361655
168.32413061	-44.78474532
168.32641179	-44.78800541
168.32724089	-44.78876303
168.32764673	-44.79004653
168.32917835	-44.79155661
168.33160118	-44.79464131
168.33164867	-44.79563877
168.33262336	-44.79775979
168.33541517	-44.79941126
168.33658152	-44.80072545
168.33745853	-44.80248046
168.33803456	-44.80322776
168.33929631	-44.80653684
168.34022381	-44.80766034
168.34084826	-44.80875719
168.34077993	-44.81035952
168.34318670	-44.81366685
168.34396212	-44.81585233
168.34445091	-44.81642115
168.34428664	-44.81848424
168.34448973	-44.81891483
168.34422174	-44.82004447
168.34406990	-44.82046074
168.34324384	-44.82114547
168.34316885	-44.82283201
168.34255378	-44.82310287
168.34235282	-44.82339043
168.34260501	-44.82394972
168.34227566	-44.82435882
168.34141050	-44.82478854
168.34058560	-44.82471300
168.33477700	-44.82312671
168.33294306	-44.82305256
168.32948967	-44.82244823
168.32365657	-44.82191635
168.32286878	-44.82137755
168.31994245	-44.81864005
168.31853102	-44.81773800
168.31395084	-44.81712970
168.31205958	-44.81629256
168.31176545	-44.81552029
168.31027820	-44.81482626
168.30956840	-44.81479741
168.30848176	-44.81576699
168.30762662	-44.81607014
168.30613094	-44.81622051
168.30519467	-44.81605570
168.30413844	-44.81516791
168.30343541	-44.81505482
168.30306698	-44.81520878
168.30216608	-44.81681948
168.30134455	-44.81682450
168.29864357	-44.81774796
168.29561135	-44.81836157
168.29337483	-44.81827036
168.29115755	-44.81794034
168.29006347	-44.81800852
168.28998158	-44.81861103
168.29087901	-44.82000518
168.29211198	-44.82141300
168.29300664	-44.82144950
168.29438707	-44.82102668
168.29728829	-44.82122480
168.30116709	-44.82321944
168.30247714	-44.82367204
168.30448381	-44.82383356
168.30509415	-44.82321957
168.30603040	-44.82134118
168.30935345	-44.82187556
168.31307286	-44.82306477
168.31371197	-44.82348999
168.31408275	-44.82446328
168.31398066	-44.82573678
168.31450159	-44.82623704
168.31573824	-44.82620739
168.31913467	-44.82442873
168.31981208	-44.82437635
168.32025307	-44.82447408
168.32423199	-44.82663166
168.32736365	-44.82675849
168.32788470	-44.82725869
168.33059820	-44.82840657
168.33228229	-44.82839484
168.33359906	-44.82876749
168.33465403	-44.82960865
168.33520058	-44.82979044
168.33764470	-44.82869141
168.34048137	-44.82688952
168.34185292	-44.82798295
168.34562821	-44.82989196
168.34665804	-44.83105140
168.34658833	-44.83192695
168.34721512	-44.83251117
168.34815835	-44.83757979
168.34905534	-44.84041071
168.34907854	-44.84152956
168.34609784	-44.84372513
168.34589087	-44.84491456
168.34628769	-44.84556936
168.34617993	-44.84692249
168.34573016	-44.84834168
168.34547879	-44.85008827
168.34507971	-44.85087069
168.34448219	-44.85132571
168.34308236	-44.85198793
168.34305294	-44.85094868
168.34157527	-44.84977115
168.34050079	-44.84916884
168.34009132	-44.84867321
168.33912241	-44.84815499
168.33861377	-44.84749565
168.33725208	-44.84768022
168.33738302	-44.84744596
168.33727357	-44.84600421
168.33603262	-44.84467646
168.33495194	-44.84415369
168.33476631	-44.84366708
168.33413317	-44.84316239
168.33573370	-44.84139047
168.33608449	-44.83980761
168.33586322	-44.83836134
168.33533564	-44.83794077
168.33347838	-44.83730675
168.33243221	-44.83494875
168.33180554	-44.83436445
168.33196826	-44.83373221
168.33144711	-44.83323203
168.33026119	-44.83262509
168.32926720	-44.83242517
168.32747750	-44.83235274
168.32599155	-44.83269184
168.32526948	-44.83330142
168.32431455	-44.83541875
168.32335597	-44.83617844
168.32297937	-44.83807964
168.32326401	-44.83872999
168.32495202	-44.84007600
168.32628174	-44.84028954
168.32714489	-44.84072375
168.32767879	-44.84106476
168.32818725	-44.84172416
168.32819732	-44.84300220
168.32787810	-44.84418706
168.32735421	-44.84512408
168.32628362	-44.84587927
168.32583337	-44.84729838
168.32686310	-44.84845799
168.32663662	-44.84988616
168.32625638	-44.85042974
168.32854246	-44.85132077
168.33173013	-44.85216835
168.33641067	-44.85259704
168.33602168	-44.85465747
168.33669453	-44.85747945
168.33687142	-44.85948288
168.33780630	-44.86183631
168.33785469	-44.86263678
168.34004780	-44.86751637
168.33946277	-44.86781217
168.33921351	-44.86812152
168.33760842	-44.86853585
168.33545638	-44.86876836
168.33456096	-44.86873220
168.33271543	-44.86793897
168.33149061	-44.86780962
168.32980537	-44.86782134
168.32921392	-44.86819668
168.32881448	-44.86897905
168.32895559	-44.87002283
168.33167868	-44.87388595
168.33367194	-44.87564338
168.33466034	-44.87592286
168.33638784	-44.87679113
168.33595666	-44.87797149
168.33511582	-44.87865620
168.33407650	-44.87901349
168.33292266	-44.88080346
168.33331322	-44.88153791
168.33554978	-44.88306556
168.33674951	-44.88351325
168.33898229	-44.88368320
168.33986524	-44.88387852
168.34312876	-44.88520787
168.34327016	-44.88625164
168.34177422	-44.88810776
168.34110642	-44.88943831
168.34077451	-44.89078239
168.34128991	-44.89136213
168.34338564	-44.89184586
168.34594835	-44.89210881
168.34697294	-44.89334784
168.34656722	-44.89420986
168.34295623	-44.89582111
168.34204133	-44.89602379
168.33883836	-44.89533568
168.33727064	-44.89527243
168.33567750	-44.89552754
168.33459335	-44.89644199
168.33395456	-44.89881175
168.33446109	-44.90090833
168.33485181	-44.90164277
168.33480728	-44.90219993
168.33585090	-44.90320027
168.33612733	-44.90377872
168.33601178	-44.90522490
168.33687565	-44.90536339
168.33837554	-44.90666747
168.33943942	-44.90795394
168.34030026	-44.90995764
168.34163849	-44.91146241
168.34254067	-44.91294959
168.34703901	-44.91323438
168.34817730	-44.91359109
168.34824035	-44.91462993
168.34474836	-44.91635470
168.34454530	-44.91707194
168.34501149	-44.91854154
168.34473426	-44.92018846
168.34527463	-44.92072837
168.34655846	-44.92109095
168.34845681	-44.92106371
168.35010006	-44.91874633
168.35102999	-44.91805831
168.35154019	-44.91714616
168.35158133	-44.91662966
168.35554778	-44.91627094
168.35622538	-44.91691994
168.35777532	-44.91760396
168.35817861	-44.91803467
168.35950352	-44.91788061
168.35992326	-44.91810471
168.35984447	-44.92276487
168.35881351	-44.92655778
168.35651730	-44.92791641
168.35619359	-44.92831792
168.35164466	-44.92865329
168.34641803	-44.92833942
168.34470075	-44.92609405
168.34362520	-44.92677615
168.34297761	-44.92757911
168.34119971	-44.92792201
168.34077691	-44.92956306
168.33796646	-44.93369864
168.33642964	-44.93467298
168.33517537	-44.93576232
168.33494734	-44.93678944
168.33502669	-44.93762169
168.33605299	-44.93755945
168.33732888	-44.93802543
168.34319580	-44.93764006
168.34416439	-44.93830084
168.34587667	-44.93878429
168.34756427	-44.93957761
168.34838750	-44.94023251
168.35266333	-44.95066376
168.35492243	-44.95344887
168.35683575	-44.95508013
168.35722286	-44.95571744
168.35684965	-44.95673876
168.35657569	-44.96201286
168.35588417	-44.96519762
168.35467897	-44.96566738
168.35109620	-44.96666340
168.35207360	-44.96722082
168.35307571	-44.96746833
168.35345463	-44.96820896
168.35311976	-44.97057899
168.35228512	-44.97189265
168.35132961	-44.97289056
168.34954211	-44.97333689
168.34816643	-44.97411063
168.34942675	-44.97478307
168.35013792	-44.97501891
168.35101111	-44.97505399
168.35321055	-44.97493508
168.35425396	-44.97466608
168.35461910	-44.97374808
168.35522591	-44.97346155
168.35684316	-44.97331919
168.36119257	-44.97370089
168.36596816	-44.97606843
168.36650104	-44.97671154
168.36621593	-44.97846181
168.36636744	-44.98022956
168.36704592	-44.98087850
168.36942177	-44.98221712
168.37110069	-44.98497861
168.37047743	-44.98547183
168.37037899	-44.98671143
168.37038296	-44.99033858
168.37069662	-44.99190555
168.37292744	-44.99323827
168.37426647	-44.99660788
168.37424809	-44.99867970
168.37539645	-44.99893284
168.37635824	-44.99969665
168.37762765	-45.00026547
168.37786150	-45.00100020
168.37970335	-45.00356077
168.38039863	-45.00400302
168.38202141	-45.00748745
168.38417127	-45.00985296
168.38540825	-45.01083490
168.38569951	-45.01084651
168.38632131	-45.01221843
168.38698905	-45.01670098
168.38684183	-45.01856040
168.38719698	-45.01961081
168.38840152	-45.02100593
168.39026754	-45.02512164
168.39179344	-45.02984554
168.39362051	-45.03261248
168.39444292	-45.03699747
168.39549283	-45.04035524
168.39629916	-45.04494682
168.39700197	-45.04715088
168.39836000	-45.05031358
168.39930546	-45.05314901
168.39984643	-45.05555387
168.39967620	-45.05585799
168.39766724	-45.05722899
168.39728591	-45.05835373
168.39535851	-45.05869168
168.39433826	-45.05865114
168.39296930	-45.05932212
168.39059640	-45.05974590
168.38917828	-45.06103664
168.38670046	-45.06093804
168.38620589	-45.06164373
168.38600282	-45.06236104
168.38669886	-45.06280325
168.38373285	-45.06517219
168.38307605	-45.06607867
168.38056523	-45.06639314
168.37767450	-45.06596701
168.37692926	-45.06614455
168.37614299	-45.06683857
168.37394006	-45.06695792
168.37263636	-45.06680226
168.36912973	-45.06676583
168.36858557	-45.06809125
168.36850940	-45.07088615
168.36976387	-45.07166166
168.37107588	-45.07171406
168.37211277	-45.07154821
168.37282524	-45.07178391
168.37417011	-45.07142307
168.37454376	-45.07040171
168.37545946	-45.06992011
168.37587217	-45.07024746
168.37612269	-45.07077559
168.37891708	-45.07057614
168.38010790	-45.07031273
168.38272370	-45.07052058
168.38355740	-45.07107192
168.38304632	-45.07198420
168.38330510	-45.07240901
168.38280219	-45.07321800
168.38259085	-45.07403859
168.38286603	-45.07425680
168.38416992	-45.07441236
168.38519044	-45.07445298
168.38564419	-45.07426379
168.38665651	-45.07440771
168.38704475	-45.07504492
168.38867965	-45.07656073
168.38879270	-45.07697973
168.38701041	-45.07732333
168.38594889	-45.07779922
168.38546235	-45.07840161
168.38579983	-45.08152383
168.38572611	-45.08245353
168.38538534	-45.08306173
168.38394194	-45.08466229
168.38303427	-45.08504066
168.38171374	-45.08509169
168.38043421	-45.08462622
168.37989196	-45.08408648
168.37966596	-45.08324846
168.37939074	-45.08303024
168.37937618	-45.08137163
168.37990381	-45.08025276
168.38000223	-45.07901316
168.38082142	-45.07790591
168.37577406	-45.07884459
168.37475347	-45.07880388
168.37399163	-45.07918799
168.37242685	-45.08047269
168.37223997	-45.08098337
168.37165466	-45.08282529
168.37156428	-45.08396158
168.37186203	-45.08573513
168.37241243	-45.08617161
168.37293819	-45.08691798
168.37543978	-45.08857219
168.37699459	-45.08925595
168.37757789	-45.08927921
168.37882468	-45.09015792
168.37969964	-45.09019278
168.38040418	-45.09053173
168.38088908	-45.09179457
168.38040237	-45.09239694
168.37784934	-45.09322784
168.37562272	-45.09179192
168.37468403	-45.09071821
168.37188863	-45.09091755
168.37036458	-45.09168573
168.36950604	-45.09144419
168.36743975	-45.09167254
168.36726102	-45.09207991
168.36633666	-45.09266473
168.36501363	-45.09458078
168.36415272	-45.09620441
168.36248259	-45.09696665
168.36182508	-45.09787300
168.36120875	-45.09826286
168.36081819	-45.09949076
168.36098631	-45.10105190
168.36155082	-45.10314702
168.36130610	-45.10438076
168.36218711	-45.10617766
168.36433984	-45.10854352
168.36496218	-45.10991554
168.36471750	-45.11114929
168.36348221	-45.11379422
168.36502933	-45.11458144
168.36613882	-45.11535116
168.36763665	-45.11675813
168.36739200	-45.11799188
168.36856903	-45.12342746
168.36835729	-45.12424802
168.36583330	-45.12653065
168.36477660	-45.12876822
168.36247820	-45.13188881
168.35944661	-45.13135309
168.35594427	-45.13121295
168.35385171	-45.13175094
168.35367276	-45.13215828
168.35370866	-45.13537217
168.35319652	-45.13628431
168.35289365	-45.13824111
168.34938525	-45.14183114
168.34657606	-45.14399833
168.34404205	-45.14638376
168.34263727	-45.14746730
168.34189086	-45.14764460
168.34123244	-45.14855082
168.34114962	-45.14958378
168.34208036	-45.15076105
168.34374933	-45.15186430
168.34397508	-45.15270238
168.34318721	-45.15339617
168.34124798	-45.15383648
168.33671266	-45.15925027
168.33486942	-45.16031611
168.33169546	-45.16153567
168.33008110	-45.16157435
168.32495795	-45.15971004
168.32257577	-45.15837050
168.32111581	-45.15831165
168.32036918	-45.15848881
168.31966036	-45.16001467
168.31698240	-45.16052842
168.31581439	-45.16048128
168.31516374	-45.16128406
168.31439678	-45.16716000
168.31370436	-45.16847924
168.31308693	-45.16886882
168.31116363	-45.16910204
168.31014981	-45.16895745
168.30967838	-45.16935292
168.30993292	-45.17164307
168.31017493	-45.17227463
168.30966175	-45.17318656
168.31089264	-45.17427259
168.31134334	-45.17594888
168.31115560	-45.17645945
168.31069245	-45.17675163
168.31004154	-45.17755437
168.30911520	-45.17813873
168.30829317	-45.17924544
168.30839330	-45.18163298
168.30850597	-45.18205205
168.31037966	-45.18243865
168.31171919	-45.18218186
168.31306705	-45.18182176
168.31507412	-45.18055559
168.31650524	-45.17916252
168.31897142	-45.17946924
168.31879206	-45.17987653
168.31866714	-45.18142593
168.31884266	-45.18288382
168.31843009	-45.18618333
168.31852618	-45.18680898
168.31921489	-45.18735489
168.31941542	-45.18850290
168.31980368	-45.18914033
168.31962880	-45.19130949
168.31827243	-45.19177296
168.31806803	-45.19249012
168.31804750	-45.19456188
168.31723373	-45.19556536
168.31800197	-45.19694352
168.31893301	-45.19812098
168.31950975	-45.20187488
168.31951043	-45.20550192
168.32041212	-45.20522737
168.32104654	-45.20463115
168.32208057	-45.19907684
168.32263540	-45.19764838
168.32269366	-45.19692533
168.32362848	-45.19623757
168.32365344	-45.19592769
168.32467609	-45.19596886
168.32593271	-45.19674485
168.32628783	-45.19779543
168.32589691	-45.20265025
168.32599312	-45.20327589
168.32656925	-45.20340270
168.32716201	-45.20332293
168.32841883	-45.20409888
168.33032662	-45.20407197
168.33164508	-45.20225966
168.33229937	-45.19959162
168.33145111	-45.19738133
168.32925836	-45.19366616
168.32647326	-45.19003073
168.32573817	-45.18823945
168.32520742	-45.18573099
168.32546160	-45.18439405
168.32529422	-45.18283288
168.32551043	-45.18014723
168.32700778	-45.17792767
168.32805027	-45.17589705
168.32932179	-45.17283935
168.32930037	-45.17128405
168.33312206	-45.17112687
168.33597958	-45.17020543
168.33724732	-45.16901282
168.33973290	-45.16724732
168.33980749	-45.16631766
168.34089590	-45.16553233
168.34157109	-45.16441952
168.34138676	-45.16306495
168.34179474	-45.16163054
168.34899872	-45.16129765
168.35196844	-45.16079484
168.35313094	-45.15907972
168.35440633	-45.15778362
168.35593237	-45.15701567
168.35878056	-45.15619694
168.35936705	-45.15435511
168.36029248	-45.15377034
168.36030898	-45.15356375
168.36205259	-45.15373706
168.36400813	-45.15308980
168.36479575	-45.15239587
168.36502413	-45.15136873
168.36451080	-45.14678865
168.36843777	-45.14528741
168.37209115	-45.14170261
168.37376248	-45.14094024
168.37494658	-45.14078018
168.37840848	-45.14143623
168.38174092	-45.14187976
168.38251821	-45.14315420
168.38287404	-45.14420461
168.38383018	-45.14507164
168.38528821	-45.14699487
168.38578189	-45.14815438
168.38507495	-45.14968065
168.38375292	-45.14973171
168.38446473	-45.15183252
168.38696789	-45.15535165
168.38756668	-45.15703344
168.39007845	-45.16044920
168.39043453	-45.16149958
168.38960612	-45.16271019
168.38811318	-45.16306539
168.38735030	-45.16344958
168.38646600	-45.16351807
168.38585733	-45.16380476
168.38517480	-45.16502113
168.38489750	-45.16666811
168.38459556	-45.16862499
168.38485312	-45.17091497
168.38414416	-45.17430642
168.38306439	-45.17498887
168.38324975	-45.17634336
168.38178748	-45.17815047
168.38100793	-45.17874122
168.38279990	-45.18015960
168.38020188	-45.18150703
168.37926163	-45.18043337
168.37788134	-45.18120745
168.37724777	-45.18180398
168.37706882	-45.18221136
168.37696193	-45.18355423
168.37735080	-45.18419147
168.37729324	-45.18491455
168.37823353	-45.18598823
168.38012426	-45.18616708
168.38102535	-45.18589204
168.38261749	-45.18429735
168.38149001	-45.18373439
168.38321992	-45.18224880
168.38478559	-45.18282915
168.38670247	-45.18083282
168.38699459	-45.18084442
168.38784635	-45.18118912
168.38795960	-45.18160812
168.39049856	-45.18284878
168.39155235	-45.18434134
168.39097479	-45.18608004
168.38981287	-45.18779554
168.38953559	-45.18944253
168.39007072	-45.19008551
168.39488199	-45.19224521
168.39663509	-45.19231470
168.39812056	-45.19206268
168.40187916	-45.19086441
168.40282928	-45.18996940
168.40349537	-45.18895952
168.40600331	-45.18874786
168.40869903	-45.18616024
168.40919441	-45.18545446
168.41029125	-45.18269998
168.40962708	-45.17997953
168.40852391	-45.17910694
168.40765573	-45.17896899
168.40638205	-45.17840051
168.40302275	-45.17826759
168.40022316	-45.17846762
168.39886079	-45.17717017
168.39806630	-45.17610245
168.39694830	-45.17357117
168.39677080	-45.17211339
168.39686083	-45.17097709
168.39737260	-45.17006476
168.39786923	-45.16749384
168.39821855	-45.16678232
168.39799196	-45.16594435
168.39657393	-45.16350478
168.40055144	-45.15951745
168.40181647	-45.16018930
168.40267618	-45.16043059
168.40600176	-45.16097672
168.40706466	-45.16050065
168.40785186	-45.15980642
168.40937723	-45.15903775
168.40941803	-45.15852125
168.41061055	-45.15825752
168.41190013	-45.15861936
168.41520056	-45.16134030
168.41678979	-45.16347550
168.41820112	-45.16415293
168.42478024	-45.16430871
168.42718163	-45.16357431
168.42869872	-45.16290869
168.42973710	-45.16274232
168.43026451	-45.16162323
168.43191954	-45.15920142
168.43312009	-45.15883416
168.43635662	-45.15678535
168.43684329	-45.15618274
168.43674595	-45.15555719
168.43607272	-45.15480538
168.43522917	-45.15435773
168.43343671	-45.15294017
168.43224452	-45.15133895
168.43219607	-45.14822838
168.43273963	-45.14503749
168.43617001	-45.14237460
168.43651870	-45.14166296
168.43772696	-45.14119234
168.43816485	-45.14120955
168.43843247	-45.14153093
168.44041957	-45.14606471
168.44126304	-45.14651232
168.44187125	-45.14622534
168.44260923	-45.14615068
168.44519607	-45.14490512
168.44624217	-45.14463529
168.44629072	-45.14401547
168.44480642	-45.14240293
168.44415752	-45.14134126
168.44409250	-45.14030249
168.44342745	-45.13944742
168.44359744	-45.13727805
168.44401886	-45.13563664
168.44564827	-45.13352454
168.44950710	-45.13098173
168.45022871	-45.13111364
168.45171235	-45.13086092
168.45244205	-45.13088951
168.45306619	-45.13039586
168.45396605	-45.13012024
168.45556330	-45.13028640
168.45670659	-45.13064202
168.45982902	-45.13050877
168.46065257	-45.13164825
168.46138926	-45.13223069
168.46254457	-45.13246040
168.46557588	-45.13036430
168.46746699	-45.12951543
168.47242683	-45.12943216
168.47325669	-45.12881862
168.47446207	-45.12840426
168.47437506	-45.12784723
168.47012144	-45.12555906
168.47053277	-45.12529829
168.47237352	-45.12509329
168.47562935	-45.12512796
168.47834395	-45.12541828
168.48091433	-45.12588746
168.48124701	-45.12663858
168.48077854	-45.12763533
168.48071421	-45.12846328
168.48163953	-45.12997564
168.48254924	-45.13001104
168.48386311	-45.12987762
168.48533550	-45.12938126
168.48771756	-45.12892024
168.49323992	-45.12830430
168.49563074	-45.12941206
168.49654757	-45.12935536
168.49773856	-45.12912474
168.49950631	-45.12817830
168.50115116	-45.12713480
168.50159793	-45.12641395
168.50430560	-45.12679564
168.50479699	-45.12718374
168.50583662	-45.12722399
168.50850886	-45.12806556
168.50915864	-45.12809069
168.51094965	-45.12852903
168.51240047	-45.12830830
168.51346851	-45.12798050
168.51417504	-45.12726964
168.51550296	-45.12695185
168.51852496	-45.12494633
168.51895732	-45.12440940
168.52042926	-45.12391259
168.52214691	-45.12360976
168.52463008	-45.12352097
168.52876721	-45.12395716
168.52951157	-45.12444717
168.53084211	-45.12579015
168.53159357	-45.12618814
168.53238036	-45.12612615
168.53345247	-45.12404522
168.53576457	-45.12108927
168.53645663	-45.12056227
168.53703990	-45.11975427
168.53787597	-45.11904826
168.54015544	-45.11821315
168.54225558	-45.11801700
168.54316906	-45.11629897
168.54466875	-45.11543385
168.54762252	-45.11259459
168.54854278	-45.11078452
168.54948740	-45.11035939
168.55306554	-45.10957383
168.55656282	-45.10813918
168.55738444	-45.10761702
168.55991597	-45.10688346
168.56135905	-45.10675411
168.56308999	-45.10626667
168.56731724	-45.10550548
168.56965564	-45.10559473
168.57122857	-45.10547021
168.57368290	-45.10574834
168.57700882	-45.10827401
168.57913360	-45.10946212
168.58011011	-45.11032968
168.58030431	-45.11292052
168.58076118	-45.11376830
168.58041750	-45.11486241
168.58290448	-45.11643329
168.58387418	-45.11739283
168.58396923	-45.11785777
168.58355847	-45.11811894
168.58322878	-45.11902906
168.58370667	-45.11960083
168.58532618	-45.12058506
168.58649570	-45.12062951
168.58835680	-45.12014662
168.58904835	-45.11961930
168.58983051	-45.11789596
168.58909269	-45.11731435
168.58840369	-45.11608873
168.58703716	-45.11520642
168.58516054	-45.11245939
168.58498441	-45.11134551
168.58529572	-45.10895844
168.58575523	-45.10805325
168.58598280	-45.10677018
168.58821734	-45.10307222
168.58878576	-45.10244796
168.59013359	-45.10185330
168.59210306	-45.10165129
168.59326524	-45.10178767
168.59383358	-45.10116338
168.59416996	-45.10016123
168.59398673	-45.09913936
168.59301716	-45.09817991
168.59207549	-45.09685244
168.59367598	-45.09635960
168.59586558	-45.09496644
168.60086609	-45.09257260
168.60418263	-45.09177558
168.61155495	-45.08900975
168.61528846	-45.08785912
168.61760708	-45.08647044
168.61857846	-45.08567672
168.61876368	-45.08494560
168.61961899	-45.08396297
168.62113050	-45.08291283
168.62235458	-45.08222088
168.62422103	-45.08164540
168.62665522	-45.08044544
168.62957423	-45.07972500
168.63038098	-45.07938631
168.63088093	-45.07792891
168.63129119	-45.07766756
168.63576822	-45.07700560
168.63667718	-45.07703977
168.63788717	-45.07653166
168.63913845	-45.07547152
168.64009562	-45.07491253
168.64328085	-45.07410812
168.64386887	-45.07315803
168.64496953	-45.07218852
168.64692341	-45.07152507
168.64824725	-45.07138746
168.65101597	-45.07157940
168.65229272	-45.07194401
168.65317018	-45.07239954
168.65521337	-45.07293734
168.65817237	-45.07341710
168.66135687	-45.07436651
168.66623638	-45.07528685
168.66925708	-45.07669122
168.66872399	-45.07685586
168.66826604	-45.07776139
168.66784911	-45.07811488
168.66767138	-45.07875408
168.66814294	-45.07941750
168.67015234	-45.08041506
168.67025486	-45.08078793
168.67086317	-45.08136418
168.67071280	-45.08163536
168.67230539	-45.08298638
168.67499849	-45.08354802
168.67646119	-45.08314119
168.67803327	-45.08301519
168.67993384	-45.08548468
168.68262067	-45.08789111
168.68428268	-45.09182782
168.68403894	-45.10215189
168.68379355	-45.10546413
168.68047080	-45.10810843
168.67723650	-45.10955655
168.67706560	-45.11010375
168.67717505	-45.11038461
168.67884393	-45.11247641
168.67782514	-45.11391468
168.67718247	-45.11555145
168.67743553	-45.11565313
168.67762713	-45.11658286
168.67974066	-45.11795310
168.68181336	-45.11987534
168.68244949	-45.12008350
168.68238163	-45.12275652
168.68283327	-45.12369589
168.68371573	-45.12409771
168.68275142	-45.12479997
168.68195799	-45.12495501
168.67939309	-45.12615131
168.68011147	-45.12700836
168.68039218	-45.12849495
168.68007080	-45.12931334
168.67739638	-45.13198170
168.67678082	-45.13325044
168.67641837	-45.13462086
168.67554962	-45.13578792
168.67550178	-45.13643196
168.67571392	-45.13708567
168.67386669	-45.13738597
168.67285411	-45.13697924
168.67180050	-45.13712453
168.67118476	-45.13839324
168.67100003	-45.13912444
168.67106845	-45.13995733
168.67215636	-45.14110497
168.67327850	-45.14179256
168.67347012	-45.14272230
168.67195799	-45.14377313
168.67022684	-45.14426222
168.66878306	-45.14439295
168.66847512	-45.14502730
168.66857090	-45.14549217
168.66759235	-45.14637831
168.66638799	-45.14679472
168.66573792	-45.14677048
168.66487561	-45.14784545
168.66505342	-45.14895921
168.66447852	-45.14967585
168.66225421	-45.15153035
168.66202132	-45.15290556
168.66044042	-45.15312334
168.65796991	-45.15303110
168.65449304	-45.15419284
168.65370599	-45.15425567
168.65176931	-45.15399873
168.65004456	-45.15439551
168.64985950	-45.15512667
168.64819523	-45.15820127
168.64513552	-45.15900931
168.64377313	-45.15978862
168.64521656	-45.16141115
168.64533894	-45.16326096
168.64507804	-45.16500416
168.64379046	-45.16652437
168.64303683	-45.16788005
168.64220134	-45.16858683
168.64026923	-45.17174356
168.63956275	-45.17420814
168.63736531	-45.17394119
168.63195635	-45.17475301
168.62869068	-45.17481481
168.62609612	-45.17462498
168.62476079	-45.17503605
168.62459611	-45.17549117
168.62533504	-45.17607255
168.62955844	-45.17715399
168.63029053	-45.17782734
168.63206330	-45.17853978
168.63393857	-45.17962508
168.63496434	-45.18160109
168.63527866	-45.18262777
168.63654507	-45.18313660
168.63895575	-45.18230440
168.63992846	-45.18151052
168.64050399	-45.18079401
168.64090805	-45.18062463
168.64168858	-45.18065388
168.64301703	-45.18033461
168.64366747	-45.18035898
168.64430413	-45.18056735
168.64487271	-45.17994281
168.64620801	-45.17953150
168.64843325	-45.17943027
168.65121260	-45.18064136
168.65316394	-45.18071431
168.65806576	-45.18320392
168.66306380	-45.18615820
168.66378954	-45.18692333
168.66579580	-45.18801296
168.66572038	-45.18902501
168.66633651	-45.19126221
168.66682270	-45.19174162
168.66945237	-45.19322343
168.67051386	-45.19473909
168.67256161	-45.19527657
168.67415057	-45.19671956
168.67595199	-45.19881622
168.67672595	-45.19893724
168.67765740	-45.19869507
168.67859568	-45.19836088
168.67887645	-45.19809453
168.68061599	-45.19751331
168.68323226	-45.19742588
168.68774591	-45.19814680
168.69074577	-45.19816567
168.69271821	-45.19796193
168.69628703	-45.19910881
168.70082138	-45.19955319
168.70358825	-45.19919409
168.70493717	-45.19859808
168.70645804	-45.19920774
168.70729431	-45.20025343
168.70761004	-45.20127990
168.70807629	-45.20203516
168.70790655	-45.20433533
168.70876328	-45.20510498
168.70940725	-45.20522098
168.71011350	-45.20626184
168.70989512	-45.20745313
168.70905988	-45.20816040
168.70890491	-45.21202949
168.70903625	-45.21378722
168.70878387	-45.21543854
168.70883936	-45.21645541
168.70964317	-45.21971404
168.70888267	-45.23001879
168.70939110	-45.23197492
168.70999463	-45.23264295
168.71135481	-45.23721364
168.71104005	-45.23794010
168.71073575	-45.24383332
168.71010614	-45.24528623
168.70707770	-45.24738881
168.70635849	-45.24828487
168.70618066	-45.24892411
168.70651023	-45.24976657
168.70891709	-45.25077783
168.70927389	-45.25125226
168.71076226	-45.25232190
168.71123576	-45.25298513
168.71212722	-45.25329471
168.71552757	-45.25323531
168.71796186	-45.25387835
168.71794152	-45.25415438
168.71889551	-45.25538877
168.71869746	-45.25630405
168.71878853	-45.25861379
168.71857691	-45.25971309
168.71970195	-45.26040022
168.71974412	-45.26160109
168.72105525	-45.26330986
168.72126161	-45.26405548
168.72427503	-45.26748730
168.72639529	-45.26885665
168.72744618	-45.27055578
168.72772382	-45.27388715
168.72747847	-45.27544649
168.72761053	-45.27720418
168.72729073	-45.27977561
168.72731277	-45.28125250
168.72773256	-45.28265171
168.72903088	-45.28454439
168.72889557	-45.28638453
168.72829978	-45.28737751
168.72830832	-45.28903841
168.72758912	-45.29703823
168.72709145	-45.30024892
168.72657168	-45.30198272
168.72655985	-45.30391964
168.72610439	-45.30833119
168.72615520	-45.31119296
168.72542361	-45.31402606
168.72208695	-45.32026931
168.71961884	-45.32359220
168.71821958	-45.32483242
168.71687459	-45.32533657
168.71546844	-45.32666875
168.71384212	-45.32743930
168.71185846	-45.32773542
168.70977956	-45.32931957
168.70910697	-45.32957160
168.70813382	-45.33211896
168.70637681	-45.33288460
168.70337762	-45.33452702
168.70185411	-45.33567023
168.70119597	-45.33749110
168.69995370	-45.33836787
168.69547879	-45.34226212
168.69411269	-45.34304201
168.69147669	-45.34506659
168.68920401	-45.34572069
168.68682133	-45.34609391
168.68478854	-45.34528068
168.68360747	-45.34532925
168.68342907	-45.34596844
168.68359416	-45.34726615
168.68281168	-45.34899008
168.67888412	-45.35253497
168.67666603	-45.35420568
168.67424174	-45.35513066
168.66961955	-45.35745015
168.66509308	-45.36023432
168.66103344	-45.36202084
168.65500900	-45.36382634
168.65156056	-45.36443594
168.64900490	-45.36535552
168.64622268	-45.36580529
168.64466953	-45.36731572
168.64424174	-45.37126689
168.64356752	-45.37327142
168.64197349	-45.37358094
168.64075719	-45.37408906
168.64171060	-45.37707697
168.64100853	-45.37944948
168.64157823	-45.38057787
168.64143292	-45.38250988
168.63848159	-45.38867324
168.63742909	-45.39047909
168.63603332	-45.39162629
168.63529729	-45.39270588
168.63377084	-45.39384816
168.63260952	-45.39362019
168.63130376	-45.39357133
168.62966051	-45.39452467
168.62920630	-45.39533800
168.62653776	-45.39772906
168.62535555	-45.39777702
168.61329483	-45.39621726
168.61108193	-45.39604181
168.60849824	-45.39557558
168.60467862	-45.39414014
168.60311870	-45.39398912
168.60282264	-45.39443927
168.60019017	-45.39461684
168.59937876	-45.39495530
168.59615632	-45.39428017
168.59527728	-45.39378569
168.59272639	-45.39461200
168.58914736	-45.39346190
168.58708625	-45.39301493
168.58313405	-45.39332672
168.58195891	-45.39328223
168.57891936	-45.39021470
168.57515708	-45.38804230
168.57487274	-45.38148084
168.57438871	-45.37924817
168.57357335	-45.37792555
168.57150589	-45.37757029
168.57130503	-45.37848530
168.57087122	-45.37902241
168.56746639	-45.37732460
168.56592112	-45.37698908
168.56289406	-45.37549002
168.56114420	-45.37440853
168.56023395	-45.37262087
168.55949313	-45.37203908
168.55757061	-45.37150455
168.55762704	-45.37076858
168.55690038	-45.37000279
168.55640654	-45.36961492
168.55438891	-45.36861538
168.55151766	-45.36850589
168.55147528	-45.36905786
168.55090377	-45.36968191
168.54999724	-45.36955506
168.54763386	-45.36964939
168.54634995	-45.36932357
168.54581375	-45.36948762
168.54829677	-45.37124320
168.54998975	-45.37306084
168.55100566	-45.37346865
168.55194051	-45.37322752
168.55488952	-45.37573882
168.55510822	-45.37630074
168.55711203	-45.37748426
168.55741542	-45.37694223
168.55850200	-45.37643002
168.55912644	-45.37682286
168.55959920	-45.37748670
168.55956049	-45.37969957
168.55814224	-45.38112180
168.55794820	-45.38194479
168.55805758	-45.38222574
168.55908782	-45.38244950
168.56002279	-45.38220829
168.56093659	-45.38224307
168.56169166	-45.38264086
168.56535724	-45.38093498
168.56741391	-45.37972146
168.56901240	-45.38107388
168.57041710	-45.38324928
168.57153971	-45.38569074
168.57202369	-45.38792343
168.57204875	-45.38930833
168.57236308	-45.39033515
168.57271258	-45.39090199
168.57473835	-45.39180921
168.57506680	-45.39265203
168.57495434	-45.39412397
168.57386054	-45.39472833
168.57089647	-45.39581528
168.56979556	-45.39651159
168.57235482	-45.39900757
168.57549179	-45.39737355
168.57711495	-45.39669698
168.57924635	-45.39622416
168.58130049	-45.39676327
168.58301907	-45.39655155
168.58382359	-45.39630521
168.58625550	-45.39704305
168.58745175	-45.39681150
168.58967861	-45.39680341
168.59144371	-45.39770046
168.59217819	-45.39837403
168.59210818	-45.39929401
168.59152281	-45.40010226
168.58971309	-45.40151008
168.58949142	-45.40270111
168.59125670	-45.40359816
168.59199826	-45.40417974
168.59485976	-45.40271932
168.59755556	-45.40171389
168.59954939	-45.40132777
168.60597630	-45.40120085
168.60783891	-45.40103478
168.60891773	-45.40135434
168.61105961	-45.40277586
168.61470636	-45.40717962
168.61671283	-45.40810832
168.61907372	-45.40892837
168.62245180	-45.41003032
168.62506808	-45.40976267
168.62911831	-45.41113341
168.63145200	-45.41231789
168.63622043	-45.41334952
168.64022669	-45.41301155
168.64211607	-45.41320398
168.64386944	-45.41290369
168.64783910	-45.41305171
168.64902899	-45.41333985
168.65189012	-45.41442164
168.65472399	-45.41586805
168.65500536	-45.41673183
168.65581369	-45.41749332
168.66024644	-45.42070566
168.66157276	-45.42148634
168.66626064	-45.42361079
168.66865017	-45.42406512
168.67192107	-45.42430826
168.67330212	-45.42435942
168.67556449	-45.42419938
168.67629152	-45.42605480
168.67802725	-45.42831324
168.67862713	-45.42955443
168.67888173	-45.43078285
168.67857425	-45.44186439
168.67992852	-45.44228016
168.67990168	-45.44496097
168.67931102	-45.44591433
168.67842969	-45.44844164
168.67746632	-45.44974692
168.67485784	-45.45452642
168.67283066	-45.45615799
168.67114884	-45.46011842
168.66785768	-45.46011839
168.66725756	-45.46119325
168.66266570	-45.46467998
168.66098333	-45.46632416
168.66069207	-45.46789806
168.65989162	-45.46933116
168.65776368	-45.46998354
168.65667233	-45.47067441
168.65690722	-45.47677819
168.65826165	-45.47951031
168.65844306	-45.48171126
168.65508411	-45.49182618
168.65518390	-45.49280509
168.65440122	-45.49399502
168.65416445	-45.49483953
168.64981504	-45.49735965
168.64761275	-45.49898433
168.64490091	-45.50046810
168.64310820	-45.50125465
168.64009622	-45.50211762
168.63848542	-45.50278898
168.63693322	-45.51187375
168.63788024	-45.51081195
168.64099229	-45.51092796
168.64368642	-45.50968740
168.64564313	-45.50902885
168.64748180	-45.50763446
168.64928380	-45.50672629
168.65121291	-45.50643232
168.65277796	-45.50636859
168.65733675	-45.50568462
168.65945325	-45.50604485
168.66008905	-45.50661368
168.66074526	-45.50691064
168.66128443	-45.50747587
168.66241886	-45.50785871
168.66508461	-45.50850276
168.66592400	-45.50894279
168.66819809	-45.50964040
168.66974472	-45.50969766
168.67212061	-45.50903587
168.67397247	-45.50889990
168.67535116	-45.50861010
168.67716221	-45.50772287
168.67914622	-45.50711462
168.68523078	-45.50740733
168.68975318	-45.50655171
168.69423497	-45.50623966
168.69752141	-45.50636055
168.69889993	-45.50607046
168.69999855	-45.50563377
168.70097020	-45.50560132
168.70177377	-45.50522193
168.70325395	-45.50486738
168.70404159	-45.50339694
168.70729431	-45.49874563
168.70758846	-45.49739337
168.71004403	-45.49564332
168.71122802	-45.49405107
168.71271505	-45.48967567
168.71296586	-45.48498234
168.71459947	-45.47993077
168.71471924	-45.47700460
168.71409734	-45.47493723
168.71278415	-45.47304898
168.71077470	-45.47140778
168.70956837	-45.46938709
168.70925755	-45.46835340
168.70908520	-45.46153178
168.71098394	-45.45812565
168.71104939	-45.45724206
168.71237945	-45.45497365
168.71354240	-45.45365324
168.71546880	-45.45379202
168.71628766	-45.45450355
168.71677556	-45.45445328
168.71679567	-45.45418140
168.71820800	-45.45341531
168.71842627	-45.45308254
168.71828841	-45.45232781
168.72023487	-45.45219463
168.72060106	-45.45248064
168.72148526	-45.45230855
168.72179505	-45.45204728
168.72154050	-45.45156089
168.72144277	-45.45026242
168.72178771	-45.44952536
168.72294649	-45.44956777
168.72511986	-45.44767085
168.72280886	-45.44356531
168.72249794	-45.44253164
168.72250445	-45.43851088
168.72220360	-45.43734127
168.72248703	-45.43612490
168.72312149	-45.43539844
168.72325196	-45.43363124
168.72260129	-45.43326667
168.72170118	-45.43234773
168.71571897	-45.42947060
168.71639764	-45.42683751
168.71720502	-45.42639004
168.71674040	-45.42351058
168.71754667	-45.42176815
168.71855203	-45.42125977
168.71937940	-45.42054041
168.72102563	-45.41528478
168.72088167	-45.41330307
168.71965223	-45.41291726
168.71943803	-45.41188712
168.71977272	-45.41128600
168.72172278	-45.41108483
168.72271286	-45.41078032
168.72367785	-45.41081565
168.72476442	-45.41051466
168.72586099	-45.41007771
168.72651516	-45.40907935
168.72549381	-45.40849676
168.72203504	-45.40816569
168.72095854	-45.40833071
168.71867389	-45.40913299
168.71696816	-45.40995645
168.71632386	-45.41081882
168.71726373	-45.41119405
168.71664454	-45.41171657
168.71660435	-45.41226032
168.71799375	-45.41571891
168.71707097	-45.41772968
168.71688403	-45.41894958
168.71596516	-45.41959742
168.71449232	-45.41988417
168.71005269	-45.41972123
168.70874681	-45.41905989
168.70648008	-45.41700015
168.70164612	-45.41041592
168.70125440	-45.40917473
168.70129474	-45.40863098
168.70223376	-45.40771139
168.70456974	-45.40752471
168.70499097	-45.40706312
168.70322241	-45.40481715
168.70199328	-45.40443115
168.70026661	-45.40423128
168.70000741	-45.40381281
168.69988000	-45.40292212
168.70133665	-45.40154451
168.70243252	-45.39981284
168.70256932	-45.39927265
168.70126904	-45.39854325
168.69915665	-45.39832916
168.69808028	-45.39849398
168.69400757	-45.39732156
168.69203719	-45.39649919
168.69094017	-45.39564087
168.68908113	-45.39332315
168.68754741	-45.39183527
168.68635879	-45.38961042
168.68650078	-45.38900228
168.68626705	-45.38824394
168.68573383	-45.38761085
168.68514971	-45.38636248
168.68482937	-45.38416969
168.68556963	-45.38072116
168.68690904	-45.37831708
168.68826388	-45.37700404
168.69164337	-45.37447080
168.69312474	-45.37275345
168.69757959	-45.37005526
168.70067906	-45.36737514
168.70241397	-45.36614411
168.70431144	-45.36532796
168.70623905	-45.36410397
168.71133735	-45.36183788
168.71162568	-45.36055356
168.71337831	-45.35646057
168.71497604	-45.35576955
168.71880498	-45.35366101
168.72275391	-45.34992107
168.72364532	-45.34831806
168.72530904	-45.34803825
168.72671360	-45.34734001
168.72989318	-45.34616150
168.73092209	-45.34531315
168.73197597	-45.34412495
168.73377589	-45.34330478
168.73441416	-45.34251028
168.73660451	-45.34163619
168.73713137	-45.34104206
168.74031694	-45.34109024
168.74120931	-45.34078205
168.74164472	-45.34011642
168.74258367	-45.33653859
168.74390632	-45.33563270
168.74510266	-45.33513111
168.74999051	-45.33040228
168.75282112	-45.32737034
168.75393576	-45.32666124
168.75599516	-45.32360117
168.75767887	-45.32039110
168.75941406	-45.31779625
168.76010425	-45.31495895
168.75992940	-45.31338509
168.76080225	-45.31069073
168.76538070	-45.30485965
168.76726310	-45.30288342
168.76836718	-45.30231012
168.76883168	-45.30123654
168.76894828	-45.29831023
168.76870664	-45.29632506
168.76917875	-45.29382057
168.77016922	-45.29215271
168.77101385	-45.29116107
168.77180668	-45.28955418
168.77246392	-45.28582966
168.77301955	-45.28482753
168.77377763	-45.28369643
168.77544176	-45.28205295
168.77808099	-45.27894542
168.77662947	-45.27766612
168.77717507	-45.27679991
168.77811069	-45.27587967
168.77930546	-45.27537772
168.78095439	-45.27393807
168.78129255	-45.27326880
168.78013239	-45.27329496
168.77914501	-45.27359997
168.77596813	-45.27348490
168.77498074	-45.27378988
168.77440312	-45.27376894
168.77249257	-45.27349521
168.77053525	-45.27253824
168.76937781	-45.27120135
168.76708012	-45.26961858
168.76806528	-45.26801870
168.76495595	-45.26565674
168.76474644	-45.26455869
168.76327081	-45.26361908
168.76247394	-45.26263597
168.76223475	-45.26194575
168.76118388	-45.26047633
168.75999219	-45.25961514
168.75923711	-45.25938321
168.75869933	-45.25881842
168.75836397	-45.25812468
168.75772004	-45.25769233
168.75746605	-45.25720601
168.75760695	-45.25659777
168.75804151	-45.25593206
168.75709506	-45.25303519
168.75724587	-45.25229100
168.75708317	-45.25187616
168.75758220	-45.25032681
168.75929836	-45.24664089
168.76046586	-45.24518402
168.76100439	-45.24309088
168.76093586	-45.24138457
168.76038336	-45.24102370
168.75852557	-45.24136499
168.75773106	-45.24167682
168.75699503	-45.24383091
168.75600308	-45.24420370
168.75424634	-45.24448045
168.75357777	-45.24438793
168.75247282	-45.24366612
168.75241137	-45.24318681
168.75180924	-45.24350561
168.75054036	-45.24502686
168.75013244	-45.24664765
168.74992868	-45.24943450
168.74944755	-45.24941695
168.74832764	-45.24889901
168.74756280	-45.24880294
168.74542425	-45.24770257
168.74476064	-45.24754202
168.74250280	-45.24412001
168.74250615	-45.24275706
168.74324769	-45.24053509
168.74368727	-45.23980147
168.74191082	-45.23639702
168.74203030	-45.23476570
168.74258597	-45.23376371
168.74176834	-45.23175736
168.74030730	-45.22931855
168.73964733	-45.22779503
168.73971706	-45.22684342
168.74019144	-45.22563401
168.74027609	-45.22447849
168.74125961	-45.22158385
168.74208229	-45.21561640
168.74363923	-45.21410579
168.74379840	-45.21193069
168.74306725	-45.21006381
168.74271915	-45.20691600
168.74343534	-45.20503388
168.74354975	-45.19951760
168.74327460	-45.19800816
168.74239615	-45.19552249
168.74244426	-45.19354778
168.74426577	-45.18972963
168.74569431	-45.18732832
168.74673005	-45.18634387
168.74687585	-45.18566766
168.74646482	-45.18469848
168.74674151	-45.18354998
168.74738775	-45.18261944
168.74749702	-45.18112405
168.74790630	-45.18079824
168.74835033	-45.17999662
168.74958267	-45.17499826
168.74945500	-45.17410759
168.74895287	-45.17306694
168.74920464	-45.17225829
168.75093570	-45.16966353
168.75099524	-45.16884786
168.74978715	-45.16560050
168.74975558	-45.16471334
168.75084311	-45.15773322
168.75140779	-45.15659523
168.75274099	-45.15548530
168.75318972	-45.15461569
168.75321263	-45.15298083
168.75349895	-45.15169636
168.75556195	-45.14850029
168.75659787	-45.14485778
168.75646521	-45.14403510
168.75583249	-45.14346678
168.75541665	-45.14256560
168.75526036	-45.13942482
168.75436247	-45.13721111
168.75439715	-45.13673530
168.75516848	-45.13540038
168.75639023	-45.13449083
168.75661501	-45.13272703
168.75604981	-45.12991209
168.75588252	-45.12956521
168.75488074	-45.12877894
168.75566186	-45.12730808
168.75752091	-45.12689885
168.75802576	-45.12657651
168.75925717	-45.12553097
168.75981147	-45.12452888
168.76023599	-45.12134113
168.76103170	-45.11966631
168.76156119	-45.11900408
168.76209848	-45.11691090
168.76196166	-45.11349822
168.76236732	-45.11160142
168.76222498	-45.11082081
168.76152272	-45.10952633
168.76184614	-45.10918566
168.76277549	-45.10872609
168.76405378	-45.10757431
168.76518676	-45.10705165
168.76586418	-45.10594845
168.76600943	-45.10531931
168.76691826	-45.10514093
168.76752698	-45.10361226
168.77015918	-45.10300317
168.77129201	-45.10248045
168.77280152	-45.10225339
168.77358311	-45.10108345
168.77377414	-45.09982153
168.77492217	-45.09908786
168.77518695	-45.09818108
168.77664044	-45.09597815
168.77640378	-45.09512363
168.77445932	-45.09448900
168.77070273	-45.09414086
168.76982981	-45.09382711
168.76925746	-45.09211444
168.76969531	-45.09156644
168.77072357	-45.09111042
168.77126574	-45.09049571
168.77151015	-45.08987017
168.77127359	-45.08901565
168.76920233	-45.08738940
168.76962021	-45.08437341
168.77029218	-45.08334048
168.77159015	-45.08190737
168.77274295	-45.08110341
168.77532333	-45.07844805
168.77538445	-45.07760436
168.77244354	-45.07425469
168.77202898	-45.07311172
168.77248704	-45.07228247
168.77422476	-45.07164077
168.77458113	-45.06946845
168.77646888	-45.06812725
168.77776635	-45.06669407
168.77769768	-45.06626862
168.77604426	-45.06437568
168.77594769	-45.06296231
168.77685842	-45.06137409
168.78025926	-45.05698617
168.78061787	-45.05615328
168.78062291	-45.05333375
168.77944789	-45.05307957
168.77853232	-45.05198890
168.77819154	-45.05120109
168.77770579	-45.05104244
168.77670128	-45.04980753
168.77684627	-45.04917836
168.77616989	-45.04753242
168.77481968	-45.04557998
168.77487060	-45.04487690
168.77611684	-45.04139759
168.77700179	-45.04016090
168.77725609	-45.03939473
168.77558046	-45.03919278
168.77480751	-45.03888268
168.77372180	-45.03877267
168.77294377	-45.03853286
168.77237426	-45.03815966
168.77207440	-45.03680936
168.77270772	-45.03492911
168.77362319	-45.03327060
168.77358542	-45.02967406
168.77304655	-45.02887901
168.77030612	-45.02828573
168.76635051	-45.02800052
168.76510755	-45.02732074
168.76362333	-45.02585669
168.76111206	-45.02484858
168.75912417	-45.02484645
168.76311604	-45.02189052
168.76527437	-45.02091189
168.76748871	-45.01915983
168.76995953	-45.01798104
168.77218108	-45.01749805
168.77485751	-45.01759552
168.77636986	-45.01729810
168.77823042	-45.01630841
168.77930301	-45.01521953
168.78043648	-45.01053770
168.78004763	-45.00904321
168.78219503	-45.00820487
168.78289389	-45.00815978
168.78439313	-45.00666341
168.78521646	-45.00627036
168.78620754	-45.00630635
168.78900563	-45.00746532
168.79057620	-45.00773379
168.79113539	-45.00824752
168.79283107	-45.01091724
168.79402336	-45.01229982
168.79505291	-45.01318304
168.79632124	-45.01351095
168.79747021	-45.01411650
168.80361779	-45.01292911
168.80501054	-45.01290897
168.80612107	-45.01266714
168.80740964	-45.01271369
168.80825126	-45.01344901
168.80921220	-45.01390667
168.81005060	-45.01330251
168.81075959	-45.01311663
168.81148875	-45.01264950
168.81250013	-45.01240403
168.81293190	-45.01192617
168.81540148	-45.01074639
168.81596257	-45.00985022
168.81596924	-45.00837014
168.81815983	-45.00830811
168.81933409	-45.00856189
168.82063768	-45.00839737
168.82569895	-45.00709921
168.82622969	-45.00662486
168.82743913	-45.00638638
168.82885549	-45.00742417
168.82935106	-45.00744198
168.83450880	-45.00896654
168.83694774	-45.00820815
168.83788487	-45.00760734
168.83868780	-45.00749515
168.84129880	-45.00850511
168.84384080	-45.00908960
168.84461372	-45.00939923
168.84589725	-45.00951566
168.84690343	-45.00934020
168.84753313	-45.00886930
168.85081976	-45.00736555
168.85264876	-45.00679651
168.85398145	-45.00761951
168.85447204	-45.00770752
168.85527993	-45.00752490
168.85686577	-45.00758151
168.85976006	-45.00740282
168.86263440	-45.00750531
168.86414558	-45.00861650
168.86616236	-45.00960470
168.86715356	-45.00963999
168.86782750	-45.00994594
168.86988417	-45.01037158
168.87160348	-45.01275888
168.87243598	-45.01363435
168.87643084	-45.01335337
168.87880501	-45.01209838
168.88216039	-45.01242890
168.88292861	-45.01280859
168.88411317	-45.01292107
168.88611056	-45.01278040
168.88655657	-45.01209131
168.88582795	-45.01114915
168.88125345	-45.00978864
168.87898855	-45.00949680
168.87753153	-45.00902214
168.87732845	-45.00767564
168.87831466	-45.00778114
168.88080251	-45.00772847
168.88187792	-45.00797809
168.88312680	-45.00717651
168.88187794	-45.00656831
168.87819580	-45.00664910
168.87653070	-45.00630801
168.87558424	-45.00563999
168.87527714	-45.00436027
168.87225961	-45.00206784
168.87143225	-45.00112206
168.87058006	-45.00052783
168.86961419	-44.99873123
168.86778598	-44.99789077
168.86680494	-44.99771486
168.86555148	-44.99717678
168.86509580	-44.99659663
168.86367406	-44.99562961
168.86331253	-44.99512329
168.86071171	-44.99397321
168.85947278	-44.99463391
168.85818955	-44.99451763
168.85608931	-44.99331482
168.85539567	-44.99329004
168.85435488	-44.99395777
168.85452812	-44.99431641
168.85432426	-44.99578942
168.85184190	-44.99577121
168.84991495	-44.99492692
168.84903311	-44.99475440
168.84674898	-44.99474316
168.84498440	-44.99580784
168.84547897	-44.99723536
168.84413569	-44.99796266
168.84419978	-44.99845839
168.84466026	-44.99896831
168.84571036	-44.99956983
168.84636407	-45.00015715
168.84716188	-45.00011521
168.84767238	-44.99992201
168.85153236	-45.00013053
168.85159151	-45.00069657
168.85248344	-45.00072845
168.85471361	-45.00010322
168.85527330	-45.00061664
168.85846455	-45.00044860
168.85953973	-45.00069843
168.86048593	-45.00136659
168.86084747	-45.00187291
168.86274542	-45.00172911
168.86519363	-45.00082950
168.86868183	-45.00208154
168.86963313	-45.00267931
168.87101539	-45.00420876
168.87106480	-45.00491541
168.87158494	-45.00599125
168.86681755	-45.00596258
168.86474116	-45.00581814
168.86158948	-45.00542386
168.86071242	-45.00518111
168.85932486	-45.00513162
168.85705964	-45.00624912
168.85585033	-45.00648791
168.85418038	-45.00621681
168.85350157	-45.00598109
168.85218889	-45.00487684
168.85148589	-45.00358289
168.85093120	-45.00299914
168.84979187	-45.00225351
168.84649228	-45.00114860
168.84530304	-45.00110604
168.84469341	-45.00129568
168.84403876	-45.00211813
168.84335503	-45.00195266
168.84291455	-45.00116149
168.84234996	-45.00071832
168.84200861	-44.99993069
168.84191050	-44.99851737
168.84234693	-44.99796908
168.84168327	-44.99752235
168.84119381	-44.99602451
168.84041107	-44.99585547
168.83966734	-44.99653372
168.83875044	-44.99685330
168.83852721	-44.99719775
168.83780848	-44.99752442
168.83603477	-44.99731981
168.83464358	-44.99593055
168.83451559	-44.99493909
168.83378804	-44.99399658
168.83259394	-44.99402420
168.83206715	-44.99583804
168.82884465	-44.99783698
168.82825007	-44.99781561
168.82701068	-44.99847596
168.82787243	-44.99892989
168.82794642	-44.99928501
168.82676089	-45.00058171
168.82603703	-45.00097863
168.82077962	-45.00085989
168.81942588	-45.00172752
168.81784527	-45.00160007
168.81525853	-45.00164780
168.81433638	-45.00203749
168.81328991	-45.00277515
168.81295227	-45.00332690
168.80639621	-45.00330163
168.80136211	-45.00283761
168.80129840	-45.00234186
168.80447231	-44.99688778
168.80498988	-44.99521468
168.80437201	-44.99413496
168.80667496	-44.99111656
168.80671029	-44.99062439
168.81058461	-44.99062338
168.81240339	-44.99019560
168.81459328	-44.99013364
168.81457816	-44.99034457
168.81532550	-44.99100596
168.81537925	-44.99164232
168.81565636	-44.99193428
168.81752389	-44.99221310
168.81837352	-44.99005848
168.81891925	-44.98937323
168.81943981	-44.98903953
168.82068563	-44.98689918
168.82063837	-44.98478273
168.82019833	-44.98399146
168.82007564	-44.98292967
168.81949128	-44.98276763
168.81720261	-44.98282611
168.81737877	-44.98036525
168.81648880	-44.97892332
168.81697726	-44.97626224
168.81653231	-44.97554128
168.81629554	-44.97468683
168.81671513	-44.97160032
168.81813360	-44.96981869
168.81710950	-44.96886536
168.81707084	-44.96801807
168.81712117	-44.96731496
168.81745352	-44.96683351
168.81755415	-44.96542730
168.81792171	-44.96445367
168.81885329	-44.96392332
168.81899604	-44.96470388
168.82015434	-44.96516858
168.82249611	-44.96574640
168.82436282	-44.96602511
168.82612686	-44.96496074
168.82819164	-44.96524651
168.82896891	-44.96548594
168.82973113	-44.96593630
168.83122177	-44.96591940
168.83272244	-44.96576185
168.83506051	-44.96499995
168.83571487	-44.96417755
168.83454762	-44.96244384
168.83397846	-44.96207094
168.83061254	-44.96054015
168.82986543	-44.95987887
168.82591562	-44.95818595
168.82353895	-44.95810037
168.82260751	-44.95863075
168.82151317	-44.95866182
168.82015695	-44.95835911
168.81390171	-44.95531308
168.81288949	-44.95506761
168.81279499	-44.95433299
168.81044727	-44.95424818
168.80980806	-44.95495629
168.81021839	-44.95538895
168.81095207	-44.95541546
168.81030538	-44.95622777
168.80896295	-44.95681657
168.80814354	-44.95671698
168.80707992	-44.95703598
168.80611091	-44.95784777
168.80501261	-44.95817763
168.80411305	-44.95835716
168.80306767	-44.95831933
168.80249237	-44.95854655
168.79860031	-44.95825676
168.79655080	-44.95857936
168.79533044	-44.95903121
168.79301280	-44.95919519
168.79014473	-44.95923992
168.78896710	-44.95909794
168.78560406	-44.95922379
168.78445686	-44.95962859
168.78436576	-44.95992294
168.78469637	-44.96018301
168.78438905	-44.96056873
168.78056312	-44.96226516
168.77835609	-44.96282976
168.77694430	-44.96302640
168.77449420	-44.96308597
168.77283940	-44.96277759
168.77018739	-44.96273048
168.76306567	-44.96361149
168.76105674	-44.96433184
168.76002270	-44.96221034
168.76065477	-44.95831414
168.75856118	-44.95635232
168.75742536	-44.95467357
168.76047060	-44.95314780
168.76253654	-44.95163578
168.76566706	-44.95085717
168.76808834	-44.94925881
168.76815999	-44.94826920
168.76893720	-44.94814874
168.77072017	-44.94861070
168.77935855	-44.94991779
168.78216362	-44.94977183
168.78330349	-44.94946602
168.78838820	-44.94870827
168.79048927	-44.94863575
168.79311928	-44.94897928
168.79681587	-44.94906375
168.80014417	-44.94844022
168.80253103	-44.94827862
168.80324204	-44.94810592
168.80421754	-44.94814123
168.80484332	-44.94915609
168.80530623	-44.94952011
168.80528493	-44.94981700
168.80690759	-44.95057024
168.80954133	-44.95086391
168.81157400	-44.94979633
168.81232986	-44.94997247
168.81259086	-44.95022994
168.81401876	-44.95077761
168.81352979	-44.95175215
168.81382861	-44.95245748
168.81516563	-44.95329950
168.81869485	-44.95377410
168.81972246	-44.95405920
168.82557070	-44.95630389
168.82745493	-44.95731429
168.83042696	-44.95776846
168.83238539	-44.95773964
168.83539736	-44.96057636
168.83783947	-44.96160661
168.83957060	-44.96280973
168.84007257	-44.96262930
168.84030280	-44.96233991
168.84031761	-44.96114982
168.83929755	-44.95977378
168.83837190	-44.95805385
168.83774268	-44.95609651
168.83711272	-44.95513132
168.83577181	-44.95433904
168.83531924	-44.95382669
168.83449169	-44.95171337
168.83367747	-44.95039428
168.83320027	-44.95022830
168.83296033	-44.94967397
168.83184981	-44.94859226
168.82804208	-44.94810804
168.82749876	-44.94789005
168.82666710	-44.94681832
168.82578600	-44.94643933
168.82710989	-44.94648699
168.82798840	-44.94592329
168.82872846	-44.94436241
168.82834311	-44.94290987
168.82747972	-44.94228348
168.82623973	-44.94204041
168.82531731	-44.94126305
168.82334529	-44.94148968
168.82216794	-44.94134803
168.82164946	-44.94078364
168.82236738	-44.94051185
168.82248301	-44.93987109
168.82374162	-44.93887464
168.82465791	-44.93875882
168.82609464	-44.93722305
168.82591743	-44.93677018
168.82482043	-44.93648262
168.82155321	-44.93626568
168.82071015	-44.93633450
168.82032645	-44.93681677
168.81989077	-44.93704910
168.81878318	-44.93690994
168.81799916	-44.93712970
168.81652087	-44.93826700
168.81628354	-44.93865531
168.81548886	-44.93902351
168.81546054	-44.93941936
168.81349917	-44.93949737
168.81123200	-44.93896898
168.81052113	-44.93914173
168.80975707	-44.94005670
168.80838496	-44.93970943
168.80646486	-44.94018569
168.80550946	-44.94084567
168.80362836	-44.94077758
168.80321253	-44.94170512
168.80369887	-44.94271494
168.80236305	-44.94380761
168.80063542	-44.94354659
168.79942752	-44.94285789
168.79930951	-44.94255595
168.79766938	-44.94205001
168.79414462	-44.94152528
168.79224726	-44.94071226
168.79125565	-44.93993210
168.79043031	-44.93975329
168.78868860	-44.93969002
168.78721131	-44.93983478
168.78614132	-44.94014316
168.78340283	-44.94034123
168.77869037	-44.93982241
168.77683436	-44.93940751
168.77719875	-44.94016496
168.77805799	-44.94084120
168.77874039	-44.94106451
168.77960680	-44.94164178
168.78293670	-44.94196143
168.78527697	-44.94244344
168.78592375	-44.94316151
168.78857487	-44.94320825
168.78912512	-44.94332747
168.78979174	-44.94474078
168.78912547	-44.94526230
168.78718883	-44.94499349
168.78614039	-44.94693981
168.78564195	-44.94707052
168.78418587	-44.94691835
168.78305133	-44.94618253
168.77998560	-44.94607095
168.77844739	-44.94512194
168.77600705	-44.94409042
168.77554264	-44.94278361
168.77389744	-44.94138413
168.77009426	-44.94084849
168.76884576	-44.93976108
168.76748107	-44.93931435
168.76655749	-44.93952868
168.76596431	-44.94000312
168.76447261	-44.94034550
168.76338098	-44.94095055
168.75588117	-44.94226371
168.75363017	-44.94247892
168.75211182	-44.94222483
168.74987879	-44.94219256
168.74865842	-44.94264392
168.74732749	-44.94269431
168.74195932	-44.94254680
168.74068479	-44.94374026
168.73833626	-44.94529112
168.73328579	-44.94748668
168.73089154	-44.94774579
168.72843939	-44.94879651
168.72613284	-44.94881070
168.72288789	-44.94923671
168.72095589	-44.94985997
168.72065182	-44.95019603
168.71823280	-44.95174390
168.71725806	-44.95265053
168.71390977	-44.95257635
168.71143895	-44.95387410
168.71014537	-44.95531462
168.70966187	-44.95618976
168.70627820	-44.95849549
168.70513774	-44.95880052
168.70438993	-44.95946739
168.70322033	-44.96016823
168.70297648	-44.96348329
168.70255157	-44.96450941
168.70223639	-44.96499386
168.69974656	-44.96653875
168.69855489	-44.96753641
168.69781828	-44.96899748
168.69731305	-44.97111210
168.69727704	-44.97254956
168.69669111	-44.97481003
168.69591131	-44.97530066
168.69399559	-44.97543761
168.69320687	-44.97520021
168.69266843	-44.97554437
168.69275339	-44.97637990
168.69241164	-44.97803196
168.68920721	-44.97874522
168.68595260	-44.97914438
168.68489090	-44.97962510
168.68355212	-44.97988740
168.67407256	-44.98119880
168.67315692	-44.98168486
168.67224514	-44.98310751
168.67210287	-44.98601555
168.67227607	-44.98763477
168.67267626	-44.98816995
168.67449251	-44.98938226
168.67709375	-44.98989548
168.67901000	-44.98975882
168.68139944	-44.98917154
168.68257709	-44.99009980
168.68311921	-44.98970862
168.68400457	-44.98963271
168.68492408	-44.98909468
168.68589369	-44.98887064
168.68801771	-44.98889763
168.68873349	-44.98913235
168.69187725	-44.98924920
168.69428568	-44.98840224
168.69695159	-44.98704456
168.69990601	-44.98613519
168.69982436	-44.98462860
168.69839820	-44.98307212
168.69830655	-44.98170184
168.69860907	-44.98020950
168.69949780	-44.97860221
168.70047817	-44.97836520
168.70174089	-44.97690846
168.70198167	-44.97363687
168.70229409	-44.97200820
168.70404698	-44.97005266
168.70661097	-44.96911450
168.70760896	-44.96826589
168.70857987	-44.96778526
168.70946332	-44.96707999
168.71401737	-44.96451799
168.71786811	-44.96303679
168.71959147	-44.96221488
168.72052984	-44.96217574
168.72079647	-44.96137382
168.72350786	-44.96125250
168.72448930	-44.96062454
168.72597825	-44.96016288
168.72845393	-44.95899960
168.72950128	-44.95889061
168.72983377	-44.95860767
168.73046110	-44.95855699
168.73378355	-44.95860553
168.73404646	-44.95894466
168.73646303	-44.95863956
168.73673312	-44.95776128
168.73863378	-44.95796296
168.74371159	-44.95786358
168.74486791	-44.95768465
168.74776497	-44.95786476
168.74953787	-44.95778219
168.75040460	-44.95729740
168.75141779	-44.95622761
168.75251854	-44.95538241
168.75315116	-44.95525800
168.75348887	-44.95490140
168.75443244	-44.95478837
168.75466854	-44.95583015
168.75449282	-44.95760184
168.75192217	-44.96102902
168.75186093	-44.96187128
168.75249073	-44.96255790
168.75306642	-44.96282028
168.75373997	-44.96290527
168.75455677	-44.96335744
168.75639221	-44.96499300
168.75669186	-44.96554686
168.75594530	-44.96630498
168.75538586	-44.96659712
168.75421255	-44.96860351
168.75317923	-44.96800991
168.75286282	-44.96765097
168.75237986	-44.96756380
168.75125905	-44.96682804
168.75112180	-44.96602410
168.75137904	-44.96450520
168.75083883	-44.96386017
168.74937746	-44.96377186
168.74886177	-44.96413503
168.74793138	-44.96549031
168.74636986	-44.96543303
168.74564467	-44.96665688
168.74457953	-44.96717354
168.74393757	-44.96725418
168.74235497	-44.96681399
168.74103831	-44.96541095
168.73837546	-44.96569518
168.73733934	-44.96567142
168.73646785	-44.96650280
168.73577302	-44.96676504
168.73514407	-44.96674191
168.73450114	-44.96691012
168.73422925	-44.96693210
168.73372508	-44.96643387
168.73111243	-44.96643362
168.73042224	-44.96663205
168.72857564	-44.96662798
168.72832598	-44.96757814
168.72778748	-44.96816589
168.72600035	-44.96857969
168.72505922	-44.96851301
168.72464321	-44.96865756
168.72298204	-44.96981148
168.72111953	-44.97063815
168.71950316	-44.97179367
168.71847965	-44.97223556
168.71737847	-44.97312227
168.71721795	-44.97346810
168.71623872	-44.97403311
168.71508904	-44.97438938
168.71408232	-44.97534905
168.71309989	-44.97597732
168.71174879	-44.97652548
168.71092874	-44.97749204
168.70843265	-44.97833009
168.70671847	-44.97999457
168.70606556	-44.98123312
168.70645453	-44.98231087
168.70672007	-44.98252009
168.70802752	-44.98256849
168.71022416	-44.98198520
168.71125143	-44.98202320
168.71268632	-44.98161106
168.71289743	-44.98128657
168.71398306	-44.98052920
168.71559594	-44.98151924
168.71643156	-44.98161657
168.72158622	-44.98027834
168.72394632	-44.98129583
168.72543568	-44.98141721
168.72634046	-44.98184931
168.72626771	-44.98284351
168.72435256	-44.98470020
168.72341494	-44.98599480
168.72233904	-44.98661970
168.72138564	-44.98685036
168.71951285	-44.98684770
168.71574009	-44.98976548
168.71423107	-44.98990909
168.71368039	-44.98975582
168.71343520	-44.99054427
168.71342642	-44.99193958
168.71731157	-44.99387752
168.71805121	-44.99656319
168.71786543	-44.99781905
168.71824500	-44.99902932
168.72099781	-44.99853279
168.72253617	-44.99799141
168.72382824	-44.99697572
168.72611384	-44.99646184
168.72816280	-44.99534107
168.72846957	-44.99242820
168.72905909	-44.99205116
168.73351698	-44.99128483
168.73557046	-44.99009765
168.73614539	-44.98991942
168.73670581	-44.98994002
168.73766887	-44.98957667
168.74016348	-44.98747522
168.74392844	-44.98721471
168.74531977	-44.98739867
168.74697199	-44.98785802
168.74832474	-44.98857220
168.75025241	-44.98910806
168.75258929	-44.99045635
168.75130269	-44.99140609
168.75287314	-44.99299213
168.75305878	-44.99559076
168.75343908	-44.99680092
168.75455042	-44.99697451
168.75717088	-44.99700394
168.75752046	-44.99734901
168.75761098	-44.99868146
168.75690116	-45.00071567
168.75586389	-45.00081064
168.75471391	-45.00116731
168.75188107	-45.00405418
168.75103540	-45.00408967
168.74919100	-45.00368981
168.74706320	-45.00460869
168.74540896	-45.00674113
168.74217262	-45.01001174
168.73960783	-45.01177840
168.73769550	-45.01230628
168.73562047	-45.01249586
168.73464248	-45.01305803
168.73310382	-45.01359957
168.73216592	-45.01489424
168.72679114	-45.01536098
168.72322688	-45.01669172
168.72224384	-45.01732007
168.72070385	-45.01659869
168.71823537	-45.01703928
168.71768546	-45.01814878
168.71651544	-45.01877017
168.71502026	-45.01871496
168.71320579	-45.01917960
168.71212915	-45.01980440
168.71088507	-45.02015716
168.70937524	-45.02030071
168.70803281	-45.02071627
168.70747210	-45.02069553
168.70390217	-45.02209194
168.70262382	-45.02290857
168.69726877	-45.02563430
168.69544416	-45.02623122
168.69271475	-45.02765849
168.69100307	-45.02799369
168.68810047	-45.02668957
168.68726914	-45.02652575
168.68623128	-45.02662008
168.68440162	-45.02728310
168.68232122	-45.02880073
168.68119990	-45.03002174
168.67931626	-45.03267647
168.67814552	-45.03329747
168.67753558	-45.03393935
168.67564160	-45.03420108
168.67368362	-45.03406162
168.67202082	-45.03373376
168.67145507	-45.03251637
168.67149442	-45.03198615
168.67190763	-45.03146988
168.67278325	-45.03103732
168.67389992	-45.03114543
168.67513464	-45.03092562
168.67554290	-45.03047562
168.67515911	-45.02933149
168.67177967	-45.02814209
168.67078603	-45.02763978
168.66949727	-45.02732584
168.66680181	-45.02576305
168.66407200	-45.02466413
168.66366460	-45.02400705
168.66403796	-45.02133982
168.66425442	-45.02094914
168.66570539	-45.02033876
168.66567596	-45.01947367
168.66721541	-45.01893304
168.66727447	-45.01813772
168.66782536	-45.01702846
168.66940411	-45.01469483
168.67082536	-45.01321930
168.67248260	-45.01235070
168.67840747	-45.00572620
168.67808744	-45.00245771
168.67708914	-45.00075899
168.67815582	-44.99900432
168.67887822	-44.99683805
168.67961549	-44.99573569
168.68026264	-44.99349113
168.67994358	-44.99248234
168.68010681	-44.99118509
168.67871215	-44.99191901
168.67572281	-44.99194949
168.67473018	-44.99166277
168.67464287	-44.99309838
168.67354388	-44.99424654
168.67399649	-44.99951382
168.67395228	-45.00011032
168.67270352	-45.00179170
168.67247253	-45.00490673
168.67280691	-45.00545090
168.67293970	-45.00618692
168.67283649	-45.00757874
168.67179404	-45.00773922
168.67111055	-45.00811247
168.67122857	-45.00904733
168.67106139	-45.01003800
168.66912878	-45.01209259
168.66540113	-45.01308316
168.66201261	-45.01455152
168.65984769	-45.01657453
168.65961981	-45.02023441
168.66041399	-45.02155838
168.66063575	-45.02301924
168.66021256	-45.02361904
168.65921205	-45.02370842
168.65837128	-45.02445090
168.65626594	-45.02503669
168.65651669	-45.02544485
168.65660983	-45.02671110
168.65627979	-45.02862611
168.65585164	-45.02934115
168.65476925	-45.03003168
168.65412452	-45.03113737
168.65351434	-45.03177913
168.65252039	-45.03253942
168.64877630	-45.03372827
168.64715765	-45.03406631
168.64627684	-45.03456495
168.64425953	-45.03522030
168.63894588	-45.03608405
168.63660984	-45.03473343
168.63528220	-45.03368655
168.63324246	-45.03088484
168.63108785	-45.03087016
168.63050224	-45.03118041
168.63042279	-45.03224082
168.63137556	-45.03453642
168.63105456	-45.03631881
168.63053257	-45.03703023
168.62995683	-45.03720793
168.62845132	-45.03728413
168.62772342	-45.03699085
168.62649336	-45.03714386
168.62551886	-45.03763882
168.62314720	-45.03801459
168.62318987	-45.03994362
168.62257925	-45.04058520
168.62131597	-45.04492405
168.61993634	-45.04706524
168.61760792	-45.04810717
168.61730136	-45.04969070
168.61797341	-45.05197581
168.61894822	-45.05148093
168.61954519	-45.04977544
168.62083030	-45.04889348
168.62176024	-45.04899503
168.62181391	-45.04952876
168.62135033	-45.05070759
168.62160095	-45.05111582
168.62155117	-45.05177857
168.62095534	-45.05222132
168.61999049	-45.05258368
168.61820790	-45.05384562
168.61569715	-45.05481418
168.61421984	-45.05575529
168.61278737	-45.05609991
168.61162056	-45.05688094
