169.35326770 -44.76449550
169.35351190 -44.76804873
169.35601216 -44.76939673
169.35747809 -44.76874464
169.36019581 -44.77378057
169.35660720 -44.77417561
169.35639403 -44.77905602
169.36176721 -44.78150962
169.36559959 -44.78150286
169.36659334 -44.78705577
169.36871154 -44.78883576
169.36861277 -44.79187916
169.37203556 -44.79852351
169.37127690 -44.79926140
169.37323707 -44.80316895
169.37601821 -44.80431945
169.37852539 -44.80935673
169.38305091 -44.80805324
169.38493476 -44.80570421
169.38430738 -44.80176347
169.38661890 -44.79873981
169.38949815 -44.78961124
169.39195454 -44.79051319
169.39405516 -44.78934024
169.39533491 -44.78422058
169.39716223 -44.78592838
169.40201638 -44.78711093
169.40035609 -44.78898561
169.39559333 -44.79103907
169.39283414 -44.79349862
169.38878580 -44.80121503
169.38872677 -44.80217629
169.39077263 -44.80347822
169.39259115 -44.80848783
169.39059890 -44.80945777
169.38766424 -44.80688991
169.38192093 -44.81228317
169.38271301 -44.81354613
169.38405078 -44.81379421
169.38771262 -44.81239482
169.38944887 -44.81244886
169.39035865 -44.81337147
169.39921667 -44.81075739
169.40056306 -44.80928574
169.39725449 -44.80808238
169.39675182 -44.80524629
169.39910859 -44.80463153
169.40258469 -44.80625278
169.40641751 -44.80520208
169.40665659 -44.80287055
169.40987265 -44.79925534
169.41445962 -44.79850289
169.41656843 -44.79719220
169.41975398 -44.79247513
169.42258793 -44.79194342
169.42337979 -44.79004167
169.42738210 -44.78617509
169.42902778 -44.78134157
169.43028526 -44.78131148
169.43152672 -44.78313825
169.43216764 -44.78212609
169.43385724 -44.78293475
169.43388566 -44.78087189
169.43533807 -44.77942073
169.43406225 -44.77810576
169.43528863 -44.77704010
169.44136434 -44.77743352
169.44370300 -44.77478134
169.44442152 -44.77490680
169.44702348 -44.77991711
169.45035295 -44.77929496
169.45166444 -44.78002467
169.45249092 -44.77836044
169.45473790 -44.77722235
169.45452899 -44.77345769
169.45295114 -44.77313362
169.44950939 -44.77482127
169.44696727 -44.77443313
169.44624562 -44.77275600
169.44779052 -44.76801064
169.45244029 -44.76715303
169.45415254 -44.76765362
169.45688419 -44.76890939
169.45764474 -44.77155306
169.45773659 -44.76600467
169.45929354 -44.76425927
169.46367347 -44.76254802
169.47557611 -44.76076808
169.48246684 -44.75847251
169.48694647 -44.75781729
169.48746797 -44.75605342
169.48836090 -44.75581680
169.49480205 -44.75561613
169.49560146 -44.75461863
169.49707887 -44.75466325
169.49782188 -44.75227984
169.50218000 -44.75030273
169.50305101 -44.74833310
169.50527503 -44.74897587
169.50742187 -44.75092126
169.50813967 -44.74426435
169.50997818 -44.74504894
169.51118609 -44.74738822
169.51689189 -44.74744454
169.51824220 -44.74829110
169.51943974 -44.74625441
169.52362799 -44.74373164
169.52852970 -44.74280374
169.52892592 -44.74339132
169.53251525 -44.74354972
169.53937667 -44.74312880
169.54613385 -44.74127395
169.55184181 -44.74126494
169.55286446 -44.74093773
169.55302103 -44.73933317
169.55515231 -44.73827897
169.55750270 -44.73884044
169.55747142 -44.73937592
169.55563495 -44.74182462
169.55187565 -44.74283046
169.55029982 -44.74403523
169.55342521 -44.74636313
169.54995495 -44.74992543
169.55419481 -44.75036432
169.55616994 -44.74984186
169.55824675 -44.74865187
169.55918065 -44.74662336
169.56306010 -44.74571024
169.56540828 -44.74631617
169.56838761 -44.74577852
169.57177727 -44.74789022
169.57126106 -44.74921596
169.56188929 -44.75072667
169.55903765 -44.75336885
169.55590127 -44.75336520
169.55483667 -44.75547921
169.55606571 -44.75591800
169.55893080 -44.75519839
169.56080967 -44.75632689
169.56069495 -44.75721749
169.55275160 -44.76002142
169.54075506 -44.76767756
169.53030615 -44.77159543
169.52422092 -44.77643009
169.52083686 -44.77760748
169.51959465 -44.77993106
169.51261230 -44.78355783
169.51313472 -44.78406537
169.50962190 -44.78740267
169.50689912 -44.79371470
169.50844325 -44.79563015
169.50746044 -44.79589570
169.50400905 -44.79352933
169.50217551 -44.79416268
169.50203545 -44.79651930
169.50550443 -44.79859114
169.50622957 -44.80957254
169.50457027 -44.81131187
169.49920181 -44.81302461
169.49576301 -44.81649942
169.49812551 -44.81904159
169.49845163 -44.82160752
169.50020055 -44.82038219
169.50360214 -44.81954742
169.51278689 -44.82212404
169.51825013 -44.82083950
169.51680739 -44.81892179
169.51696850 -44.81620014
169.51415109 -44.81526358
169.50912568 -44.81119330
169.50962353 -44.80481805
169.51125728 -44.80350390
169.51296359 -44.80500361
169.51485493 -44.80540120
169.51401937 -44.81142551
169.51525812 -44.81274073
169.51970296 -44.81449287
169.51990549 -44.81714021
169.52161746 -44.81855473
169.52254213 -44.82113849
169.52143024 -44.82374646
169.51492647 -44.82440353
169.50767688 -44.82350415
169.50652052 -44.82483262
169.50818530 -44.82905762
169.50814831 -44.83169779
169.50510114 -44.83663311
169.49830403 -44.84017735
169.49136849 -44.84201297
169.48785873 -44.84463342
169.47992273 -44.84516005
169.47321048 -44.84325238
169.47313905 -44.84444307
169.47494474 -44.84628716
169.47834551 -44.84749796
169.47662035 -44.85230227
169.47487506 -44.85344218
169.47164167 -44.85342923
169.46911850 -44.85156329
169.46216675 -44.84964770
169.46148375 -44.85303508
169.45748175 -44.85385036
169.45107068 -44.85885218
169.44769686 -44.85917509
169.44462638 -44.86240417
169.44145029 -44.86341459
169.43912255 -44.86624025
169.43676782 -44.86753135
169.43592740 -44.87151023
169.43314214 -44.87594065
169.43276517 -44.88214908
169.42985361 -44.88470104
169.42637467 -44.88672425
169.42493391 -44.88676515
169.42446630 -44.88854008
169.42579842 -44.89028517
169.42497187 -44.89204907
169.41518195 -44.89140669
169.41160324 -44.89308558
169.40866938 -44.89597717
169.40619830 -44.89717889
169.40053815 -44.89760017
169.39752038 -44.89989246
169.39332040 -44.90581190
169.39338782 -44.90666606
169.39509978 -44.90612272
169.40191645 -44.90053988
169.40459583 -44.89985594
169.40781099 -44.90021097
169.41188473 -44.90221134
169.41278992 -44.90113159
169.41237869 -44.89805148
169.41471986 -44.89897578
169.41641582 -44.89868726
169.41659775 -44.89767039
169.41442819 -44.89589936
169.41433948 -44.89342565
169.41950498 -44.89324407
169.43205313 -44.89584529
169.43405711 -44.89837774
169.43413634 -44.90102153
169.43504201 -44.90190136
169.43725371 -44.90299162
169.44323191 -44.90325987
169.44437709 -44.90414695
169.44477339 -44.90552234
169.44356242 -44.90770063
169.43711734 -44.91116712
169.43325131 -44.91164503
169.43381699 -44.90825417
169.42795732 -44.90602936
169.42500119 -44.90338232
169.42136973 -44.90395223
169.42128769 -44.90923246
169.41975819 -44.91071907
169.41564749 -44.91127406
169.41388362 -44.91266816
169.40967904 -44.91279401
169.40831567 -44.91351875
169.40756110 -44.91605163
169.40009301 -44.91854723
169.39700624 -44.92194509
169.39493994 -44.92239228
169.39498128 -44.92367166
169.38226969 -44.92753718
169.37937557 -44.92778792
169.37204392 -44.92415106
169.36754774 -44.92315857
169.36095876 -44.92303770
169.35788171 -44.92430467
169.34641439 -44.92547856
169.34611672 -44.92640650
169.34414307 -44.92728175
169.34260803 -44.92689262
169.34126772 -44.92915109
169.34797178 -44.92936190
169.36735819 -44.92622014
169.36903414 -44.92627250
169.37100484 -44.92931630
169.37030500 -44.93287319
169.36891960 -44.93393763
169.36425028 -44.93379171
169.36227138 -44.93475231
169.35767948 -44.93529022
169.34908925 -44.94084994
169.34348921 -44.93847573
169.34217467 -44.93592211
169.34686445 -44.93397601
169.34846933 -44.93423579
169.34899263 -44.93529900
169.35210090 -44.93508254
169.35417532 -44.93253067
169.34982802 -44.93134748
169.34260839 -44.93132992
169.33929817 -44.93478479
169.33398364 -44.93493135
169.33182649 -44.93643348
169.32964635 -44.93594595
169.32996341 -44.93323432
169.32843058 -44.93182509
169.32410350 -44.93032750
169.32279595 -44.93237972
169.32019081 -44.93397215
169.31325844 -44.93406651
169.31273182 -44.93541064
169.31475157 -44.93610277
169.32644977 -44.93521691
169.32712944 -44.93848343
169.32912332 -44.93959319
169.32887813 -44.94115563
169.32510250 -44.94260653
169.31750853 -44.94383174
169.31687144 -44.94224137
169.31291948 -44.94180205
169.31044263 -44.93900180
169.30263811 -44.93655552
169.30606053 -44.93603626
169.30986908 -44.93406363
169.30956346 -44.92955269
169.30497151 -44.92993019
169.29897879 -44.93382204
169.29226789 -44.93507367
169.28795789 -44.93797184
169.28087773 -44.94967916
169.28084588 -44.95250454
169.27586582 -44.95663704
169.27280454 -44.96072620
169.27201089 -44.96624888
169.26621922 -44.96920349
169.26155152 -44.97533443
169.25603274 -44.97861138
169.24800426 -44.98651786
169.24027507 -44.99202581
169.23896982 -44.99397258
169.23693457 -44.99809408
169.24442372 -44.99634716
169.24928240 -44.99650394
169.25177236 -45.00370261
169.24612972 -45.00885947
169.24163160 -45.00766741
169.24041325 -45.00825614
169.23960313 -45.00938147
169.23983691 -45.01263419
169.23425339 -45.01454726
169.23336238 -45.01692613
169.23011540 -45.01692564
169.22840185 -45.01603264
169.22824537 -45.02304136
169.22697181 -45.02676867
169.22259815 -45.03203321
169.22193039 -45.04013022
169.21787784 -45.04452041
169.21599066 -45.04456183
169.21406892 -45.04737686
169.21350601 -45.05383297
169.21222900 -45.05564125
169.20901934 -45.05594785
169.20550866 -45.05418916
169.20020020 -45.05555753
169.19697563 -45.06500977
169.19355171 -45.06859757
169.19363416 -45.07178612
169.18960829 -45.07792338
169.19038316 -45.07938750
169.18978849 -45.08183451
169.18723592 -45.08760883
169.17971259 -45.09002666
169.18283602 -45.09901068
169.17989922 -45.09891440
169.17766002 -45.09793465
169.17688958 -45.09210911
169.17548520 -45.09206300
169.17477837 -45.09113350
169.17486125 -45.08986741
169.17757431 -45.08750951
169.17821752 -45.08354294
169.17597051 -45.08464735
169.17508028 -45.08652133
169.17316540 -45.08645841
169.17406421 -45.08250026
169.17247849 -45.07936675
169.17004736 -45.07937743
169.16945657 -45.07863296
169.16533647 -45.07904111
169.16251048 -45.08311697
169.15995748 -45.08303280
169.15304392 -45.08117322
169.14997792 -45.07916863
169.14845569 -45.07703377
169.13962442 -45.07130336
169.13716374 -45.07176551
169.13754274 -45.07377197
169.13825472 -45.07461128
169.13978627 -45.07466208
169.14130812 -45.07679706
169.13849846 -45.08060103
169.13853860 -45.08386508
169.13696494 -45.08444729
169.13412670 -45.08480623
169.13365199 -45.08424668
169.13390531 -45.08235183
169.13231775 -45.08121152
169.13017403 -45.07688059
169.13052325 -45.07353882
169.12438519 -45.07351586
169.12205633 -45.07198817
169.11682524 -45.07371702
169.10842720 -45.07497726
169.09670585 -45.08002272
169.09635919 -45.07946729
169.09812720 -45.07789518
169.10690663 -45.07284185
169.12052933 -45.06994336
169.12373613 -45.06787505
169.13108197 -45.06703191
169.13176791 -45.06632966
169.13026280 -45.06201992
169.13196757 -45.05944828
169.12976068 -45.05801542
169.12541576 -45.05025770
169.12669151 -45.05030019
169.13379780 -45.05497751
169.13749568 -45.05319706
169.14035821 -45.05331209
169.14099727 -45.05180369
169.14612490 -45.04767163
169.14678260 -45.04587702
169.14888268 -45.04470375
169.14833665 -45.03866288
169.15341515 -45.03730131
169.15485464 -45.03591491
169.15563734 -45.03221239
169.15821218 -45.03201066
169.16066197 -45.02960595
169.16268613 -45.02546637
169.16303339 -45.02222745
169.16438779 -45.02007333
169.16559830 -45.02011325
169.16612361 -45.01621099
169.16920110 -45.01449602
169.16691781 -45.01231760
169.17008873 -45.00917170
169.16887182 -45.00511644
169.16557894 -45.00395630
169.16489719 -45.00202183
169.16866203 -45.00214595
169.17077879 -45.00068609
169.17218230 -44.99776873
169.17647222 -44.99810109
169.17882637 -44.99712689
169.17945134 -44.99580905
169.17855017 -44.99310266
169.17381640 -44.99132177
169.17414762 -44.99037668
169.17727954 -44.98780294
169.17737298 -44.98637202
169.18336844 -44.98532624
169.18447103 -44.98287686
169.18060412 -44.98227187
169.18058795 -44.98045496
169.17705497 -44.97680164
169.17704514 -44.97488933
169.17923904 -44.97429228
169.18194804 -44.97199133
169.18349566 -44.96477664
169.18679287 -44.96584087
169.18635019 -44.96850311
169.18732812 -44.96796161
169.18821069 -44.97095412
169.18463500 -44.97829350
169.18703339 -44.98076217
169.19030076 -44.97608938
169.19062754 -44.97313653
169.19270545 -44.97224864
169.19265994 -44.96880560
169.19371221 -44.96711929
169.19733182 -44.96322266
169.20130280 -44.96220535
169.19372027 -44.95870688
169.19145477 -44.95834586
169.19044815 -44.95726127
169.18938789 -44.95493213
169.19108284 -44.95164175
169.18985109 -44.94988058
169.19028726 -44.94731371
169.19269905 -44.94748838
169.19448057 -44.94907633
169.20028622 -44.95089152
169.19993710 -44.95212288
169.19788479 -44.95262933
169.19972052 -44.95546174
169.20383763 -44.95425794
169.20769055 -44.95505294
169.20934453 -44.95654087
169.21504910 -44.95577084
169.21603887 -44.95503829
169.21577873 -44.95072793
169.21714794 -44.94828698
169.21920608 -44.94768479
169.22007467 -44.94465394
169.21317464 -44.94519403
169.21085543 -44.94358885
169.19793742 -44.94144602
169.19466618 -44.94000053
169.19383132 -44.93834799
169.19264731 -44.93792679
169.19614558 -44.93794581
169.19566927 -44.93589999
169.19680934 -44.93506939
169.19701542 -44.93189373
169.19521875 -44.93029189
169.19579811 -44.92973225
169.20583995 -44.93189302
169.20848245 -44.93091851
169.21188441 -44.92659345
169.20889949 -44.92447090
169.20330380 -44.92284156
169.20050474 -44.91995335
169.19552645 -44.91718655
169.19324898 -44.91672616
169.19318229 -44.91566317
169.19622431 -44.91479849
169.19823709 -44.91515373
169.20157757 -44.91805971
169.21140129 -44.92146658
169.21388162 -44.92299401
169.21761961 -44.92186214
169.22125200 -44.92236612
169.23275498 -44.91656795
169.23715084 -44.91574611
169.23780991 -44.91393520
169.23950918 -44.91283302
169.23965112 -44.91061962
169.23696154 -44.90812163
169.24230463 -44.90733030
169.24570871 -44.90502954
169.24637354 -44.90312234
169.24933407 -44.90138575
169.24965411 -44.90062462
169.24790617 -44.90037528
169.24990021 -44.89677519
169.25405424 -44.89546278
169.24997397 -44.89349881
169.25094619 -44.89102292
169.25391210 -44.88918998
169.25703193 -44.88919417
169.26107534 -44.89173529
169.26573354 -44.89101730
169.26650230 -44.88959552
169.26962827 -44.88950313
169.26762748 -44.88683513
169.26553501 -44.88561064
169.26597722 -44.88292473
169.27024078 -44.88200101
169.27371225 -44.88500548
169.27780169 -44.88041144
169.27890286 -44.88015745
169.28074299 -44.88108431
169.28211974 -44.87862115
169.28572423 -44.87738647
169.28830201 -44.87737248
169.29081585 -44.87407769
169.29713707 -44.87061507
169.30391599 -44.86417730
169.30771494 -44.86198384
169.31568276 -44.85384748
169.31764680 -44.85063115
169.31680236 -44.84896503
169.31875067 -44.84815896
169.31983033 -44.84607172
169.31905825 -44.84325073
169.31787094 -44.84273091
169.31862572 -44.84150125
169.32204966 -44.84093479
169.32557586 -44.83873215
169.33174369 -44.83111640
169.33510929 -44.82495476
169.34183067 -44.81928463
169.34375308 -44.81585374
169.34363316 -44.81270031
169.34243661 -44.81161270
169.34171854 -44.80791544
169.33531639 -44.80246389
169.33520411 -44.80088550
169.33656353 -44.79935361
169.33432060 -44.79478320
169.33403057 -44.78929958
169.33231384 -44.78812041
169.32920520 -44.78899694
169.32822179 -44.79294041
169.32815865 -44.79563815
169.33082628 -44.80014714
169.32984280 -44.80071597
169.32243994 -44.79950654
169.31922275 -44.80210422
169.31929038 -44.80270632
169.32641094 -44.80338204
169.32743176 -44.80558916
169.32697365 -44.80954926
169.32466526 -44.80940115
169.32204827 -44.81081805
169.31885452 -44.80966683
169.31486394 -44.80946511
169.31267196 -44.81082032
169.31119530 -44.81084836
169.30882877 -44.80994814
169.30861206 -44.80836638
169.30604481 -44.80730972
169.30631456 -44.80469354
169.30986665 -44.80180689
169.31175889 -44.80186708
169.31817218 -44.79869619
169.31787769 -44.78826280
169.32178091 -44.78478703
169.32088242 -44.78063391
169.31680554 -44.77847963
169.31877198 -44.77734220
169.31584656 -44.77529944
169.31544777 -44.77326195
169.31076647 -44.77236311
169.31154240 -44.77006300
169.31466994 -44.76551290
169.31619231 -44.76473637
169.32441921 -44.76784730
169.32737953 -44.77101585
169.32935717 -44.77137846
169.33062966 -44.76954393
169.33179939 -44.76935598
169.33004635 -44.76418830
169.32023243 -44.76322055
169.31717947 -44.75730811
169.31727908 -44.75571672
169.31168034 -44.75263090
169.30920776 -44.75217698
169.30628823 -44.75255293
169.30541975 -44.75590198
169.31212239 -44.75817906
169.31339750 -44.76093977
169.31309952 -44.76149308
169.30913427 -44.76174205
169.30637124 -44.76381137
169.30453756 -44.76365912
169.30272548 -44.76106876
169.30056250 -44.75987414
169.29317533 -44.76010704
169.28868165 -44.75621122
169.28905660 -44.75444104
169.29560596 -44.75286847
169.29465522 -44.75124348
169.29523964 -44.75032418
169.29420641 -44.75000974
169.28643957 -44.75210600
169.27428165 -44.75077760
169.27392906 -44.75010966
169.27059751 -44.75075284
169.26344980 -44.74930307
169.26159339 -44.75158818
169.25550913 -44.75411187
169.24827182 -44.75200164
169.24619408 -44.74536821
169.24637919 -44.74453000
169.24987780 -44.74333013
169.25015825 -44.73893055
169.24709573 -44.73948794
169.23884548 -44.73884503
169.23758563 -44.74002353
169.23479160 -44.74049552
169.22775339 -44.73942220
169.22495330 -44.73998756
169.22258833 -44.74197408
169.21517907 -44.74257634
169.21194850 -44.74369013
169.19993148 -44.74226447
169.19259875 -44.74371202
169.19224309 -44.74107380
169.18718775 -44.73987555
169.18674132 -44.73864138
169.18790724 -44.73689750
169.18522225 -44.73568338
169.18917621 -44.73356232
169.18704306 -44.72992748
169.18437663 -44.72843253
169.18087390 -44.72766036
169.17798519 -44.72756499
169.17556694 -44.72832935
169.17366167 -44.72929823
169.17323462 -44.73181686
169.17440772 -44.73401316
169.17648800 -44.73642704
169.18374125 -44.73619739
169.18379361 -44.73741858
169.18193443 -44.73970239
169.17707869 -44.74151203
169.17272024 -44.74174322
169.17300997 -44.73931386
169.16908835 -44.73890271
169.16978438 -44.73629919
169.16783283 -44.73595318
169.16550583 -44.73934692
169.16779048 -44.74064206
169.16832516 -44.74253587
169.16426591 -44.74221381
169.16140085 -44.74577726
169.15862427 -44.74596657
169.15558167 -44.74821071
169.15330585 -44.74879175
169.15267290 -44.75242916
169.15049410 -44.75554614
169.14597243 -44.75623996
169.14369994 -44.75475717
169.13997259 -44.75538340
169.13272284 -44.76152032
169.12577834 -44.76100669
169.12210765 -44.76275994
169.11985723 -44.76493592
169.11922041 -44.76660312
169.11730675 -44.76766465
169.11647038 -44.77035703
169.11499407 -44.77077654
169.11141175 -44.77515907
169.10937245 -44.77612245
169.10727221 -44.77999181
169.10274290 -44.78274752
169.10136126 -44.78570289
169.09900881 -44.78740603
169.10018021 -44.78960309
169.09914822 -44.79125689
169.10061367 -44.79299480
169.10050179 -44.79467959
169.09853709 -44.79648960
169.10091666 -44.79835210
169.09853965 -44.80239964
169.09110263 -44.80327459
169.08972614 -44.80613622
169.09224417 -44.80987975
169.08972156 -44.81213985
169.08617756 -44.81192636
169.08303462 -44.81360250
169.08366745 -44.81596914
169.08264762 -44.82137561
169.08516546 -44.82314928
169.08497150 -44.82408082
169.08315558 -44.82561421
169.07673621 -44.82699178
169.07234578 -44.82956351
169.07031631 -44.83230899
169.06406512 -44.83312872
169.05849554 -44.83753611
169.04797293 -44.84890406
169.05187372 -44.85560379
169.04108774 -44.85908212
169.04023497 -44.85999110
169.03892533 -44.85985253
169.03587836 -44.86199984
169.03324002 -44.86200338
169.02966961 -44.86797890
169.02580042 -44.87056685
169.02367547 -44.87077541
169.02218705 -44.88104369
169.01354117 -44.88206008
169.01340746 -44.88402555
169.01187014 -44.88528605
169.01163656 -44.88677902
169.01047078 -44.88645747
169.01043472 -44.88504904
169.00890591 -44.88424592
169.00681866 -44.88389260
169.00571444 -44.88460506
169.00154141 -44.88774467
169.00234167 -44.88955472
169.00473472 -44.89123203
169.00284428 -44.89379364
169.00073756 -44.89372099
168.99675438 -44.89020624
168.99261246 -44.89287755
168.99116696 -44.89085749
168.98824474 -44.89113166
168.98499807 -44.89036256
168.98430741 -44.88696133
168.98183484 -44.88453029
168.98171277 -44.88246214
168.97827406 -44.88065421
168.97834158 -44.87774830
168.98041879 -44.87631933
168.98406592 -44.87700865
168.98459579 -44.87890330
168.99077981 -44.88108746
168.99483237 -44.88357290
168.99532799 -44.88790545
169.00061594 -44.88583648
169.00495951 -44.87632349
169.00103226 -44.87393654
168.99959332 -44.87182299
168.99765477 -44.87316327
168.98962518 -44.86903932
168.98699293 -44.86894820
168.98335602 -44.87004179
168.98289372 -44.86908762
168.98457567 -44.86764488
168.98282938 -44.86617714
168.98379219 -44.86367752
168.98264628 -44.86307491
168.99010548 -44.86201989
168.99524416 -44.86210378
168.99566616 -44.85592665
168.99807300 -44.85544693
168.99894936 -44.85613389
169.00293760 -44.85373857
169.00663456 -44.85367842
169.00736485 -44.85070156
169.01041012 -44.85052502
169.01100860 -44.84754361
169.01222451 -44.84711640
169.01695165 -44.84798671
169.01842554 -44.84664389
169.02042022 -44.84441727
169.02243445 -44.83850267
169.02485110 -44.83514291
169.02245971 -44.83473294
169.02078409 -44.83565903
169.01884688 -44.83534656
169.02141025 -44.83322145
169.02018808 -44.82916296
169.02185243 -44.82840043
169.02064380 -44.82753922
169.02394463 -44.82642304
169.03691905 -44.82703162
169.04130894 -44.82513251
169.03194266 -44.82227098
169.02550789 -44.82205034
169.02292049 -44.82114182
169.02489195 -44.81924224
169.02900624 -44.81971126
169.03163917 -44.81824409
169.03631249 -44.81725656
169.03733217 -44.81409467
169.03604964 -44.80921460
169.03651802 -44.80398462
169.03745355 -44.80377073
169.04150449 -44.79833541
169.05090926 -44.79201711
169.05254526 -44.78994173
169.05497347 -44.78977859
169.05642301 -44.78876239
169.06456721 -44.78059682
169.06322219 -44.78005928
169.06374757 -44.77737220
169.06543175 -44.77628191
169.06474311 -44.77453717
169.06170346 -44.77353214
169.05644359 -44.77474650
169.05881758 -44.77023714
169.05828747 -44.76956334
169.05323612 -44.76939119
169.05190796 -44.76860817
169.05446713 -44.76648230
169.05450009 -44.76599161
169.05266335 -44.76592897
169.05735450 -44.76289212
169.05744328 -44.75814098
169.05594616 -44.75645059
169.05948275 -44.75517762
169.05976592 -44.75953159
169.06396824 -44.76549434
169.06670692 -44.76583335
169.07236473 -44.76897634
169.07653054 -44.77034714
169.08060838 -44.76614102
169.09445667 -44.75513380
169.09338501 -44.75395009
169.09543879 -44.75074074
169.09384772 -44.74871984
169.09498929 -44.74711903
169.09634470 -44.74749264
169.09621432 -44.74945544
169.09801874 -44.75172939
169.10653694 -44.74816388
169.10692999 -44.74743941
169.10419737 -44.74701958
169.10378712 -44.74626807
169.10495452 -44.74253692
169.10948187 -44.73842699
169.11038901 -44.73862142
169.11270908 -44.74353538
169.11475722 -44.74212878
169.11685260 -44.73826476
169.11937160 -44.73843124
169.12186074 -44.73556393
169.12557400 -44.73331133
169.12657810 -44.73203350
169.12649252 -44.72809630
169.12861143 -44.72734756
169.12815628 -44.72552910
169.12599657 -44.72340766
169.12154961 -44.72284883
169.11678690 -44.72359067
169.11417424 -44.72137183
169.11008361 -44.72238186
169.10725910 -44.72163111
169.10747667 -44.72008108
169.10534596 -44.71927165
169.10610904 -44.71642852
169.10463231 -44.71269030
169.10267623 -44.71098507
169.10165535 -44.70824298
169.09832843 -44.70813078
169.10017168 -44.70547547
169.09993885 -44.70359934
169.09712605 -44.70112662
169.09717591 -44.69858065
169.09413151 -44.69601511
169.09376823 -44.69252103
169.08272032 -44.68679706
169.08201305 -44.68490479
169.07291314 -44.67678302
169.07294707 -44.67449125
169.06941885 -44.67029497
169.06433605 -44.66799886
169.06113100 -44.66432283
169.05798785 -44.66328146
169.05793724 -44.66226065
169.06064553 -44.66090933
169.06122247 -44.65940037
169.06413964 -44.65848072
169.06383450 -44.65770601
169.06172603 -44.65720952
169.06215019 -44.65620490
169.06069772 -44.65479659
169.05564448 -44.65385982
169.04696698 -44.65551642
169.04148273 -44.65745170
169.03644557 -44.65804328
169.03447197 -44.65907956
169.03232120 -44.66274241
169.03269200 -44.66606723
169.03412243 -44.66603142
169.03903799 -44.66195383
169.04856971 -44.66177074
169.05022040 -44.66199705
169.05017491 -44.66267489
169.04580416 -44.66396907
169.04226525 -44.66350818
169.04045021 -44.66395552
169.03402984 -44.66917047
169.03038781 -44.67023433
169.02924921 -44.67299774
169.02763120 -44.67404614
169.02068520 -44.67643979
169.02519189 -44.67667986
169.02498004 -44.67981481
169.02279506 -44.68220246
169.02015205 -44.68431952
169.01675782 -44.68522166
169.01470648 -44.68914245
169.01041722 -44.69094773
169.00987887 -44.69186333
169.00595919 -44.69172791
168.99892944 -44.69530640
168.99923509 -44.69956332
168.99338372 -44.70505069
168.98715699 -44.70729753
168.98537793 -44.70893429
168.98223670 -44.70958947
168.98179904 -44.70728122
168.98449660 -44.70440253
168.98564646 -44.69977148
168.98547831 -44.69874651
168.98224201 -44.69905866
168.97700049 -44.70431166
168.97516295 -44.71027754
168.96530890 -44.71502961
168.96278452 -44.71536610
168.96293586 -44.71316325
168.96515605 -44.71205179
168.96440334 -44.70913795
168.96061235 -44.70477755
168.96200019 -44.69947367
168.95880863 -44.69628038
168.96093035 -44.69684116
168.96143513 -44.69280395
168.96577041 -44.69092800
168.96790932 -44.68792099
168.97194516 -44.68708862
168.97481650 -44.68499910
168.97586790 -44.67960226
168.97953245 -44.67754027
168.98003853 -44.67512499
168.98132999 -44.67452116
168.98214294 -44.67260314
168.98262944 -44.66880854
168.98360824 -44.66778833
168.98665821 -44.66805655
168.98779948 -44.66298715
168.99338416 -44.65835040
168.98681407 -44.65285553
168.98716597 -44.65193834
168.99235478 -44.65222184
168.99284993 -44.64707559
168.98821393 -44.64505575
168.98431420 -44.64708881
168.98100902 -44.64676726
168.97821071 -44.64749596
168.97749949 -44.65366735
168.97516904 -44.65389594
168.97317285 -44.65558192
168.96869845 -44.65542578
168.96676252 -44.65411892
168.96412214 -44.65464627
168.96431297 -44.65186464
168.96577036 -44.65170904
168.96765761 -44.64950303
168.96963576 -44.65019173
168.97478572 -44.64892564
168.97615165 -44.64587517
168.97875986 -44.64369412
168.98816795 -44.64360839
168.98985362 -44.64222119
168.99084887 -44.63822828
168.99020461 -44.63706995
168.98517284 -44.63726492
168.98067039 -44.63545675
168.97876397 -44.63373887
168.97679620 -44.62888513
168.97278384 -44.62362232
168.97470137 -44.62155470
168.97604317 -44.61391722
168.97465330 -44.61226785
168.97187166 -44.61099677
168.97160854 -44.60885305
168.96719198 -44.60752475
168.96154448 -44.60423209
168.95359785 -44.60459395
168.95160243 -44.60580467
168.94857547 -44.60612530
168.94588697 -44.60549719
168.94065464 -44.60808810
168.93764287 -44.61214448
168.93652114 -44.62245765
168.93750193 -44.62804207
168.93975716 -44.63100312
168.93864533 -44.63523313
168.93923878 -44.63653476
168.94095965 -44.63734240
168.94445599 -44.63618459
168.94645691 -44.63689525
168.94717223 -44.63841457
168.94663120 -44.64031667
168.95070671 -44.64067319
168.95147347 -44.64144718
168.95140468 -44.64443314
168.95335192 -44.64791670
168.95517308 -44.64926126
168.95901312 -44.64907557
168.95929057 -44.65100637
168.95879111 -44.65429742
168.95532052 -44.65705751
168.95409311 -44.65701451
168.95308266 -44.65580509
168.94996068 -44.65548215
168.94925975 -44.65374992
168.95037560 -44.65144106
168.94783899 -44.64857712
168.94783029 -44.64473461
168.94553010 -44.64241255
168.94526782 -44.64026878
168.94232713 -44.63931160
168.93698799 -44.63944393
168.93664577 -44.64242028
168.93813154 -44.64663499
168.94156748 -44.65230572
168.94322276 -44.65407156
168.94771268 -44.65636381
168.94747060 -44.65987733
168.94121162 -44.65944400
168.93962648 -44.65864116
168.94032633 -44.65642448
168.93850861 -44.65305196
168.93720376 -44.65215222
168.93393835 -44.65193051
168.93243451 -44.64995640
168.92571978 -44.64822536
168.92793095 -44.64787648
168.92681070 -44.64431489
168.92837313 -44.64148834
168.92548427 -44.63978544
168.92224175 -44.63924398
168.92282784 -44.63670319
168.92174501 -44.63260920
168.92277688 -44.62955051
168.92436479 -44.62832586
168.92342922 -44.62605149
168.92312421 -44.61664852
168.91858391 -44.60923033
168.91450434 -44.60503014
168.91173857 -44.60549398
168.91151801 -44.60866955
168.91062333 -44.60941217
168.90583469 -44.60726340
168.90423105 -44.60780872
168.90168891 -44.60453499
168.89920196 -44.60393035
168.89659445 -44.60160059
168.89223424 -44.60368235
168.89083519 -44.60647178
168.88676249 -44.60615450
168.88320062 -44.61058747
168.88101396 -44.61085354
168.87966845 -44.60426648
168.88518245 -44.60291468
168.88687009 -44.60116808
168.88692388 -44.59867486
168.88957256 -44.59868328
168.89254533 -44.59749864
168.89068904 -44.59476527
168.88730188 -44.59498865
168.88564414 -44.59286455
168.88606416 -44.58857755
168.88395019 -44.58437218
168.88645413 -44.58471968
168.88728261 -44.58320053
168.88823733 -44.58332063
168.89039269 -44.58176274
168.89362307 -44.58204994
168.89389431 -44.58679177
168.89732979 -44.58932318
168.89794924 -44.59252867
168.89958948 -44.59491007
168.89917640 -44.59911129
168.90319624 -44.60364213
168.90773227 -44.60595415
168.90998421 -44.60474347
168.90901632 -44.60307442
168.91101921 -44.59677865
168.90425330 -44.58845086
168.89978288 -44.58003219
168.89812957 -44.57266004
168.89360849 -44.57017599
168.89021596 -44.56532288
168.88603811 -44.56482965
168.88274262 -44.56204471
168.88325866 -44.55810531
168.88589919 -44.55475803
168.88660105 -44.55159962
168.89510233 -44.54183622
168.89447200 -44.54052316
168.88972556 -44.53785875
168.88851916 -44.53446014
168.88573516 -44.53126330
168.87950216 -44.52923362
168.87817649 -44.52755142
168.87692895 -44.52475347
168.87706114 -44.52114451
168.87595761 -44.51972835
168.87645571 -44.51604645
168.86791715 -44.50748042
168.86665849 -44.50485401
168.86265932 -44.50359181
168.85468412 -44.50416530
168.85220196 -44.50355963
168.85029620 -44.50159802
168.84618273 -44.50196590
168.84572622 -44.50332609
168.83304971 -44.50407244
168.82962359 -44.49981830
168.83050846 -44.49580635
168.82874634 -44.49522623
168.82850514 -44.49014094
168.82436363 -44.48921634
168.82129948 -44.49005158
168.81939340 -44.48981025
168.80742100 -44.48576076
168.79647768 -44.48415681
168.79438467 -44.48485472
168.79203516 -44.49251285
168.78895878 -44.49687464
168.78739726 -44.49853838
168.78319152 -44.50019127
168.78096877 -44.50269114
168.78027405 -44.50567724
168.77642736 -44.50734307
168.77045258 -44.50850035
168.76814601 -44.51048065
168.76120248 -44.51005300
168.75631516 -44.51279843
168.74956798 -44.51297964
168.74827575 -44.51422260
168.74601519 -44.51454728
168.73809638 -44.51320406
168.72673001 -44.51270170
168.72134604 -44.50910864
168.71896145 -44.50619245
168.71685297 -44.50724496
168.70361028 -44.50772058
168.69801642 -44.50702680
168.69505914 -44.50578516
168.69372519 -44.50395793
168.68870058 -44.50320420
168.68498521 -44.50152992
168.68328486 -44.50162769
168.67737139 -44.49760859
168.67300529 -44.49865621
168.66916035 -44.49721887
168.66467574 -44.49680752
168.66452792 -44.49268176
168.66721737 -44.48987476
168.66654807 -44.48823378
168.66311857 -44.48729659
168.66063716 -44.48421380
168.65708951 -44.48335275
168.65519464 -44.48150380
168.65845336 -44.47403281
168.65702660 -44.47195920
168.65767848 -44.46923702
168.65689185 -44.46460236
168.65220991 -44.45925487
168.65422313 -44.45795761
168.65881122 -44.45845417
168.66094861 -44.45699991
168.66046412 -44.44979146
168.66893466 -44.44348642
168.67076339 -44.44008147
168.67381711 -44.43841916
168.67509004 -44.44258724
168.67301265 -44.44323612
168.66881636 -44.44970263
168.66829548 -44.46139724
168.66588553 -44.46809259
168.66638279 -44.47206994
168.66945023 -44.47331657
168.67056359 -44.47505506
168.67039204 -44.48046138
168.67192619 -44.48415459
168.67042190 -44.48773341
168.67761377 -44.49430541
168.68502520 -44.49636106
168.69553973 -44.49457383
168.69655274 -44.49461174
168.69689117 -44.49615935
168.69846702 -44.49621830
168.70035619 -44.49507714
168.70644613 -44.49514307
168.70777441 -44.49705073
168.71178565 -44.49776585
168.71556850 -44.50162295
168.72171465 -44.50403289
168.72850601 -44.50533545
168.73565696 -44.50479289
168.74186634 -44.50009504
168.74466521 -44.50197584
168.74820158 -44.50146032
168.74918936 -44.50028506
168.75704050 -44.50097879
168.76511441 -44.50014529
168.76447371 -44.49963701
168.76776515 -44.49466878
168.76785509 -44.49184467
168.77176604 -44.48924186
168.77489161 -44.48814494
168.77694353 -44.48628150
168.77884530 -44.48651286
168.78010937 -44.48777098
168.78292315 -44.48787416
168.78765868 -44.48635121
168.79236439 -44.48208040
168.79227732 -44.48013844
168.79710620 -44.47571039
168.79754141 -44.47435300
168.79836240 -44.47074781
168.79735779 -44.46901468
168.79781822 -44.46571945
168.79599745 -44.46436039
168.79766903 -44.45989769
168.80087284 -44.45767205
168.80115740 -44.45525899
168.80542110 -44.45081004
168.80642611 -44.44777700
168.80420165 -44.44575709
168.81091379 -44.44333605
168.81606590 -44.43746506
168.81974144 -44.42855129
168.82277641 -44.42389555
168.82253766 -44.42089798
168.82645005 -44.41498156
168.82625101 -44.41141998
168.83227113 -44.41074986
168.83271374 -44.41246230
168.83419211 -44.41227355
168.83471437 -44.41285794
168.83398488 -44.41840535
168.83124128 -44.41895212
168.82858583 -44.42144076
168.82942976 -44.42704524
168.82813879 -44.43095664
168.82887891 -44.43324535
168.82640773 -44.43630611
168.81766754 -44.44350113
168.81608190 -44.44837109
168.81442719 -44.44944181
168.81396599 -44.45435268
168.80933832 -44.46234305
168.81210894 -44.46939116
168.81579373 -44.47469526
168.81835729 -44.47672722
168.81906332 -44.47949943
168.82186206 -44.48299391
168.82544069 -44.48344693
168.83274783 -44.48702382
168.83723982 -44.48573237
168.83936240 -44.48443588
168.84064703 -44.48222049
168.86337624 -44.48150504
168.86813067 -44.48450311
168.87028548 -44.48756927
168.87638038 -44.48916105
168.87800684 -44.49010787
168.87802929 -44.49140113
168.88467079 -44.49325435
168.88587519 -44.49216651
168.88800836 -44.49232352
168.88856579 -44.49403976
168.88685474 -44.49430175
168.88817229 -44.49806460
168.89493388 -44.50307177
168.89983181 -44.50405408
168.90022055 -44.50495647
168.89991186 -44.50777266
168.90174321 -44.51228059
168.89654734 -44.51556895
168.89738189 -44.51979909
168.90005175 -44.52199437
168.90545782 -44.52218671
168.90867771 -44.51971630
168.90974082 -44.51741155
168.91052914 -44.51743955
168.91164974 -44.51756011
168.91235515 -44.52041233
168.91649992 -44.52088247
168.91329329 -44.52642306
168.91528454 -44.53190570
168.91768567 -44.53473721
168.91786736 -44.53700538
168.91584806 -44.54169959
168.91795522 -44.54225893
168.91752334 -44.54523234
168.91871915 -44.54753643
168.92245540 -44.54904191
168.92195005 -44.55144730
168.92309041 -44.55455713
168.91897320 -44.55691544
168.91757265 -44.56082385
168.91868050 -44.56603275
168.91734216 -44.57067035
168.91910317 -44.57460996
168.92134774 -44.57646647
168.92099949 -44.57823122
168.92716920 -44.58216503
168.92880600 -44.58464611
168.93485154 -44.58712113
168.93722810 -44.59035512
168.93754572 -44.59230491
168.94300847 -44.59177027
168.94356500 -44.59025512
168.96248492 -44.58962674
168.97112958 -44.58718277
168.98089848 -44.59309698
168.98100304 -44.59487763
168.98275796 -44.59566572
168.98345945 -44.59698251
168.98534922 -44.59745217
168.98443370 -44.60258971
168.98609928 -44.61298648
168.99413708 -44.61617359
168.99715353 -44.61837832
169.00159187 -44.61796679
169.00461069 -44.61847520
169.00752413 -44.61720293
169.00743509 -44.61518058
169.00701661 -44.61468148
169.00607037 -44.61529490
169.00562108 -44.61358316
169.01318130 -44.61214843
169.01347413 -44.60949312
169.01643763 -44.60579926
169.02271375 -44.60326958
169.02476176 -44.60140168
169.02249559 -44.59478115
169.02314652 -44.59351126
169.02390875 -44.59394139
169.02546867 -44.59092584
169.02726212 -44.59114916
169.02842653 -44.59232005
169.03237358 -44.59245587
169.03299290 -44.58997327
169.03622090 -44.58903422
169.03717831 -44.58656322
169.04040064 -44.58570463
169.04369671 -44.57701377
169.04348380 -44.57345257
169.04564365 -44.56989199
169.04481752 -44.56873288
169.04488367 -44.55427728
169.04878172 -44.55004934
169.04702804 -44.54756612
169.05165425 -44.54594771
169.05517547 -44.54227206
169.06289764 -44.53655909
169.06472181 -44.53629830
169.06549480 -44.53317468
169.06894980 -44.53216178
169.07049497 -44.52930677
169.07446997 -44.52726145
169.08339576 -44.52546508
169.08394766 -44.52225309
169.09741984 -44.51826776
169.09776234 -44.51650245
169.09999818 -44.51512431
169.10128867 -44.51096803
169.10375034 -44.51129357
169.10588385 -44.50975031
169.10485248 -44.50656552
169.10607960 -44.50507240
169.11487901 -44.50512704
169.11607681 -44.50064444
169.11571001 -44.49764368
169.11465832 -44.49647747
169.11833682 -44.49030153
169.11945194 -44.48363536
169.11780052 -44.48301435
169.11407642 -44.48474648
169.11160856 -44.48967085
169.11013973 -44.48970205
169.10802856 -44.48236161
169.10354019 -44.47857531
169.10037796 -44.47862985
169.10019543 -44.47797753
169.10147610 -44.47737472
169.10122358 -44.47607388
169.10260611 -44.47563605
169.10297220 -44.46837926
169.10469214 -44.46795282
169.10481878 -44.46432252
169.10302276 -44.46248485
169.10002793 -44.46343348
169.09574125 -44.46344977
169.09344215 -44.46240257
169.09251360 -44.45768646
169.09504755 -44.45688396
169.09516475 -44.45511102
169.09297317 -44.45414822
169.09273634 -44.45090941
169.09155213 -44.45006153
169.09225267 -44.44628916
169.09517687 -44.44469223
169.09540652 -44.44292310
169.09825596 -44.44245432
169.10813888 -44.44303111
169.11009362 -44.44245102
169.11270502 -44.43874310
169.11402469 -44.43410309
169.11361602 -44.43174701
169.10837373 -44.42405845
169.10838330 -44.42220110
169.11066827 -44.42001682
169.10692381 -44.41698256
169.10686345 -44.41447669
169.10401365 -44.41155335
169.10244326 -44.40802712
169.09822140 -44.41224557
169.09364441 -44.41330182
169.09203731 -44.41033956
169.08935513 -44.41000612
169.08775411 -44.40865939
169.08320925 -44.40923169
169.08215446 -44.40814577
169.08015229 -44.40775450
169.07957932 -44.40620035
169.08043034 -44.40526011
169.08501795 -44.40573939
169.08925193 -44.40475261
169.10071814 -44.40514177
169.10615551 -44.40298360
169.10889281 -44.39600915
169.10631624 -44.39486565
169.10367032 -44.39477607
169.10093031 -44.40281707
169.08991812 -44.40223208
169.08816674 -44.39752462
169.08563934 -44.39564285
169.08612868 -44.39270172
169.08934092 -44.39090954
169.09346347 -44.39094399
169.09428970 -44.39181712
169.09664846 -44.39179155
169.10158939 -44.39058585
169.10674774 -44.39054926
169.11105046 -44.38784267
169.11456410 -44.38817266
169.11656480 -44.38686698
169.11802073 -44.38712738
169.11845995 -44.38492390
169.12004898 -44.38540004
169.12071802 -44.38193671
169.12261977 -44.37988816
169.12063837 -44.37865939
169.12103740 -44.37032783
169.12189643 -44.36845540
169.12373555 -44.36735544
169.12759707 -44.36685172
169.12758121 -44.36484416
169.12706940 -44.36366497
169.12436078 -44.36230612
169.12431051 -44.36082557
169.12152426 -44.35840771
169.12446041 -44.35628840
169.11616323 -44.35484650
169.11580555 -44.35356681
169.11378367 -44.35297033
169.11387364 -44.35160013
169.11735577 -44.35013327
169.11786035 -44.35141791
169.12097952 -44.35099501
169.12256075 -44.35157651
169.12491984 -44.35376870
169.12661155 -44.35266373
169.13085074 -44.35312335
169.13384368 -44.35237895
169.13749975 -44.35049480
169.14136005 -44.34999061
169.14417564 -44.34744425
169.14621673 -44.34096351
169.14736420 -44.34142449
169.14766764 -44.34354729
169.14916376 -44.34317488
169.15121011 -44.34113076
169.15175046 -44.33734612
169.15689450 -44.33065214
169.15600030 -44.32629137
169.15620185 -44.32545305
169.15755063 -44.32507562
169.15903310 -44.31582963
169.16033732 -44.31386621
169.16464220 -44.31327053
169.16544441 -44.31224099
169.16711691 -44.30912785
169.16716787 -44.30606626
169.16871062 -44.30495577
169.16994244 -44.30182791
169.17073385 -44.29868537
169.16949478 -44.29737651
169.17301312 -44.29527549
169.17595679 -44.28840189
169.17977462 -44.28620503
169.18057477 -44.28063324
169.17869742 -44.27782443
169.18137064 -44.27284308
169.18036684 -44.27016896
169.17691427 -44.26899780
169.15993987 -44.26779777
169.15220988 -44.26912354
169.14449464 -44.26569584
169.13987226 -44.26670252
169.13512128 -44.26516950
169.12076133 -44.26447403
169.11831627 -44.26365197
169.11341410 -44.26443685
169.10886739 -44.26428286
169.10406895 -44.26348634
169.10230091 -44.26131365
169.09536539 -44.25949347
169.08578417 -44.25990664
169.08273267 -44.26159836
169.07923378 -44.26116201
169.07583960 -44.25914460
169.07164255 -44.26037432
169.07194984 -44.25795521
169.07052527 -44.25727263
169.06727807 -44.25747834
169.05876711 -44.25063696
169.05330047 -44.24886455
169.05184279 -44.24427203
169.04616105 -44.24132984
169.04269179 -44.24047079
169.03697433 -44.24027346
169.03345445 -44.24237023
169.03228160 -44.24232968
169.02976974 -44.24034131
169.02872236 -44.24062198
169.02335099 -44.24402765
169.02352403 -44.24582950
169.02714529 -44.24880717
169.02512614 -44.25042746
169.02129267 -44.25061153
169.01823273 -44.25240689
169.01456919 -44.25006129
169.01159418 -44.25059176
169.00784095 -44.25394734
169.00588502 -44.25461875
169.00517316 -44.25427706
169.00631112 -44.24829522
169.00543394 -44.24604626
169.00664234 -44.24556013
169.00895974 -44.24606332
169.01825508 -44.24332273
169.02100719 -44.24172799
169.02585743 -44.23513523
169.02834236 -44.23532692
169.03155473 -44.23343095
169.03524751 -44.23313607
169.04436277 -44.23524653
169.05352851 -44.23440014
169.05662029 -44.23651354
169.05879818 -44.23690527
169.06398498 -44.23623821
169.06577159 -44.24031365
169.07183122 -44.24421848
169.07309498 -44.24954352
169.07912068 -44.24953824
169.08971904 -44.24704764
169.09143683 -44.24773995
169.09249871 -44.24946626
169.09692629 -44.25141268
169.09809937 -44.25145256
169.10116375 -44.24954962
169.10574516 -44.25139528
169.10860731 -44.25033036
169.10923674 -44.25193621
169.12037246 -44.25020040
169.12605879 -44.25313888
169.12696825 -44.25496532
169.12965821 -44.25653489
169.13300367 -44.25707014
169.13729777 -44.25658088
169.13958243 -44.25760840
169.14808838 -44.25789405
169.15515834 -44.25992671
169.15784280 -44.25705888
169.15750565 -44.25092099
169.16024068 -44.24953365
169.16367812 -44.25091612
169.16740541 -44.25008991
169.17290964 -44.25132979
169.17557452 -44.25786202
169.18291755 -44.25767109
169.18739635 -44.25655294
169.19045655 -44.25464855
169.19338108 -44.24798866
169.19931488 -44.24248411
169.20038119 -44.24188594
169.20255241 -44.24238006
169.20324824 -44.23839121
169.20929301 -44.23341773
169.21125310 -44.23031517
169.21855450 -44.22633288
169.22078003 -44.22366122
169.22258499 -44.22298160
169.22415629 -44.22366673
169.22522870 -44.22296297
169.22836778 -44.21514808
169.22835516 -44.21303618
169.23334986 -44.20834378
169.23359100 -44.20222841
169.23205359 -44.20101664
169.22740748 -44.20023058
169.21594464 -44.20048667
169.21310847 -44.20123772
169.20903492 -44.20068094
169.19886969 -44.20129488
169.19540904 -44.20033559
169.19142134 -44.20073119
169.18922027 -44.19844102
169.18523266 -44.19883641
169.17769382 -44.20196398
169.17213876 -44.19935053
169.16921003 -44.19925279
169.16273619 -44.19724165
169.16062830 -44.19579863
169.16053302 -44.19273370
169.15797602 -44.18916404
169.15357381 -44.18690497
169.14941399 -44.18317576
169.14437229 -44.18173947
169.13916821 -44.17829148
169.13949693 -44.17323479
169.13870776 -44.17183570
169.14109488 -44.16895986
169.13992570 -44.16438065
169.13845970 -44.16211415
169.13631942 -44.16119742
169.13448320 -44.15786260
169.13262206 -44.15716637
169.13280722 -44.15432199
169.13157723 -44.15069082
169.12596522 -44.14680605
169.12597002 -44.14448348
169.12115605 -44.14410952
169.11993891 -44.13805032
169.11782044 -44.13681721
169.11534065 -44.13662761
169.11205751 -44.13303215
169.11129172 -44.13353407
169.10494578 -44.13194602
169.10252960 -44.13302525
169.10181441 -44.13722413
169.09431025 -44.13095055
169.08951768 -44.12804201
169.08170389 -44.12872531
169.06923786 -44.12439182
169.06265708 -44.12416585
169.06138244 -44.12570577
169.06232204 -44.12922227
169.06096388 -44.12980908
169.05851252 -44.12919687
169.05679246 -44.12860977
169.05425156 -44.12493249
169.05521291 -44.12369861
169.05478881 -44.12125561
169.05605653 -44.11982111
169.05559746 -44.11790482
169.05715054 -44.11658571
169.05980344 -44.11636025
169.07090225 -44.11695262
169.07119470 -44.11917986
169.07609690 -44.12040368
169.07790754 -44.12183823
169.07980859 -44.12190329
169.08505867 -44.12007677
169.09284357 -44.11981461
169.09423666 -44.12091791
169.09453694 -44.12303975
169.09729572 -44.12566767
169.10411406 -44.12674433
169.11007728 -44.12969199
169.11535631 -44.12965990
169.11813874 -44.13418851
169.12914984 -44.14068449
169.13130984 -44.14128530
169.13256704 -44.14449508
169.13622690 -44.14683565
169.13973480 -44.15603355
169.14271188 -44.15761183
169.14457591 -44.16052513
169.14584670 -44.16806389
169.14517113 -44.17395354
169.14697713 -44.18003217
169.15114040 -44.18143889
169.15487519 -44.18040279
169.15803084 -44.18378143
169.16400939 -44.18662094
169.16463605 -44.19054824
169.16850453 -44.19426712
169.17082013 -44.19476673
169.17569968 -44.19419044
169.17737538 -44.19551320
169.19095272 -44.19659818
169.19913463 -44.19486355
169.21407579 -44.19757452
169.21870924 -44.19624923
169.22271371 -44.19679612
169.22825270 -44.19502619
169.22980071 -44.19538528
169.23305823 -44.19806078
169.23656253 -44.19910041
169.23743060 -44.19892339
169.24215365 -44.19198899
169.24903226 -44.18707697
169.25188164 -44.18264949
169.25436836 -44.18170328
169.25768966 -44.17657188
169.26110175 -44.17452557
169.26522517 -44.17024204
169.26737397 -44.16784621
169.26761300 -44.16631289
169.27013737 -44.16475114
169.27087437 -44.16210387
169.27657033 -44.16002860
169.27999236 -44.15551635
169.28385671 -44.15533337
169.28746028 -44.15247061
169.29149239 -44.15188185
169.29398995 -44.15072969
169.29822615 -44.14685967
169.30067871 -44.14642509
169.30732829 -44.14273528
169.31136590 -44.14204328
169.31426178 -44.13905423
169.32301640 -44.13820506
169.32867343 -44.13437951
169.33355808 -44.13381658
169.33653796 -44.13175432
169.33862211 -44.12801962
169.33944030 -44.12167610
169.33831072 -44.11917438
169.33995474 -44.11563109
169.34307578 -44.11357320
169.34787917 -44.11197975
169.35342115 -44.10763574
169.35495092 -44.10593787
169.35579003 -44.10154692
169.35947264 -44.09960919
169.36668560 -44.09120822
169.36914159 -44.09066961
169.36891650 -44.09436094
169.36572853 -44.09754746
169.36456979 -44.10018184
169.36510251 -44.10780110
169.35219030 -44.11376072
169.34959716 -44.11419189
169.34354797 -44.11749221
169.34338416 -44.12015812
169.34118977 -44.12337569
169.34218981 -44.12566778
169.34068439 -44.12695533
169.33873367 -44.13315999
169.33557693 -44.13809327
169.33365655 -44.13916201
169.33152108 -44.14371689
169.32011040 -44.14828285
169.31622757 -44.14877467
169.31318253 -44.15186172
169.31113161 -44.15272044
169.31101710 -44.15456603
169.30842186 -44.15499625
169.30648132 -44.15637213
169.30522953 -44.16044134
169.29774486 -44.15917272
169.29299380 -44.15984123
169.29150560 -44.16082052
169.29034226 -44.16345412
169.28920281 -44.16341727
169.28634928 -44.16568795
169.28490858 -44.17047003
169.27989081 -44.17082117
169.27791055 -44.17281174
169.27440168 -44.17413623
169.27148916 -44.17732929
169.27156729 -44.17835923
169.26636983 -44.18610121
169.26173346 -44.18944344
169.25982437 -44.19708675
169.25645616 -44.19841532
169.25196094 -44.20402210
169.25210364 -44.20628706
169.24974550 -44.20970323
169.24830719 -44.21438232
169.24683631 -44.21505343
169.24573463 -44.21892157
169.24371929 -44.21916388
169.24251369 -44.22241215
169.24195549 -44.23122962
169.23754774 -44.23314012
169.23630944 -44.23464066
169.23947848 -44.23875139
169.23915428 -44.23935722
169.23473932 -44.24137014
169.22914978 -44.24611836
169.22592068 -44.24745069
169.22164628 -44.25172807
169.21854627 -44.25326994
169.21438083 -44.25806438
169.21335472 -44.26070186
169.21472899 -44.26156910
169.21814870 -44.25726380
169.21987362 -44.25711509
169.21641234 -44.26655619
169.21717685 -44.26801976
169.20745999 -44.27016524
169.20498677 -44.27306312
169.20597741 -44.27545893
169.21238570 -44.27587584
169.21617844 -44.27918582
169.21280968 -44.28267083
169.21252942 -44.28481919
169.21088741 -44.28589523
169.20513258 -44.28642454
169.20466502 -44.28702556
169.20528020 -44.28858702
169.20986572 -44.29069045
169.21101126 -44.29514617
169.20264313 -44.30072635
169.20042761 -44.30404366
169.19265913 -44.31138963
169.19169699 -44.31300165
169.19268776 -44.31539758
169.18908239 -44.32473054
169.18747843 -44.32519109
169.18660593 -44.32762801
169.18357773 -44.33019888
169.18186928 -44.33671779
169.17847801 -44.33824904
169.17224128 -44.35057646
169.17019457 -44.35122753
169.16952355 -44.35274636
169.16958682 -44.35398140
169.17509029 -44.35745238
169.18022922 -44.36214390
169.18001878 -44.36984273
169.18449078 -44.37379265
169.18448829 -44.37605293
169.18719041 -44.38302634
169.18776599 -44.39188137
169.18896463 -44.39551710
169.18739082 -44.40882164
169.18299902 -44.42357395
169.18391193 -44.42720023
169.18311718 -44.42840682
169.18166662 -44.42866696
169.18175157 -44.43401245
169.17990209 -44.43600600
169.17803650 -44.44046483
169.17749288 -44.44887179
169.17596601 -44.45251990
169.17573382 -44.45610823
169.17418298 -44.45790613
169.17419049 -44.46222163
169.17128160 -44.46726221
169.17082916 -44.46981577
169.16856858 -44.47148728
169.16881904 -44.47868771
169.16301814 -44.48846093
169.16348779 -44.49227811
169.15932706 -44.50107831
169.15931694 -44.50344108
169.15269464 -44.51914562
169.15215410 -44.52303186
169.14933674 -44.52879424
169.14756342 -44.52955697
169.14477208 -44.53490915
169.13869433 -44.53778817
169.13510212 -44.54218863
169.13229117 -44.54343009
169.13169523 -44.54813638
169.12816037 -44.54945622
169.12398263 -44.54962415
169.12002588 -44.55298448
169.11453879 -44.55557393
169.11266283 -44.55787389
169.10925680 -44.55940300
169.10786482 -44.56089724
169.10213708 -44.56275878
169.09799406 -44.56672859
169.09857540 -44.56880319
169.10140291 -44.56951525
169.10503796 -44.57323415
169.10914303 -44.57419463
169.11452710 -44.57756118
169.12469062 -44.57821117
169.12633100 -44.57949919
169.13029593 -44.57603613
169.13235775 -44.57528329
169.13967084 -44.57994616
169.14113713 -44.58389948
169.14664856 -44.58315891
169.14751872 -44.58524284
169.14457589 -44.58627477
169.14798143 -44.58916256
169.14962548 -44.59260795
169.14991142 -44.59703548
169.14744817 -44.59952189
169.14718685 -44.60352012
169.14947705 -44.61469268
169.15632985 -44.61327708
169.15502837 -44.61117892
169.15581952 -44.61007510
169.15992807 -44.61103372
169.16514470 -44.60822757
169.16689036 -44.61013486
169.16628644 -44.61278609
169.15776158 -44.61558504
169.15645287 -44.61800730
169.15901648 -44.61840081
169.16201409 -44.61654837
169.16650363 -44.61608102
169.16967524 -44.62039862
169.17266302 -44.62090862
169.17405764 -44.61715341
169.17265851 -44.61433306
169.17370314 -44.61375122
169.17848608 -44.61319039
169.18184438 -44.61463707
169.18675095 -44.61438820
169.19488544 -44.60869755
169.19656134 -44.60947192
169.19672271 -44.61142928
169.19493013 -44.61691819
169.19810779 -44.61671459
169.19798214 -44.61866251
169.20018628 -44.62017337
169.20094183 -44.62184205
169.20303564 -44.62283553
169.20398426 -44.62820913
169.20767079 -44.62904936
169.20931448 -44.63033615
169.21519435 -44.63063163
169.21665518 -44.63252875
169.22143269 -44.63206863
169.22094385 -44.63071705
169.22279814 -44.62872292
169.22837841 -44.62695316
169.22882296 -44.62450197
169.23032411 -44.62352358
169.23122542 -44.62067633
169.23418155 -44.61943712
169.23527755 -44.62029473
169.23713101 -44.61830036
169.24582863 -44.61498749
169.24580912 -44.61303485
169.24903199 -44.60985195
169.24944293 -44.60791330
169.24557461 -44.60316450
169.24831427 -44.60078782
169.24807291 -44.59780061
169.24877734 -44.59802897
169.24986004 -44.59683126
169.25051215 -44.59335933
169.25443179 -44.59276733
169.25310119 -44.59108036
169.25367489 -44.58883873
169.25089669 -44.58731025
169.24949465 -44.58901128
169.24762299 -44.58905322
169.24656656 -44.58758055
169.24538653 -44.58127514
169.24796218 -44.57920134
169.24800132 -44.57632593
169.25018545 -44.57362294
169.24702338 -44.57362295
169.23899148 -44.57110134
169.23272654 -44.57017791
169.23532831 -44.56769429
169.23286462 -44.56576462
169.23290390 -44.56514946
169.23525083 -44.56440411
169.23472351 -44.56140746
169.23718838 -44.55655635
169.23486195 -44.55473392
169.23515628 -44.55012024
169.23816794 -44.54569791
169.23989549 -44.54113094
169.24078288 -44.53170784
169.24354529 -44.53118137
169.24476352 -44.53235116
169.24747379 -44.53264481
169.24959762 -44.52860430
169.25178001 -44.52816152
169.25056172 -44.52699181
169.25205302 -44.51933486
169.24992942 -44.51433439
169.25043069 -44.50870004
169.24581345 -44.50680329
169.24630203 -44.50137401
169.24337229 -44.49552520
169.24352224 -44.49316706
169.24151043 -44.49320424
169.24026699 -44.49244452
169.23971398 -44.48985798
169.23727956 -44.48751828
169.24112723 -44.48569171
169.23953983 -44.47906456
169.23667629 -44.47671083
169.23950789 -44.47505664
169.24168207 -44.47245630
169.24478652 -44.47327665
169.24621178 -44.47568610
169.24738973 -44.48425187
169.25108726 -44.48478311
169.25328651 -44.47273131
169.25763401 -44.47205061
169.25698951 -44.47089955
169.25941018 -44.46892333
169.25711902 -44.46658869
169.25067628 -44.46411904
169.24765034 -44.46206851
169.24414321 -44.45856384
169.23328468 -44.45338063
169.23005141 -44.45235023
169.21950554 -44.45128551
169.20992399 -44.44860766
169.20833805 -44.44650063
169.19739464 -44.44048908
169.19733265 -44.43699378
169.20068965 -44.43607713
169.20552676 -44.43890788
169.20574058 -44.44004509
169.21058629 -44.44051282
169.21242174 -44.43872383
169.21621446 -44.43771831
169.21722924 -44.43754615
169.21914080 -44.43904729
169.22371344 -44.43930001
169.22741523 -44.43746921
169.23157155 -44.43750251
169.23619026 -44.43477675
169.23878545 -44.43455329
169.24333177 -44.43521533
169.24667489 -44.43676266
169.25583956 -44.43695811
169.25976246 -44.44068141
169.26262460 -44.44077428
169.26813151 -44.43304185
169.26961412 -44.43226795
169.27116222 -44.43272902
169.27351920 -44.43855865
169.27532143 -44.43954157
169.27805979 -44.43932183
169.27957468 -44.43803515
169.28368599 -44.43878425
169.28614452 -44.43845255
169.28953237 -44.43702062
169.29256145 -44.43444693
169.29356311 -44.43447915
169.29560310 -44.43166809
169.30027606 -44.42801694
169.30188838 -44.42745227
169.30501050 -44.42796337
169.30747485 -44.42752867
169.31099824 -44.42620320
169.31342799 -44.42402075
169.31671862 -44.42412597
169.32303635 -44.42165659
169.33087957 -44.42231752
169.33807107 -44.42192985
169.34200361 -44.42092465
169.35186079 -44.41681951
169.36456215 -44.40838574
169.37157057 -44.39925786
169.37703283 -44.39429306
169.38092754 -44.38917605
169.38132005 -44.38744191
169.37854935 -44.38355370
169.37945229 -44.38050008
169.38837355 -44.37749267
169.39002190 -44.37394868
169.39217830 -44.36238243
169.38728525 -44.36233547
169.38646158 -44.36124526
169.39082923 -44.35286730
169.39162844 -44.34948638
169.39416523 -44.34679851
169.39832324 -44.34671578
169.39920543 -44.34440178
169.40249468 -44.34152439
169.40217312 -44.33949206
169.40470272 -44.33446215
169.40820991 -44.33286866
169.40736695 -44.33209730
169.40817132 -44.33105804
169.40646615 -44.32983403
169.40806840 -44.32786176
169.41254017 -44.32502101
169.41505513 -44.31775532
169.41802654 -44.31273894
169.42342278 -44.30928797
169.42570952 -44.29839622
169.43468360 -44.28962769
169.44250733 -44.27528839
169.45033246 -44.26829263
169.45300712 -44.26071193
169.45284288 -44.25602378
169.45911015 -44.24280633
169.46162653 -44.24032940
169.46277887 -44.23589466
169.46513440 -44.23362559
169.46515098 -44.23085884
169.46978295 -44.22514737
169.47032081 -44.22356739
169.46926518 -44.22140632
169.47190901 -44.21925241
169.47268276 -44.21618961
169.47437695 -44.21507084
169.47610602 -44.21086656
169.48214934 -44.20626225
169.48297265 -44.20234946
169.48520671 -44.20209852
169.49135220 -44.19824191
169.49220338 -44.19635213
169.49434589 -44.19514034
169.49738308 -44.19129500
169.50180882 -44.18898192
169.50370156 -44.18446300
169.50764621 -44.18277365
169.51063202 -44.17977789
169.51308494 -44.17325368
169.51274176 -44.17154038
169.51579518 -44.16737583
169.51607964 -44.16504299
169.52190545 -44.16149450
169.52389987 -44.15772340
169.52572657 -44.15682081
169.52593744 -44.15320857
169.53013221 -44.14971679
169.53528151 -44.13997433
169.53716928 -44.13800913
169.53699165 -44.13598162
169.53948850 -44.13116116
169.53996873 -44.12798276
169.54331908 -44.12372011
169.54440746 -44.12024072
169.54849410 -44.11855438
169.55091543 -44.11500859
169.55366820 -44.11338842
169.55466976 -44.10884207
169.56058604 -44.10614595
169.56548240 -44.10576044
169.56957356 -44.10396709
169.57760866 -44.10292983
169.58646317 -44.09531790
169.59143276 -44.08588713
169.59552000 -44.08153852
169.60094722 -44.07180170
169.60886521 -44.06235112
169.60934715 -44.05906614
169.60845481 -44.05659196
169.61063810 -44.05452794
169.61048233 -44.05207553
169.61439776 -44.04548628
169.61369491 -44.04227274
169.61614262 -44.03553369
169.61463114 -44.03357342
169.61677451 -44.02959247
169.61486360 -44.02687542
169.61494194 -44.02549419
169.61779436 -44.01940563
169.61796894 -44.01632442
169.61918283 -44.01572166
169.62191392 -44.01697284
169.62238859 -44.01900891
169.62102430 -44.02226793
169.61851800 -44.02485471
169.61825035 -44.02697534
169.62055221 -44.02800102
169.62182044 -44.02644200
169.62377676 -44.02575462
169.62490066 -44.02674554
169.62346120 -44.02872526
169.62349424 -44.03074832
169.62151370 -44.03186069
169.62240021 -44.03444102
169.62026590 -44.04087014
169.61950457 -44.05170317
169.62285951 -44.06020961
169.61243899 -44.06958725
169.60573592 -44.07843546
169.60160932 -44.08608251
169.60161739 -44.08853057
169.59971712 -44.09336994
169.59698049 -44.09733306
169.59424179 -44.09874181
169.58997543 -44.10361718
169.58753117 -44.10503451
169.58162232 -44.10762579
169.57655404 -44.10843259
169.56987037 -44.11163874
169.56748705 -44.11454747
169.55903249 -44.11770004
169.55415959 -44.12276886
169.55119104 -44.12810757
169.55013325 -44.13616435
169.54662860 -44.14308329
169.54529989 -44.14815191
169.54164141 -44.15006394
169.53781505 -44.15739869
169.53793096 -44.16048863
169.53347165 -44.16344059
169.53182858 -44.16626458
169.53163659 -44.16955810
169.53246648 -44.17054101
169.53168406 -44.17381670
169.52986201 -44.17716742
169.52560940 -44.18161538
169.52531149 -44.18671499
169.52162982 -44.19149938
169.51937766 -44.19206976
169.51786832 -44.19511051
169.51037906 -44.19669265
169.50036794 -44.20341266
169.49777093 -44.20982586
169.49450007 -44.21259980
169.49362098 -44.21746883
169.48800509 -44.22485405
169.48744258 -44.22685907
169.48833867 -44.22922794
169.48416716 -44.23218698
169.48167710 -44.23924175
169.47619909 -44.24673713
169.47560443 -44.24927329
169.47815774 -44.25116086
169.47889341 -44.25373776
169.47397620 -44.26423035
169.47526819 -44.26991086
169.46941611 -44.27366941
169.46730920 -44.28169362
169.46562558 -44.28259981
169.46582647 -44.28420247
169.46266387 -44.28506319
169.46107096 -44.28693000
169.45958783 -44.28943877
169.45976322 -44.29146639
169.45885044 -44.29186404
169.45910399 -44.29506484
169.45680282 -44.29637764
169.45625756 -44.29806378
169.45939353 -44.30263049
169.45998958 -44.30754474
169.45879754 -44.31261686
169.45605378 -44.31636402
169.45113452 -44.31929904
169.44868592 -44.32305514
169.44783947 -44.32728637
169.44325310 -44.32959276
169.44366671 -44.33258568
169.44102306 -44.33463267
169.44156049 -44.34050314
169.43971398 -44.34161684
169.43399616 -44.35038040
169.43401106 -44.35506397
169.43280837 -44.35779402
169.42984056 -44.35780850
169.42964769 -44.35854757
169.43454156 -44.36104070
169.43491550 -44.36222305
169.42305153 -44.36951857
169.42878986 -44.37278319
169.43125745 -44.37615911
169.42945443 -44.37652899
169.43076372 -44.38189126
169.43065581 -44.38614529
169.42868677 -44.39172530
169.42205292 -44.39588336
169.41510925 -44.40269229
169.41249363 -44.40420743
169.40879548 -44.40888185
169.40571546 -44.41070169
169.40384654 -44.41458150
169.40108187 -44.41609176
169.40008923 -44.41776373
169.39842651 -44.41824397
169.39888942 -44.42528318
169.39827021 -44.42813759
169.39636192 -44.43020667
169.39517591 -44.43016960
169.39286279 -44.42669131
169.39221287 -44.42273284
169.39029308 -44.42011828
169.38758614 -44.42067210
169.38643833 -44.42244554
169.37781246 -44.42749664
169.36143210 -44.43059964
169.35938724 -44.43245095
169.35665988 -44.44056050
169.36170122 -44.44071970
169.36232313 -44.44510325
169.36559196 -44.44509990
169.36696740 -44.44205657
169.37340853 -44.44119497
169.37868399 -44.43752906
169.38559519 -44.43625581
169.38536544 -44.43028818
169.38498556 -44.42921191
169.38323905 -44.42862495
169.38557301 -44.42688873
169.38692104 -44.42427008
169.38935112 -44.42338830
169.39062045 -44.42449240
169.39031603 -44.42948536
169.39237144 -44.43231703
169.39766946 -44.43556931
169.39944865 -44.43562488
169.40160187 -44.43441487
169.40330396 -44.43084917
169.40971750 -44.42796242
169.41116764 -44.42609174
169.41547956 -44.42601299
169.42178983 -44.42727331
169.42643679 -44.42656594
169.42843447 -44.42545705
169.43330408 -44.41858316
169.44057856 -44.41614711
169.44134661 -44.41819304
169.43846134 -44.42172269
169.43598730 -44.42334919
169.43946199 -44.42484016
169.43957324 -44.42793015
169.43769838 -44.42946876
169.43102795 -44.43171050
169.42154757 -44.43865425
169.41886576 -44.43878388
169.41846637 -44.44047443
169.41468859 -44.44152784
169.40947294 -44.44179133
169.40389579 -44.44800368
169.40082675 -44.44716291
169.39619080 -44.44765676
169.39205014 -44.45221046
169.38740723 -44.45281018
169.38438662 -44.44388132
169.37276836 -44.44436794
169.36894389 -44.44616343
169.36433487 -44.45346881
169.36343197 -44.45365322
169.36339555 -44.45908037
169.36023956 -44.46206750
169.35311977 -44.46184259
169.34549991 -44.46490097
169.34492502 -44.45977371
169.34255187 -44.45969847
169.33609862 -44.46311254
169.32507256 -44.46595488
169.32082586 -44.47209941
169.32305355 -44.48117329
169.32293138 -44.48518865
169.31927659 -44.49265390
169.31433344 -44.49825096
169.31318022 -44.50241606
169.30954164 -44.50549688
169.31160703 -44.50921678
169.31042709 -44.51584736
169.31162942 -44.51908292
169.30877346 -44.52392434
169.31116483 -44.52856811
169.31100540 -44.53112072
169.31267581 -44.53300102
169.31928616 -44.53348600
169.31783546 -44.53627147
169.31367946 -44.53942731
169.31599557 -44.54324643
169.31584434 -44.54771757
169.31944323 -44.55760635
169.32416616 -44.56177596
169.32320494 -44.56695208
169.32094295 -44.57044254
169.32212170 -44.57203295
169.32465539 -44.57238762
169.32445933 -44.57758808
169.32310952 -44.58284318
169.32014972 -44.58521529
169.31830852 -44.59219026
169.32001113 -44.59973481
169.32275577 -44.60082695
169.33318202 -44.59969668
169.34049395 -44.59517850
169.34123042 -44.59154803
169.34616880 -44.59024275
169.35254771 -44.59044423
169.35250827 -44.59108240
169.34577251 -44.59251383
169.34450900 -44.59640169
169.33758259 -44.59883141
169.33675476 -44.59980996
169.32943350 -44.60240935
169.32286894 -44.60311415
169.32192145 -44.60600701
169.32363984 -44.60715780
169.32397950 -44.61401938
169.33061899 -44.61212940
169.33061053 -44.61432138
169.33297612 -44.61741076
169.33269251 -44.61785848
169.32876980 -44.61718593
169.32602131 -44.61819475
169.32483013 -44.61678674
169.32281640 -44.61626599
169.31947518 -44.61652505
169.31746393 -44.61801385
169.31681915 -44.62219514
169.31837043 -44.62398008
169.32076735 -44.62451309
169.32108206 -44.62561923
169.31952995 -44.62794478
169.32322332 -44.63025452
169.32212809 -44.63140716
169.31784680 -44.63236705
169.31555347 -44.63631314
169.31171399 -44.63838301
169.31288248 -44.64015581
169.31267723 -44.64343765
169.31444676 -44.64787856
169.31616623 -44.64902946
169.32242949 -44.64913741
169.32322109 -44.65080676
169.31961108 -44.65124002
169.31938660 -44.65278572
169.31682664 -44.65279559
169.31612777 -44.65578768
169.31214788 -44.65803582
169.31136000 -44.65426560
169.30906111 -44.65419227
169.30688218 -44.65220449
169.30556507 -44.65280184
169.30440619 -44.65495709
169.30218925 -44.65561700
169.30029064 -44.65528225
169.30036113 -44.65619796
169.30367429 -44.66050571
169.30600200 -44.66012334
169.30723359 -44.66089341
169.31092020 -44.67151559
169.31294372 -44.67395502
169.31445403 -44.67436851
169.31303607 -44.67861650
169.31385519 -44.68394053
169.31234565 -44.68964709
169.31667688 -44.68795813
169.31814444 -44.69111050
169.31721869 -44.70386913
169.31928349 -44.70567032
169.31995612 -44.70925409
169.32152121 -44.71085665
169.32572863 -44.71117292
169.33018614 -44.71569872
169.33259264 -44.71614032
169.33589155 -44.71871099
169.34129003 -44.71842494
169.34275733 -44.72367778
169.34494018 -44.72566486
169.34949853 -44.72653933
169.35212547 -44.72963635
169.35239980 -44.73348133
169.35375582 -44.73434609
169.35506480 -44.73804093
169.35428978 -44.74020874
169.35182560 -44.74067923
169.35142081 -44.74514221
169.34878324 -44.74633792
169.34853089 -44.74833948
169.34909701 -44.74954475
169.35159909 -44.75053697
169.35118855 -44.75509111
169.35312629 -44.75898843
169.35256525 -44.76390320
169.35326770 -44.76449550
