178.04312052 -37.56663622
178.04233308 -37.56648922
178.04154564 -37.56634222
178.04047715 -37.56609852
178.03940867 -37.56585480
178.03804149 -37.56591543
178.03718323 -37.56606265
178.03632496 -37.56620986
178.03565142 -37.56573027
178.03489689 -37.56539982
178.03390445 -37.56558935
178.03291199 -37.56577887
178.03173978 -37.56601273
178.03056756 -37.56624658
178.02980291 -37.56577099
178.02886105 -37.56537602
178.02787872 -37.56571060
178.02707868 -37.56603711
178.02602797 -37.56604720
178.02497726 -37.56605729
178.02427340 -37.56645230
178.02399489 -37.56704683
178.02371638 -37.56764137
178.02334166 -37.56816737
178.02296692 -37.56869338
178.02303273 -37.56963657
178.02352393 -37.57012429
178.02365558 -37.57070069
178.02288078 -37.57138993
178.02329602 -37.57209935
178.02424300 -37.57256692
178.02428858 -37.57321989
178.02333650 -37.57398976
178.02348083 -37.57474754
178.02362515 -37.57550531
178.02402016 -37.57592451
178.02481274 -37.57614419
178.02560532 -37.57636385
178.02678025 -37.57616633
178.02748671 -37.57580758
178.02819317 -37.57544882
178.02895533 -37.57523315
178.02971749 -37.57501747
178.03108485 -37.57495694
178.03185467 -37.57550507
178.03259407 -37.57561788
178.03333348 -37.57573069
178.03413867 -37.57547669
178.03475648 -37.57515820
178.03537427 -37.57483972
178.03635922 -37.57454135
178.03734417 -37.57424297
178.03834180 -37.57412596
178.03952681 -37.57407342
178.04042327 -37.57447032
178.04131973 -37.57486722
178.04212250 -37.57523188
178.04292528 -37.57559653
178.04404458 -37.57591074
178.04428282 -37.57670072
178.04486790 -37.57722058
178.04545299 -37.57774044
178.04632937 -37.57850208
178.04518497 -37.57913511
178.04418220 -37.57917963
178.04303744 -37.57850266
178.04189778 -37.57789823
178.04107734 -37.57793463
178.04035568 -37.57807581
178.03963402 -37.57821698
178.03918838 -37.57838230
178.03887961 -37.57919654
178.03797307 -37.57930951
178.03710692 -37.57869291
178.03647895 -37.57886630
178.03547110 -37.57883819
178.03488861 -37.57835455
178.03367815 -37.57804429
178.03294133 -37.57862276
178.03220451 -37.57920122
178.03153854 -37.57948543
178.03087257 -37.57976964
178.02976341 -37.57960040
178.02915062 -37.57999141
178.02930008 -37.58082173
178.02944955 -37.58165206
178.03015362 -37.58256700
178.03086780 -37.58297205
178.03158198 -37.58337709
178.03256206 -37.58366119
178.03354215 -37.58394528
178.03385371 -37.58447731
178.03416528 -37.58500934
178.03432242 -37.58594848
178.03447957 -37.58688763
178.03475327 -37.58818550
178.03502698 -37.58948336
178.03498149 -37.59014038
178.03493600 -37.59079739
178.03462206 -37.59153907
178.03431826 -37.59242586
178.03482491 -37.59313119
178.03537706 -37.59317950
178.03596454 -37.59242570
178.03687632 -37.59238529
178.03772231 -37.59271168
178.03823382 -37.59217957
178.03906458 -37.59228829
178.03949534 -37.59321530
178.03843167 -37.59369912
178.03863448 -37.59463624
178.03883730 -37.59557336
178.03911860 -37.59632505
178.03939990 -37.59707674
178.04019035 -37.59791502
178.04133031 -37.59851947
178.04137606 -37.59917244
178.04143706 -37.60004306
178.04149807 -37.60091369
178.04049500 -37.60095817
178.03943603 -37.60020458
178.03847843 -37.59959203
178.03834152 -37.59894310
178.03820461 -37.59829417
178.03807025 -37.59768152
178.03793589 -37.59706887
178.03731018 -37.59662355
178.03668448 -37.59617822
178.03558521 -37.59615415
178.03448594 -37.59613008
178.03394383 -37.59557187
178.03340173 -37.59501366
178.03296089 -37.59394152
178.03299625 -37.59313940
178.03303161 -37.59233729
178.03286432 -37.59125304
178.03269704 -37.59016878
178.03242344 -37.58952590
178.03214984 -37.58888302
178.03069106 -37.58894761
178.03044785 -37.58808505
178.03077451 -37.58752476
178.03110116 -37.58696447
178.03093898 -37.58595276
178.02999685 -37.58555780
178.02924214 -37.58522732
178.02848744 -37.58489683
178.02806954 -37.58415116
178.02765165 -37.58340549
178.02702865 -37.58299639
178.02640567 -37.58258729
178.02541802 -37.58219430
178.02443039 -37.58180131
178.02342504 -37.58115438
178.02241971 -37.58050744
178.02178834 -37.57975905
178.02115698 -37.57901067
178.02052564 -37.57826228
178.01991289 -37.57734325
178.01930015 -37.57642422
178.01902672 -37.57578130
178.01875330 -37.57513839
178.01745686 -37.57490454
178.01645736 -37.57447380
178.01545787 -37.57404305
178.01445840 -37.57361230
178.01345894 -37.57318153
178.01386087 -37.57406659
178.01390789 -37.57474162
178.01395491 -37.57541664
178.01309413 -37.57608658
178.01214558 -37.57549647
178.01142322 -37.57489637
178.01065671 -37.57529130
178.00971430 -37.57560369
178.00877188 -37.57591608
178.00882825 -37.57672612
178.00832546 -37.57765108
178.00743642 -37.57791596
178.00654737 -37.57818084
178.00652194 -37.57944587
178.00649650 -37.58071091
178.00599678 -37.58168086
178.00549705 -37.58265081
178.00425279 -37.58351814
178.00300850 -37.58438544
178.00170788 -37.58444270
178.00040726 -37.58449995
177.99930782 -37.58418721
177.99820839 -37.58387446
177.99740421 -37.58372927
177.99660003 -37.58358407
177.99578617 -37.58411640
177.99497230 -37.58464871
177.99493105 -37.58568874
177.99488979 -37.58672876
177.99420773 -37.58752612
177.99352565 -37.58832347
177.99206779 -37.58856808
177.99060991 -37.58881268
177.98950694 -37.58926737
177.98840396 -37.58972206
177.98714731 -37.58959666
177.98640588 -37.58953892
177.98566445 -37.58948117
177.98502011 -37.59000598
177.98437576 -37.59053078
177.98525213 -37.59089859
177.98612851 -37.59126639
177.98741679 -37.59102929
177.98870506 -37.59079218
177.98942428 -37.59134742
177.99014351 -37.59190265
177.99052966 -37.59256279
177.99091581 -37.59322292
177.99098449 -37.59421297
177.99034951 -37.59487282
177.98971452 -37.59553265
177.98845542 -37.59591896
177.98719632 -37.59630524
177.98593720 -37.59669152
177.98471369 -37.59704613
177.98349017 -37.59740072
177.98226664 -37.59775530
177.98174324 -37.59871715
177.98121982 -37.59967899
177.98069640 -37.60064083
177.98017295 -37.60160267
177.97964950 -37.60256451
177.97880416 -37.60264669
177.97795882 -37.60272886
177.97771649 -37.60332629
177.97747415 -37.60392371
177.97640876 -37.60410579
177.97534336 -37.60428786
177.97397714 -37.60476897
177.97261089 -37.60525006
177.97124463 -37.60573114
177.97038621 -37.60644577
177.96952778 -37.60716040
177.96912499 -37.60790024
177.96872219 -37.60864008
177.96791718 -37.60930722
177.96711215 -37.60997436
177.96591175 -37.60984627
177.96471136 -37.60971816
177.96394734 -37.61015779
177.96318331 -37.61059741
177.96190177 -37.61075370
177.96081682 -37.61152542
177.96097078 -37.61210725
177.96112474 -37.61268907
177.96171359 -37.61338772
177.96230245 -37.61408637
177.96255988 -37.61534276
177.96281733 -37.61659915
177.96280575 -37.61725610
177.96279418 -37.61791306
177.96219492 -37.61830141
177.96141953 -37.61819944
177.96064415 -37.61809747
177.95964265 -37.61884291
177.95864112 -37.61958833
177.95803524 -37.62029386
177.95742935 -37.62099937
177.95679818 -37.62175126
177.95616700 -37.62250315
177.95575421 -37.62229479
177.95573941 -37.62125417
177.95621901 -37.62078053
177.95656334 -37.61999588
177.95642533 -37.61923227
177.95628732 -37.61846866
177.95612608 -37.61768143
177.95569162 -37.61761533
177.95524104 -37.61815210
177.95466427 -37.61804143
177.95381699 -37.61730874
177.95297634 -37.61791128
177.95213566 -37.61851383
177.95106527 -37.61922446
177.94999486 -37.61993508
177.94892443 -37.62064569
177.94805377 -37.62122687
177.94718309 -37.62180805
177.94741234 -37.62265824
177.94768592 -37.62332541
177.94795951 -37.62399259
177.94823621 -37.62470489
177.94729632 -37.62510799
177.94635106 -37.62460587
177.94561149 -37.62429039
177.94487193 -37.62397490
177.94410713 -37.62472997
177.94334232 -37.62548502
177.94229615 -37.62610795
177.94131078 -37.62629516
177.94032539 -37.62648236
177.93976694 -37.62693970
177.93920848 -37.62739705
177.93801525 -37.62764138
177.93682201 -37.62788569
177.93562876 -37.62813000
177.93459394 -37.62759751
177.93346865 -37.62706894
177.93265433 -37.62710428
177.93184000 -37.62713963
177.93085211 -37.62729076
177.92986421 -37.62744189
177.92945622 -37.62810919
177.92856126 -37.62829237
177.92765150 -37.62825964
177.92674174 -37.62822691
177.92551443 -37.62885753
177.92415717 -37.62891635
177.92279991 -37.62897515
177.92131924 -37.62921973
177.91983856 -37.62946429
177.91859886 -37.62991493
177.91735914 -37.63036556
177.91621727 -37.63092021
177.91507539 -37.63147485
177.91403724 -37.63155584
177.91299909 -37.63163681
177.91133735 -37.63188909
177.90967561 -37.63214134
177.90897136 -37.63246047
177.90826710 -37.63277961
177.90759396 -37.63355451
177.90692080 -37.63432942
177.90624763 -37.63510432
177.90580887 -37.63598939
177.90537009 -37.63687447
177.90542904 -37.63773805
177.90548798 -37.63860164
177.90549677 -37.63939521
177.90550556 -37.64018879
177.90501414 -37.64096787
177.90452271 -37.64174694
177.90407652 -37.64252406
177.90363032 -37.64330118
177.90291751 -37.64416197
177.90220468 -37.64502277
177.90163006 -37.64591368
177.90105541 -37.64680459
177.90012717 -37.64716942
177.89919892 -37.64753423
177.89852882 -37.64835707
177.89893257 -37.64895318
177.89933632 -37.64954928
177.89800809 -37.65003959
177.89687291 -37.64936674
177.89627835 -37.64863449
177.89568381 -37.64790224
177.89537909 -37.64676053
177.89507438 -37.64561881
177.89503026 -37.64497112
177.89498613 -37.64432342
177.89431339 -37.64377498
177.89369326 -37.64333253
177.89307313 -37.64289008
177.89266212 -37.64218601
177.89225112 -37.64148193
177.89116580 -37.64150081
177.89008048 -37.64151968
177.89049726 -37.64235963
177.89090110 -37.64300950
177.89130496 -37.64365937
177.89249373 -37.64351288
177.89307041 -37.64405997
177.89364711 -37.64460707
177.89313837 -37.64505792
177.89262962 -37.64550877
177.89140694 -37.64603800
177.89018424 -37.64656723
177.88927327 -37.64727367
177.88925878 -37.64794154
177.88924429 -37.64860941
177.88975475 -37.64906406
177.89026523 -37.64951870
177.89072565 -37.65011847
177.89118608 -37.65071824
177.89093252 -37.65139640
177.89067897 -37.65207456
177.89095687 -37.65263453
177.89158691 -37.65308402
177.89251087 -37.65256764
177.89350602 -37.65309673
177.89344474 -37.65395726
177.89286645 -37.65426812
177.89163221 -37.65374932
177.89067589 -37.65379047
177.89035932 -37.65442368
177.89004274 -37.65505689
177.88957595 -37.65612550
177.88910915 -37.65719411
177.88831436 -37.65784789
177.88751956 -37.65850165
177.88757452 -37.65930952
177.88762949 -37.66011738
177.88721594 -37.66108837
177.88689285 -37.66162653
177.88656975 -37.66216469
177.88582979 -37.66186287
177.88508985 -37.66156106
177.88432082 -37.66083154
177.88355182 -37.66010202
177.88243709 -37.65957799
177.88183934 -37.65960366
177.88079567 -37.66012509
177.88041764 -37.65985536
177.88043544 -37.65923501
177.88045325 -37.65861466
177.87935148 -37.65828069
177.87929983 -37.65752034
177.87963911 -37.65721981
177.88095413 -37.65716334
177.88179096 -37.65712740
177.88309951 -37.65697587
177.88305429 -37.65631056
177.88411081 -37.65597920
177.88455668 -37.65548344
177.88403973 -37.65493373
177.88355510 -37.65485923
177.88238551 -37.65529077
177.88169408 -37.65570175
177.88068441 -37.65584044
177.87967473 -37.65597911
177.87834037 -37.65575043
177.87826938 -37.65470496
177.87799157 -37.65414496
177.87771376 -37.65358496
177.87753615 -37.65273469
177.87735854 -37.65188443
177.87675439 -37.65181504
177.87593697 -37.65213607
177.87628098 -37.65278856
177.87662499 -37.65344104
177.87619198 -37.65412686
177.87475747 -37.65418840
177.87332296 -37.65424993
177.87430509 -37.65458909
177.87553278 -37.65501303
177.87567963 -37.65629356
177.87582649 -37.65757408
177.87610430 -37.65813409
177.87670356 -37.65901392
177.87730285 -37.65989375
177.87766303 -37.66078384
177.87802323 -37.66167392
177.87909599 -37.66158021
177.88016875 -37.66148650
177.88148385 -37.66143002
177.88245966 -37.66167407
177.88316566 -37.66235865
177.88387168 -37.66304322
177.88392338 -37.66380356
177.88262117 -37.66405015
177.88131894 -37.66429673
177.88037539 -37.66452789
177.87996173 -37.66549885
177.87954805 -37.66646982
177.87878058 -37.66664575
177.87801311 -37.66682167
177.87699852 -37.66600732
177.87609706 -37.66509279
177.87599534 -37.66447757
177.87589363 -37.66386235
177.87465934 -37.66334337
177.87449141 -37.66263567
177.87432348 -37.66192797
177.87383881 -37.66185344
177.87294860 -37.66198693
177.87205837 -37.66212041
177.87163817 -37.66299631
177.87264620 -37.66371566
177.87270423 -37.66457106
177.87346028 -37.66511056
177.87428580 -37.66579007
177.87511133 -37.66646956
177.87599989 -37.66719401
177.87608700 -37.66847710
177.87617411 -37.66976019
177.87611262 -37.67062071
177.87605112 -37.67148124
177.87560510 -37.67197697
177.87515907 -37.67247271
177.87516703 -37.67347323
177.87517499 -37.67447375
177.87533973 -37.67513393
177.87550448 -37.67579411
177.87554965 -37.67645941
177.87559482 -37.67712472
177.87506789 -37.67819584
177.87523587 -37.67890354
177.87540385 -37.67961124
177.87459902 -37.68012236
177.87419164 -37.68118835
177.87531632 -37.68185503
177.87644102 -37.68252169
177.87707769 -37.68306630
177.87771438 -37.68361091
177.87855797 -37.68367003
177.87974741 -37.68352366
177.88048110 -37.68373047
177.88121479 -37.68393727
177.88128586 -37.68498274
177.88158320 -37.68582786
177.88201307 -37.68685793
177.88200174 -37.68757332
177.88199041 -37.68828872
177.88091403 -37.68833493
177.88086234 -37.68757459
177.88050844 -37.68677955
177.88015454 -37.68598452
177.87927863 -37.68545019
177.87836231 -37.68520356
177.87744599 -37.68495691
177.87699345 -37.68535761
177.87606897 -37.68587387
177.87542582 -37.68523421
177.87554068 -37.68427608
177.87565553 -37.68331795
177.87454695 -37.68288889
177.87383760 -37.68215674
177.87312826 -37.68142459
177.87226536 -37.68108029
177.87160294 -37.68015548
177.87250158 -37.67925908
177.87329351 -37.67855789
177.87322256 -37.67751241
177.87315162 -37.67646692
177.87237610 -37.67564228
177.87160061 -37.67481764
177.87077824 -37.67418564
177.86995588 -37.67355363
177.86873865 -37.67328805
177.86752143 -37.67302244
177.86630423 -37.67275683
177.86508703 -37.67249120
177.86386983 -37.67222556
177.86265265 -37.67195991
177.86155462 -37.67168279
177.86045660 -37.67140566
177.85935858 -37.67112853
177.85826058 -37.67085138
177.85716258 -37.67057422
177.85577948 -37.67051417
177.85439638 -37.67045410
177.85301329 -37.67039402
177.85163019 -37.67033392
177.85095008 -37.67002933
177.85026997 -37.66972474
177.84927491 -37.66919529
177.84827985 -37.66866582
177.84750586 -37.66874650
177.84673187 -37.66882717
177.84629849 -37.66951288
177.84567613 -37.67006368
177.84505376 -37.67061447
177.84399685 -37.67094548
177.84313420 -37.67060097
177.84227155 -37.67025645
177.84139290 -37.66967431
177.84051426 -37.66909216
177.83963563 -37.66851000
177.83875702 -37.66792784
177.83760192 -37.66769106
177.83644682 -37.66745427
177.83542409 -37.66740247
177.83440137 -37.66735067
177.83317370 -37.66692629
177.83258768 -37.66623632
177.83200167 -37.66554635
177.83125231 -37.66510162
177.83050296 -37.66465688
177.82986998 -37.66415953
177.82923701 -37.66366218
177.82836813 -37.66322251
177.82749925 -37.66278283
177.82676591 -37.66257569
177.82603258 -37.66236854
177.82481144 -37.66203912
177.82386366 -37.66131681
177.82291591 -37.66059450
177.82216984 -37.66019723
177.82142378 -37.65979995
177.82018356 -37.65918535
177.82019869 -37.65851747
177.82021381 -37.65784960
177.81901190 -37.65780527
177.81780998 -37.65776092
177.81686312 -37.65794404
177.81591625 -37.65812716
177.81487212 -37.65864800
177.81382798 -37.65916883
177.81303886 -37.65991715
177.81224972 -37.66066546
177.81260840 -37.66065026
177.81312486 -37.66120030
177.81364132 -37.66175033
177.81365162 -37.66279839
177.81366193 -37.66384645
177.81333827 -37.66438441
177.81301462 -37.66492237
177.81213380 -37.66519797
177.81125297 -37.66547357
177.81075950 -37.66616169
177.81026601 -37.66684980
177.80909862 -37.66687539
177.80793123 -37.66690096
177.80676384 -37.66692652
177.80559645 -37.66695207
177.80491719 -37.66755270
177.80423793 -37.66815333
177.80392373 -37.66883384
177.80360952 -37.66951435
177.80414188 -37.67030204
177.80467424 -37.67108973
177.80429388 -37.67167772
177.80391352 -37.67226571
177.80420992 -37.67311104
177.80450632 -37.67395637
177.80516148 -37.67478652
177.80616268 -37.67541141
177.80706591 -37.67546852
177.80796915 -37.67552562
177.80896402 -37.67605544
177.80947419 -37.67651043
177.80998437 -37.67696543
177.81114673 -37.67701154
177.81230909 -37.67705765
177.81347145 -37.67710374
177.81478371 -37.67700049
177.81609595 -37.67689722
177.81740820 -37.67679394
177.81872043 -37.67669065
177.81991308 -37.67659241
177.82110573 -37.67649417
177.82210709 -37.67711891
177.82142149 -37.67762459
177.82073589 -37.67813027
177.81986771 -37.67859603
177.81899951 -37.67906177
177.81898119 -37.67968212
177.81896286 -37.68030247
177.81818871 -37.68038295
177.81741457 -37.68046343
177.81686763 -37.68124916
177.81562708 -37.68063450
177.81438655 -37.68001983
177.81287256 -37.67979801
177.81135858 -37.67957616
177.81062193 -37.67932139
177.80988529 -37.67906662
177.80849729 -37.67893472
177.80710929 -37.67880281
177.80615894 -37.67893832
177.80566215 -37.67957890
177.80516534 -37.68021947
177.80593379 -37.68094952
177.80598470 -37.68170991
177.80574935 -37.68267304
177.80551399 -37.68363617
177.80428303 -37.68316397
177.80305210 -37.68269175
177.80207626 -37.68244704
177.80110042 -37.68220232
177.79988223 -37.68192017
177.79866405 -37.68163800
177.79770095 -37.68158335
177.79673785 -37.68152869
177.79526197 -37.68187693
177.79378608 -37.68222515
177.79316272 -37.68187018
177.79220279 -37.68186301
177.79124285 -37.68185582
177.79019821 -37.68237645
177.78945889 -37.68297952
177.78871956 -37.68358258
177.78787287 -37.68347528
177.78702617 -37.68336798
177.78596840 -37.68279297
177.78491064 -37.68221796
177.78382794 -37.68216823
177.78274524 -37.68211848
177.78224533 -37.68141836
177.78174543 -37.68071822
177.78088959 -37.68034772
177.78003376 -37.67997721
177.77867362 -37.68003442
177.77731348 -37.68009161
177.77595334 -37.68014879
177.77503378 -37.67978092
177.77419483 -37.67966373
177.77335589 -37.67954654
177.77254702 -37.67891993
177.77173815 -37.67829331
177.77135538 -37.67734391
177.77097262 -37.67639451
177.77006996 -37.67627997
177.76916731 -37.67616542
177.76838207 -37.67589349
177.76759684 -37.67562156
177.76710937 -37.67662442
177.76662189 -37.67762729
177.76613440 -37.67863015
177.76544654 -37.67886226
177.76475868 -37.67909436
177.76338792 -37.67915184
177.76201716 -37.67920930
177.76064639 -37.67926674
177.75927562 -37.67932417
177.75795010 -37.67861748
177.75662460 -37.67791077
177.75534277 -37.67786280
177.75406095 -37.67781482
177.75333279 -37.67743877
177.75260464 -37.67706272
177.75165502 -37.67720407
177.75070540 -37.67734541
177.74953093 -37.67795347
177.74835644 -37.67856152
177.74706115 -37.67895441
177.74576584 -37.67934728
177.74447052 -37.67974014
177.74321777 -37.67948757
177.74196504 -37.67923498
177.74071231 -37.67898238
177.73931634 -37.67914226
177.73792036 -37.67930211
177.73652438 -37.67946195
177.73512839 -37.67962177
177.73397964 -37.67952780
177.73283090 -37.67943382
177.73168216 -37.67933982
177.73096087 -37.67863207
177.73023960 -37.67792431
177.72951834 -37.67721655
177.72879709 -37.67650878
177.72807586 -37.67580101
177.72735465 -37.67509323
177.72663344 -37.67438545
177.72591225 -37.67367767
177.72519108 -37.67296987
177.72446992 -37.67226208
177.72374877 -37.67155428
177.72302764 -37.67084647
177.72230652 -37.67013866
177.72158541 -37.66943085
177.72086432 -37.66872303
177.72014325 -37.66801521
177.71942218 -37.66730738
177.71870113 -37.66659955
177.71798010 -37.66589171
177.71725908 -37.66518387
177.71653807 -37.66447602
177.71581707 -37.66376817
177.71509609 -37.66306031
177.71437513 -37.66235245
177.71365418 -37.66164459
177.71293324 -37.66093672
177.71221231 -37.66022884
177.71149141 -37.65952096
177.71077051 -37.65881308
177.71004963 -37.65810519
177.70932876 -37.65739730
177.70860790 -37.65668940
177.70788707 -37.65598150
177.70716624 -37.65527359
177.70644543 -37.65456568
177.70572463 -37.65385776
177.70500384 -37.65314984
177.70428307 -37.65244192
177.70356232 -37.65173399
177.70284157 -37.65102605
177.70212084 -37.65031811
177.70140013 -37.64961017
177.70067943 -37.64890222
177.69995874 -37.64819427
177.69923807 -37.64748631
177.69851741 -37.64677834
177.69779677 -37.64607037
177.69707614 -37.64536240
177.69635552 -37.64465442
177.69726673 -37.64411402
177.69817793 -37.64357362
177.69908911 -37.64303321
177.70000028 -37.64249279
177.70091144 -37.64195237
177.70182258 -37.64141193
177.70273371 -37.64087149
177.70364483 -37.64033104
177.70455593 -37.63979059
177.70546702 -37.63925013
177.70637810 -37.63870966
177.70728916 -37.63816918
177.70820021 -37.63762870
177.70911125 -37.63708821
177.71002227 -37.63654772
177.71093328 -37.63600721
177.71184428 -37.63546670
177.71275526 -37.63492619
177.71366623 -37.63438566
177.71457719 -37.63384513
177.71548813 -37.63330460
177.71639905 -37.63276405
177.71730997 -37.63222350
177.71822087 -37.63168294
177.71913176 -37.63114237
177.72004263 -37.63060180
177.72095350 -37.63006122
177.72186434 -37.62952064
177.72277518 -37.62898004
177.72368600 -37.62843944
177.72459681 -37.62789883
177.72550760 -37.62735822
177.72641838 -37.62681760
177.72732915 -37.62627697
177.72823990 -37.62573634
177.72915064 -37.62519569
177.73006137 -37.62465505
177.73097208 -37.62411439
177.73188278 -37.62357373
177.73279347 -37.62303306
177.73370414 -37.62249238
177.73461480 -37.62195170
177.73552544 -37.62141101
177.73643608 -37.62087031
177.73734670 -37.62032960
177.73825730 -37.61978889
177.73916789 -37.61924817
177.74007847 -37.61870745
177.74098904 -37.61816672
177.74189959 -37.61762598
177.74281013 -37.61708523
177.74372065 -37.61654448
177.74463116 -37.61600372
177.74554166 -37.61546295
177.74645214 -37.61492218
177.74736262 -37.61438140
177.74827307 -37.61384061
177.74918352 -37.61329981
177.75009395 -37.61275901
177.75100436 -37.61221820
177.75191477 -37.61167739
177.75282516 -37.61113656
177.75373553 -37.61059573
177.75464590 -37.61005490
177.75555625 -37.60951405
177.75646658 -37.60897321
177.75737691 -37.60843235
177.75828721 -37.60789148
177.75919751 -37.60735061
177.76010779 -37.60680973
177.76101806 -37.60626885
177.76192832 -37.60572796
177.76283856 -37.60518706
177.76374879 -37.60464615
177.76465900 -37.60410524
177.76556920 -37.60356432
177.76647939 -37.60302339
177.76738957 -37.60248246
177.76829973 -37.60194152
177.76920988 -37.60140057
177.77012001 -37.60085962
177.77103013 -37.60031866
177.77194024 -37.59977769
177.77285033 -37.59923671
177.77376041 -37.59869573
177.77467048 -37.59815474
177.77558054 -37.59761375
177.77649058 -37.59707274
177.77740060 -37.59653173
177.77831062 -37.59599072
177.77922062 -37.59544969
177.78013061 -37.59490866
177.78104058 -37.59436762
177.78195054 -37.59382658
177.78286049 -37.59328553
177.78377042 -37.59274447
177.78468034 -37.59220340
177.78559025 -37.59166233
177.78650014 -37.59112125
177.78741002 -37.59058016
177.78831989 -37.59003907
177.78922974 -37.58949797
177.79013958 -37.58895686
177.79104940 -37.58841575
177.79195922 -37.58787463
177.79286902 -37.58733350
177.79377880 -37.58679237
177.79468857 -37.58625122
177.79559833 -37.58571008
177.79650808 -37.58516892
177.79741781 -37.58462776
177.79832753 -37.58408659
177.79923723 -37.58354541
177.80014692 -37.58300423
177.80105660 -37.58246304
177.80196627 -37.58192184
177.80287592 -37.58138064
177.80378556 -37.58083942
177.80469519 -37.58029821
177.80560480 -37.57975698
177.80651440 -37.57921575
177.80742398 -37.57867451
177.80833356 -37.57813326
177.80924312 -37.57759201
177.81015266 -37.57705075
177.81106219 -37.57650948
177.81197171 -37.57596821
177.81288122 -37.57542693
177.81379071 -37.57488564
177.81470019 -37.57434435
177.81560965 -37.57380304
177.81651910 -37.57326174
177.81742854 -37.57272042
177.81833796 -37.57217910
177.81924738 -37.57163777
177.82015677 -37.57109643
177.82106616 -37.57055509
177.82197553 -37.57001374
177.82288488 -37.56947238
177.82379423 -37.56893102
177.82470356 -37.56838965
177.82561288 -37.56784827
177.82652218 -37.56730688
177.82743147 -37.56676549
177.82834075 -37.56622409
177.82925001 -37.56568269
177.83015926 -37.56514128
177.83106850 -37.56459986
177.83197772 -37.56405843
177.83288693 -37.56351700
177.83379612 -37.56297556
177.83470531 -37.56243411
177.83561448 -37.56189265
177.83652363 -37.56135119
177.83743277 -37.56080972
177.83834190 -37.56026825
177.83925102 -37.55972677
177.84016012 -37.55918528
177.84106921 -37.55864378
177.84197828 -37.55810228
177.84288734 -37.55756077
177.84379639 -37.55701926
177.84470543 -37.55647773
177.84561445 -37.55593620
177.84652346 -37.55539466
177.84743245 -37.55485312
177.84834143 -37.55431157
177.84925040 -37.55377001
177.85015935 -37.55322845
177.85106829 -37.55268687
177.85197722 -37.55214530
177.85288613 -37.55160371
177.85379503 -37.55106212
177.85470392 -37.55052052
177.85561279 -37.54997891
177.85652165 -37.54943730
177.85743050 -37.54889568
177.85833933 -37.54835405
177.85924815 -37.54781242
177.86015696 -37.54727078
177.86106575 -37.54672913
177.86197453 -37.54618747
177.86288330 -37.54564581
177.86379205 -37.54510414
177.86470079 -37.54456247
177.86560952 -37.54402078
177.86651823 -37.54347909
177.86742693 -37.54293740
177.86833561 -37.54239569
177.86924428 -37.54185398
177.87015294 -37.54131227
177.87106159 -37.54077054
177.87197022 -37.54022881
177.87287884 -37.53968707
177.87378744 -37.53914533
177.87469603 -37.53860358
177.87560461 -37.53806182
177.87651317 -37.53752005
177.87742172 -37.53697828
177.87833026 -37.53643650
177.87923879 -37.53589471
177.88014730 -37.53535292
177.88105579 -37.53481112
177.88196428 -37.53426931
177.88287275 -37.53372750
177.88378121 -37.53318568
177.88468965 -37.53264385
177.88559808 -37.53210202
177.88650650 -37.53156017
177.88741490 -37.53101833
177.88832329 -37.53047647
177.88923167 -37.52993461
177.89014003 -37.52939274
177.89104838 -37.52885086
177.89195671 -37.52830898
177.89286504 -37.52776709
177.89377334 -37.52722519
177.89468164 -37.52668329
177.89558992 -37.52614138
177.89649819 -37.52559946
177.89740645 -37.52505753
177.89831469 -37.52451560
177.89922292 -37.52397366
177.90013113 -37.52343172
177.90103934 -37.52288977
177.90194753 -37.52234781
177.90285571 -37.52180584
177.90376388 -37.52126386
177.90467203 -37.52072188
177.90558017 -37.52017989
177.90648830 -37.51963790
177.90739641 -37.51909590
177.90830451 -37.51855389
177.90921259 -37.51801187
177.91012066 -37.51746985
177.91102872 -37.51692782
177.91193677 -37.51638578
177.91284480 -37.51584374
177.91375282 -37.51530169
177.91466082 -37.51475963
177.91556881 -37.51421757
177.91647679 -37.51367550
177.91738476 -37.51313342
177.91829271 -37.51259134
177.91920065 -37.51204924
177.92010857 -37.51150714
177.92101648 -37.51096504
177.92192438 -37.51042293
177.92283226 -37.50988081
177.92374013 -37.50933868
177.92464799 -37.50879655
177.92555583 -37.50825441
177.92646366 -37.50771226
177.92737148 -37.50717011
177.92827929 -37.50662795
177.92918708 -37.50608578
177.93009485 -37.50554360
177.93100262 -37.50500142
177.93191037 -37.50445923
177.93281810 -37.50391704
177.93372582 -37.50337484
177.93463353 -37.50283263
177.93554123 -37.50229041
177.93644891 -37.50174819
177.93735658 -37.50120596
177.93826424 -37.50066372
177.93917188 -37.50012148
177.94007951 -37.49957923
177.94083822 -37.50025923
177.94159693 -37.50093923
177.94235567 -37.50161923
177.94311441 -37.50229922
177.94387317 -37.50297921
177.94463195 -37.50365919
177.94539074 -37.50433917
177.94614954 -37.50501914
177.94690836 -37.50569910
177.94766719 -37.50637906
177.94842604 -37.50705902
177.94918489 -37.50773897
177.94994377 -37.50841891
177.95070265 -37.50909885
177.95146156 -37.50977879
177.95222047 -37.51045872
177.95297940 -37.51113864
177.95373834 -37.51181856
177.95449730 -37.51249848
177.95525627 -37.51317839
177.95601526 -37.51385829
177.95677426 -37.51453819
177.95753327 -37.51521809
177.95829230 -37.51589798
177.95905134 -37.51657786
177.95981040 -37.51725774
177.96056947 -37.51793761
177.96132855 -37.51861748
177.96208765 -37.51929734
177.96284676 -37.51997720
177.96360589 -37.52065706
177.96436503 -37.52133690
177.96512418 -37.52201675
177.96588335 -37.52269659
177.96664253 -37.52337642
177.96740173 -37.52405625
177.96816094 -37.52473607
177.96892016 -37.52541589
177.96967940 -37.52609570
177.97043865 -37.52677551
177.97119792 -37.52745531
177.97195720 -37.52813511
177.97271649 -37.52881490
177.97347580 -37.52949468
177.97423512 -37.53017447
177.97499446 -37.53085424
177.97575381 -37.53153401
177.97651318 -37.53221378
177.97727256 -37.53289354
177.97803195 -37.53357330
177.97879136 -37.53425305
177.97955078 -37.53493279
177.98031021 -37.53561254
177.98106966 -37.53629227
177.98182912 -37.53697200
177.98162462 -37.53791076
177.98142010 -37.53884952
177.98166496 -37.53979240
177.98190983 -37.54073529
177.98215470 -37.54167818
177.98169140 -37.54277133
177.98122809 -37.54386448
177.98211299 -37.54497002
177.98299792 -37.54607556
177.98259938 -37.54702283
177.98220083 -37.54797010
177.98180227 -37.54891737
177.98140369 -37.54986464
177.98111337 -37.55100582
177.98082304 -37.55214701
177.98093776 -37.55333412
177.98105248 -37.55452123
177.98116721 -37.55570834
177.98199820 -37.55645056
177.98282921 -37.55719277
177.98423790 -37.55739153
177.98470943 -37.55813129
177.98423024 -37.55876705
177.98375104 -37.55940280
177.98409442 -37.56005150
177.98470443 -37.56047510
177.98531444 -37.56089870
177.98653432 -37.56131912
177.98710334 -37.56093867
177.98767236 -37.56055822
177.98823729 -37.56011870
177.98880220 -37.55967917
177.98983275 -37.55951542
177.99017866 -37.56021116
177.98977443 -37.56082137
177.98937018 -37.56143158
177.98888764 -37.56198598
177.98840509 -37.56254038
177.98832218 -37.56349194
177.98897309 -37.56429279
177.98978929 -37.56425694
177.99060549 -37.56422109
177.99109622 -37.56378481
177.99158695 -37.56334853
177.99122463 -37.56241653
177.99118367 -37.56182588
177.99176087 -37.56156353
177.99269220 -37.56211506
177.99303815 -37.56281080
177.99338411 -37.56350653
177.99461227 -37.56404500
177.99602206 -37.56398301
177.99743185 -37.56392100
177.99854396 -37.56372679
177.99965606 -37.56353258
178.00040222 -37.56282720
178.00114837 -37.56212182
178.00189451 -37.56141644
178.00264063 -37.56071104
178.00389588 -37.56018103
178.00463080 -37.56002997
178.00536573 -37.55987891
178.00628493 -37.56023402
178.00663705 -37.56100972
178.00736924 -37.56081920
178.00810142 -37.56062869
178.00909230 -37.56058500
178.01030879 -37.56092697
178.01103535 -37.56136966
178.01191616 -37.56117256
178.01278598 -37.56081769
178.01387594 -37.56076959
178.01489978 -37.56119914
178.01537873 -37.56094063
178.01579165 -37.56044766
178.01620457 -37.55995470
178.01716238 -37.56014977
178.01812019 -37.56034483
178.01923488 -37.56065164
178.02034958 -37.56095844
178.02173680 -37.56089713
178.02257904 -37.56085990
178.02342128 -37.56082267
178.02447545 -37.56097386
178.02552962 -37.56112504
178.02652049 -37.56108120
178.02751135 -37.56103736
178.02889856 -37.56097597
178.02981784 -37.56061878
178.03073711 -37.56026159
178.03174450 -37.56045435
178.03258681 -37.56112915
178.03338225 -37.56113347
178.03417770 -37.56113779
178.03481910 -37.56178192
178.03546051 -37.56242604
178.03646794 -37.56261876
178.03747538 -37.56281146
178.03858743 -37.56307865
178.03969949 -37.56334582
178.04077029 -37.56373350
178.04184111 -37.56412117
178.04203694 -37.56473903
178.04223278 -37.56535689
178.04335511 -37.56517152
178.04447742 -37.56498615
178.04550234 -37.56503101
178.04652726 -37.56507587
178.04738267 -37.56594160
178.04742372 -37.56652720
178.04746477 -37.56711279
178.04882926 -37.56714255
178.04991052 -37.56637152
178.05062723 -37.56606855
178.05134394 -37.56576557
178.05231259 -37.56662623
178.05247002 -37.56725184
178.05384084 -37.56737163
178.05401726 -37.56826751
178.05496700 -37.56885787
178.05591675 -37.56944823
178.05656422 -37.56896756
178.05709217 -37.56840183
178.05670517 -37.56774125
178.05631817 -37.56708068
178.05755050 -37.56684509
178.05836808 -37.56717019
178.05918566 -37.56749528
178.05980855 -37.56828091
178.06071400 -37.56824059
178.06161946 -37.56820026
178.06177698 -37.56882586
178.06092851 -37.56967700
178.06119921 -37.57029756
178.06214269 -37.57079777
178.06274030 -37.57122302
178.06333791 -37.57164826
178.06451414 -37.57222846
178.06478805 -37.57289405
178.06506196 -37.57355964
178.06649902 -37.57381189
178.06793609 -37.57406412
178.06906031 -37.57430769
178.07018454 -37.57455126
178.07130877 -37.57479481
178.07243301 -37.57503835
178.07350887 -37.57580369
178.07297465 -37.57627940
178.07179564 -37.57646759
178.07061662 -37.57665576
178.06948919 -37.57636715
178.06836177 -37.57607854
178.06723435 -37.57578991
178.06610695 -37.57550127
178.06570398 -37.57461550
178.06476676 -37.57420541
178.06364118 -37.57434594
178.06246915 -37.57382579
178.06129713 -37.57330563
178.06012513 -37.57278546
178.05910643 -37.57283082
178.05808773 -37.57287616
178.05645597 -37.57308434
178.05482421 -37.57329250
178.05412576 -37.57223909
178.05342734 -37.57118567
178.05314721 -37.57042996
178.05286710 -37.56967425
178.05215006 -37.56916390
178.05140201 -37.56982976
178.05110354 -37.57043045
178.05080507 -37.57103114
178.05014490 -37.57133160
178.04933995 -37.57118662
178.04901276 -37.57056855
178.04868557 -37.56995048
178.04793091 -37.56971289
178.04717626 -37.56947530
178.04653163 -37.56918762
178.04588702 -37.56889995
178.04502528 -37.56794411
178.04416357 -37.56698827
178.04312163 -37.56663660
178.04312052 -37.56663622
