177.73168216 -37.67933982
177.73096087 -37.67863207
177.73023960 -37.67792431
177.72951834 -37.67721655
177.72879709 -37.67650878
177.72807586 -37.67580101
177.72735465 -37.67509323
177.72663344 -37.67438545
177.72591225 -37.67367767
177.72519108 -37.67296987
177.72446992 -37.67226208
177.72374877 -37.67155428
177.72302764 -37.67084647
177.72230652 -37.67013866
177.72158541 -37.66943085
177.72086432 -37.66872303
177.72014325 -37.66801521
177.71942218 -37.66730738
177.71870113 -37.66659955
177.71798010 -37.66589171
177.71725908 -37.66518387
177.71653807 -37.66447602
177.71581707 -37.66376817
177.71509609 -37.66306031
177.71437513 -37.66235245
177.71365418 -37.66164459
177.71293324 -37.66093672
177.71221231 -37.66022884
177.71149141 -37.65952096
177.71077051 -37.65881308
177.71004963 -37.65810519
177.70932876 -37.65739730
177.70860790 -37.65668940
177.70788707 -37.65598150
177.70716624 -37.65527359
177.70644543 -37.65456568
177.70572463 -37.65385776
177.70500384 -37.65314984
177.70428307 -37.65244192
177.70356232 -37.65173399
177.70284157 -37.65102605
177.70212084 -37.65031811
177.70140013 -37.64961017
177.70067943 -37.64890222
177.69995874 -37.64819427
177.69923807 -37.64748631
177.69851741 -37.64677834
177.69779677 -37.64607037
177.69707614 -37.64536240
177.69635552 -37.64465442
177.69726673 -37.64411402
177.69817793 -37.64357362
177.69908911 -37.64303321
177.70000028 -37.64249279
177.70091144 -37.64195237
177.70182258 -37.64141193
177.70273371 -37.64087149
177.70364483 -37.64033104
177.70455593 -37.63979059
177.70546702 -37.63925013
177.70637810 -37.63870966
177.70728916 -37.63816918
177.70820021 -37.63762870
177.70911125 -37.63708821
177.71002227 -37.63654772
177.71093328 -37.63600721
177.71184428 -37.63546670
177.71275526 -37.63492619
177.71366623 -37.63438566
177.71457719 -37.63384513
177.71548813 -37.63330460
177.71639905 -37.63276405
177.71730997 -37.63222350
177.71822087 -37.63168294
177.71913176 -37.63114237
177.72004263 -37.63060180
177.72095350 -37.63006122
177.72186434 -37.62952064
177.72277518 -37.62898004
177.72368600 -37.62843944
177.72459681 -37.62789883
177.72550760 -37.62735822
177.72641838 -37.62681760
177.72732915 -37.62627697
177.72823990 -37.62573634
177.72915064 -37.62519569
177.73006137 -37.62465505
177.73097208 -37.62411439
177.73188278 -37.62357373
177.73279347 -37.62303306
177.73370414 -37.62249238
177.73461480 -37.62195170
177.73552544 -37.62141101
177.73643608 -37.62087031
177.73734670 -37.62032960
177.73825730 -37.61978889
177.73916789 -37.61924817
177.74007847 -37.61870745
177.74098904 -37.61816672
177.74189959 -37.61762598
177.74281013 -37.61708523
177.74372065 -37.61654448
177.74463116 -37.61600372
177.74554166 -37.61546295
177.74645214 -37.61492218
177.74736262 -37.61438140
177.74827307 -37.61384061
177.74918352 -37.61329981
177.75009395 -37.61275901
177.75100436 -37.61221820
177.75191477 -37.61167739
177.75282516 -37.61113656
177.75373553 -37.61059573
177.75464590 -37.61005490
177.75555625 -37.60951405
177.75646658 -37.60897321
177.75737691 -37.60843235
177.75828721 -37.60789148
177.75919751 -37.60735061
177.76010779 -37.60680973
177.76101806 -37.60626885
177.76192832 -37.60572796
177.76283856 -37.60518706
177.76374879 -37.60464615
177.76465900 -37.60410524
177.76556920 -37.60356432
177.76647939 -37.60302339
177.76738957 -37.60248246
177.76829973 -37.60194152
177.76920988 -37.60140057
177.77012001 -37.60085962
177.77103013 -37.60031866
177.77194024 -37.59977769
177.77285033 -37.59923671
177.77376041 -37.59869573
177.77467048 -37.59815474
177.77558054 -37.59761375
177.77649058 -37.59707274
177.77740060 -37.59653173
177.77831062 -37.59599072
177.77922062 -37.59544969
177.78013061 -37.59490866
177.78104058 -37.59436762
177.78195054 -37.59382658
177.78286049 -37.59328553
177.78377042 -37.59274447
177.78468034 -37.59220340
177.78559025 -37.59166233
177.78650014 -37.59112125
177.78741002 -37.59058016
177.78831989 -37.59003907
177.78922974 -37.58949797
177.79013958 -37.58895686
177.79104940 -37.58841575
177.79195922 -37.58787463
177.79286902 -37.58733350
177.79377880 -37.58679237
177.79468857 -37.58625122
177.79559833 -37.58571008
177.79650808 -37.58516892
177.79741781 -37.58462776
177.79832753 -37.58408659
177.79923723 -37.58354541
177.80014692 -37.58300423
177.80105660 -37.58246304
177.80196627 -37.58192184
177.80287592 -37.58138064
177.80378556 -37.58083942
177.80469519 -37.58029821
177.80560480 -37.57975698
177.80651440 -37.57921575
177.80742398 -37.57867451
177.80833356 -37.57813326
177.80924312 -37.57759201
177.81015266 -37.57705075
177.81106219 -37.57650948
177.81197171 -37.57596821
177.81288122 -37.57542693
177.81379071 -37.57488564
177.81470019 -37.57434435
177.81560965 -37.57380304
177.81651910 -37.57326174
177.81742854 -37.57272042
177.81833796 -37.57217910
177.81924738 -37.57163777
177.82015677 -37.57109643
177.82106616 -37.57055509
177.82197553 -37.57001374
177.82288488 -37.56947238
177.82379423 -37.56893102
177.82470356 -37.56838965
177.82561288 -37.56784827
177.82652218 -37.56730688
177.82743147 -37.56676549
177.82834075 -37.56622409
177.82925001 -37.56568269
177.83015926 -37.56514128
177.83106850 -37.56459986
177.83197772 -37.56405843
177.83288693 -37.56351700
177.83379612 -37.56297556
177.83470531 -37.56243411
177.83561448 -37.56189265
177.83652363 -37.56135119
177.83743277 -37.56080972
177.83834190 -37.56026825
177.83925102 -37.55972677
177.84016012 -37.55918528
177.84106921 -37.55864378
177.84197828 -37.55810228
177.84288734 -37.55756077
177.84379639 -37.55701926
177.84470543 -37.55647773
177.84561445 -37.55593620
177.84652346 -37.55539466
177.84743245 -37.55485312
177.84834143 -37.55431157
177.84925040 -37.55377001
177.85015935 -37.55322845
177.85106829 -37.55268687
177.85197722 -37.55214530
177.85288613 -37.55160371
177.85379503 -37.55106212
177.85470392 -37.55052052
177.85561279 -37.54997891
177.85652165 -37.54943730
177.85743050 -37.54889568
177.85833933 -37.54835405
177.85924815 -37.54781242
177.86015696 -37.54727078
177.86106575 -37.54672913
177.86197453 -37.54618747
177.86288330 -37.54564581
177.86379205 -37.54510414
177.86470079 -37.54456247
177.86560952 -37.54402078
177.86651823 -37.54347909
177.86742693 -37.54293740
177.86833561 -37.54239569
177.86924428 -37.54185398
177.87015294 -37.54131227
177.87106159 -37.54077054
177.87197022 -37.54022881
177.87287884 -37.53968707
177.87378744 -37.53914533
177.87469603 -37.53860358
177.87560461 -37.53806182
177.87651317 -37.53752005
177.87742172 -37.53697828
177.87833026 -37.53643650
177.87923879 -37.53589471
177.88014730 -37.53535292
177.88105579 -37.53481112
177.88196428 -37.53426931
177.88287275 -37.53372750
177.88378121 -37.53318568
177.88468965 -37.53264385
177.88559808 -37.53210202
177.88650650 -37.53156017
177.88741490 -37.53101833
177.88832329 -37.53047647
177.88923167 -37.52993461
177.89014003 -37.52939274
177.89104838 -37.52885086
177.89195671 -37.52830898
177.89286504 -37.52776709
177.89377334 -37.52722519
177.89468164 -37.52668329
177.89558992 -37.52614138
177.89649819 -37.52559946
177.89740645 -37.52505753
177.89831469 -37.52451560
177.89922292 -37.52397366
177.90013113 -37.52343172
177.90103934 -37.52288977
177.90194753 -37.52234781
177.90285571 -37.52180584
177.90376388 -37.52126386
177.90467203 -37.52072188
177.90558017 -37.52017989
177.90648830 -37.51963790
177.90739641 -37.51909590
177.90830451 -37.51855389
177.90921259 -37.51801187
177.91012066 -37.51746985
177.91102872 -37.51692782
177.91193677 -37.51638578
177.91284480 -37.51584374
177.91375282 -37.51530169
177.91466082 -37.51475963
177.91556881 -37.51421757
177.91647679 -37.51367550
177.91738476 -37.51313342
177.91829271 -37.51259134
177.91920065 -37.51204924
177.92010857 -37.51150714
177.92101648 -37.51096504
177.92192438 -37.51042293
177.92283226 -37.50988081
177.92374013 -37.50933868
177.92464799 -37.50879655
177.92555583 -37.50825441
177.92646366 -37.50771226
177.92737148 -37.50717011
177.92827929 -37.50662795
177.92918708 -37.50608578
177.93009485 -37.50554360
177.93100262 -37.50500142
177.93191037 -37.50445923
177.93281810 -37.50391704
177.93372582 -37.50337484
177.93463353 -37.50283263
177.93554123 -37.50229041
177.93644891 -37.50174819
177.93735658 -37.50120596
177.93826424 -37.50066372
177.93917188 -37.50012148
177.94007951 -37.49957923
177.94083822 -37.50025923
177.94159693 -37.50093923
177.94235567 -37.50161923
177.94311441 -37.50229922
177.94387317 -37.50297921
177.94463195 -37.50365919
177.94539074 -37.50433917
177.94614954 -37.50501914
177.94690836 -37.50569910
177.94766719 -37.50637906
177.94842604 -37.50705902
177.94918489 -37.50773897
177.94994377 -37.50841891
177.95070265 -37.50909885
177.95146156 -37.50977879
177.95222047 -37.51045872
177.95297940 -37.51113864
177.95373834 -37.51181856
177.95449730 -37.51249848
177.95525627 -37.51317839
177.95601526 -37.51385829
177.95677426 -37.51453819
177.95753327 -37.51521809
177.95829230 -37.51589798
177.95905134 -37.51657786
177.95981040 -37.51725774
177.96056947 -37.51793761
177.96132855 -37.51861748
177.96208765 -37.51929734
177.96284676 -37.51997720
177.96360589 -37.52065706
177.96436503 -37.52133690
177.96512418 -37.52201675
177.96588335 -37.52269659
177.96664253 -37.52337642
177.96740173 -37.52405625
177.96816094 -37.52473607
177.96892016 -37.52541589
177.96967940 -37.52609570
177.97043865 -37.52677551
177.97119792 -37.52745531
177.97195720 -37.52813511
177.97271649 -37.52881490
177.97347580 -37.52949468
177.97423512 -37.53017447
177.97499446 -37.53085424
177.97575381 -37.53153401
177.97651318 -37.53221378
177.97727256 -37.53289354
177.97803195 -37.53357330
177.97879136 -37.53425305
177.97955078 -37.53493279
177.98031021 -37.53561254
177.98106966 -37.53629227
177.98182912 -37.53697200
