171.215618 -44.500000
171.216875 -44.500000
171.218133 -44.500000
171.219390 -44.500000
171.220648 -44.500000
171.221905 -44.500000
171.223163 -44.500000
171.224420 -44.500000
171.225677 -44.500000
171.226935 -44.500000
171.228192 -44.500000
171.229450 -44.500000
171.230707 -44.500000
171.231965 -44.500000
171.233222 -44.500000
171.234480 -44.500000
171.235737 -44.500000
171.236994 -44.500000
171.238252 -44.500000
171.239509 -44.500000
171.240767 -44.500000
171.242024 -44.500000
171.243282 -44.500000
171.244539 -44.500000
171.245796 -44.500000
171.247054 -44.500000
171.248311 -44.500000
171.249569 -44.500000
171.250826 -44.500000
171.252084 -44.500000
171.253341 -44.500000
171.254599 -44.500000
171.255856 -44.500000
171.257113 -44.500000
171.258371 -44.500000
171.259628 -44.500000
171.260886 -44.500000
171.262143 -44.500000
171.263401 -44.500000
171.264658 -44.500000
171.265915 -44.500000
171.267173 -44.500000
171.268430 -44.500000
171.269688 -44.500000
171.270945 -44.500000
171.272203 -44.500000
171.273460 -44.500000
171.274718 -44.500000
171.275975 -44.500000
171.277232 -44.500000
171.278490 -44.500000
171.279747 -44.500000
171.281005 -44.500000
171.282262 -44.500000
171.283520 -44.500000
171.284777 -44.500000
171.286034 -44.500000
171.287292 -44.500000
171.288549 -44.500000
171.289807 -44.500000
171.291064 -44.500000
171.292322 -44.500000
171.293579 -44.500000
171.294836 -44.500000
171.296094 -44.500000
171.297351 -44.500000
171.298609 -44.500000
171.299866 -44.500000
171.301124 -44.500000
171.302381 -44.500000
171.303638 -44.500000
171.304896 -44.500000
171.306153 -44.500000
171.307411 -44.500000
171.308668 -44.500000
171.309926 -44.500000
171.311183 -44.500000
171.312441 -44.500000
171.313698 -44.500000
171.314955 -44.500000
171.316213 -44.500000
171.317470 -44.500000
171.318728 -44.500000
171.319985 -44.500000
171.321243 -44.500000
171.322500 -44.500000
171.323757 -44.500000
171.325015 -44.500000
171.326272 -44.500000
171.327530 -44.500000
171.328787 -44.500000
171.330045 -44.500000
171.331302 -44.500000
171.332559 -44.500000
171.333817 -44.500000
171.335074 -44.500000
171.336332 -44.500000
171.337589 -44.500000
171.338847 -44.500000
171.340104 -44.500000
171.341361 -44.500000
171.342619 -44.500000
171.343876 -44.500000
171.345134 -44.500000
171.346391 -44.500000
171.347649 -44.500000
171.348906 -44.500000
171.350163 -44.500000
171.351421 -44.500000
171.352678 -44.500000
171.353936 -44.500000
171.355193 -44.500000
171.356450 -44.500000
171.357708 -44.500000
171.358965 -44.500000
171.360223 -44.500000
171.361480 -44.500000
171.362738 -44.500000
171.363995 -44.500000
171.365252 -44.500000
171.366510 -44.500000
171.367767 -44.500000
171.369025 -44.500000
171.370282 -44.500000
171.371540 -44.500000
171.372797 -44.500000
171.374054 -44.500000
171.375312 -44.500000
171.376569 -44.500000
171.377827 -44.500000
171.379084 -44.500000
171.380342 -44.500000
171.381599 -44.500000
171.382856 -44.500000
171.384114 -44.500000
171.385371 -44.500000
171.386629 -44.500000
171.387886 -44.500000
171.389143 -44.500000
171.390401 -44.500000
171.391658 -44.500000
171.392916 -44.500000
171.394173 -44.500000
171.395431 -44.500000
171.396688 -44.500000
171.397945 -44.500000
171.399203 -44.500000
171.400460 -44.500000
171.401718 -44.500000
171.402975 -44.500000
171.404233 -44.500000
171.405490 -44.500000
171.406747 -44.500000
171.408005 -44.500000
171.409262 -44.500000
171.410520 -44.500000
171.411777 -44.500000
171.413034 -44.500000
171.414292 -44.500000
171.415549 -44.500000
171.416807 -44.500000
171.418064 -44.500000
171.419322 -44.500000
171.420579 -44.500000
171.421836 -44.500000
171.423094 -44.500000
171.424351 -44.500000
171.425609 -44.500000
171.426866 -44.500000
171.428124 -44.500000
171.429381 -44.500000
171.430638 -44.500000
171.431896 -44.500000
171.433153 -44.500000
171.434411 -44.500000
171.435668 -44.500000
171.436925 -44.500000
171.438183 -44.500000
171.439440 -44.500000
171.440698 -44.500000
171.441955 -44.500000
171.443213 -44.500000
171.444470 -44.500000
171.445727 -44.500000
171.446985 -44.500000
171.448242 -44.500000
171.449500 -44.500000
171.450757 -44.500000
171.452014 -44.500000
171.453272 -44.500000
171.454529 -44.500000
171.455787 -44.500000
171.457044 -44.500000
171.458301 -44.500000
171.459559 -44.500000
171.460816 -44.500000
171.462074 -44.500000
171.463331 -44.500000
171.464589 -44.500000
171.465846 -44.500000
171.467103 -44.500000
171.468361 -44.500000
171.469618 -44.500000
171.470876 -44.500000
171.472133 -44.500000
171.473390 -44.500000
171.474648 -44.500000
171.475905 -44.500000
171.477163 -44.500000
171.478420 -44.500000
171.479677 -44.500000
171.480935 -44.500000
171.482192 -44.500000
171.483450 -44.500000
171.484707 -44.500000
171.485965 -44.500000
171.487222 -44.500000
171.488479 -44.500000
171.489737 -44.500000
171.490994 -44.500000
171.492252 -44.500000
171.493509 -44.500000
171.494766 -44.500000
171.496024 -44.500000
171.497281 -44.500000
171.498539 -44.500000
171.499796 -44.500000
171.501053 -44.500000
171.502311 -44.500000
171.503568 -44.500000
171.504826 -44.500000
171.506083 -44.500000
171.507340 -44.500000
171.508598 -44.500000
171.509855 -44.500000
171.511113 -44.500000
171.512370 -44.500000
171.513628 -44.500000
171.514885 -44.500000
171.516142 -44.500000
171.517400 -44.500000
171.518657 -44.500000
171.519915 -44.500000
171.521172 -44.500000
171.522429 -44.500000
171.523687 -44.500000
171.524944 -44.500000
171.526202 -44.500000
171.527459 -44.500000
171.528716 -44.500000
171.529974 -44.500000
171.531231 -44.500000
171.532489 -44.500000
171.533746 -44.500000
171.535003 -44.500000
171.536261 -44.500000
171.537518 -44.500000
171.538776 -44.500000
171.540033 -44.500000
171.541290 -44.500000
171.542548 -44.500000
171.543805 -44.500000
171.545063 -44.500000
171.546320 -44.500000
171.547577 -44.500000
171.548835 -44.500000
171.550092 -44.500000
171.551350 -44.500000
171.552607 -44.500000
171.553864 -44.500000
171.555122 -44.500000
171.556379 -44.500000
171.557637 -44.500000
171.558894 -44.500000
171.560151 -44.500000
171.561409 -44.500000
171.562666 -44.500000
171.563924 -44.500000
171.565181 -44.500000
171.566438 -44.500000
171.567696 -44.500000
171.568953 -44.500000
171.570211 -44.500000
171.571468 -44.500000
171.572725 -44.500000
171.573983 -44.500000
171.575240 -44.500000
171.576498 -44.500000
171.577755 -44.500000
171.579012 -44.500000
171.580270 -44.500000
171.581527 -44.500000
171.582785 -44.500000
171.584042 -44.500000
171.585299 -44.500000
171.586557 -44.500000
171.587814 -44.500000
171.589072 -44.500000
171.590329 -44.500000
171.591586 -44.500000
171.592844 -44.500000
171.594101 -44.500000
171.595358 -44.500000
171.596616 -44.500000
171.597873 -44.500000
171.599131 -44.500000
171.600388 -44.500000
171.601645 -44.500000
171.602903 -44.500000
171.604160 -44.500000
171.605418 -44.500000
171.606675 -44.500000
171.607932 -44.500000
171.609190 -44.500000
171.610447 -44.500000
171.611705 -44.500000
171.612962 -44.500000
171.614219 -44.500000
171.615477 -44.500000
171.616734 -44.500000
171.617992 -44.500000
171.619249 -44.500000
171.620506 -44.500000
171.621764 -44.500000
171.623021 -44.500000
171.624278 -44.500000
171.625536 -44.500000
171.626793 -44.500000
171.628051 -44.500000
171.629308 -44.500000
171.630565 -44.500000
171.631823 -44.500000
171.633080 -44.500000
171.634338 -44.500000
171.635595 -44.500000
171.636852 -44.500000
171.638110 -44.500000
171.639367 -44.500000
171.640625 -44.500000
171.641882 -44.500000
171.643139 -44.500000
171.644397 -44.500000
171.645654 -44.500000
171.646911 -44.500000
171.648169 -44.500000
171.649426 -44.500000
171.650684 -44.500000
171.651941 -44.500000
171.653198 -44.500000
171.654456 -44.500000
171.655713 -44.500000
171.656971 -44.500000
171.658228 -44.500000
171.659485 -44.500000
171.660743 -44.500000
171.662000 -44.500000
171.663257 -44.500000
171.664515 -44.500000
171.665772 -44.500000
171.667030 -44.500000
171.668287 -44.500000
171.669544 -44.500000
171.670802 -44.500000
171.672059 -44.500000
171.673316 -44.500000
171.674574 -44.500000
171.675831 -44.500000
171.677089 -44.500000
171.678346 -44.500000
171.679603 -44.500000
171.680861 -44.500000
171.682118 -44.500000
171.683376 -44.500000
171.684633 -44.500000
171.685890 -44.500000
171.687148 -44.500000
171.688405 -44.500000
171.689662 -44.500000
171.690920 -44.500000
171.692177 -44.500000
171.693435 -44.500000
171.694692 -44.500000
171.695949 -44.500000
171.697207 -44.500000
171.698464 -44.500000
171.699721 -44.500000
171.700979 -44.500000
171.702236 -44.500000
171.703494 -44.500000
171.704751 -44.500000
171.706008 -44.500000
171.707266 -44.500000
171.708523 -44.500000
171.709780 -44.500000
171.711038 -44.500000
171.712295 -44.500000
171.713553 -44.500000
171.714810 -44.500000
171.716067 -44.500000
171.717325 -44.500000
171.718582 -44.500000
171.719839 -44.500000
171.721097 -44.500000
171.722354 -44.500000
171.723612 -44.500000
171.724869 -44.500000
171.726126 -44.500000
171.727384 -44.500000
171.728641 -44.500000
171.729898 -44.500000
171.731156 -44.500000
171.732413 -44.500000
171.733671 -44.500000
171.734928 -44.500000
171.736185 -44.500000
171.737443 -44.500000
171.738700 -44.500000
171.739957 -44.500000
171.741215 -44.500000
171.742472 -44.500000
171.743729 -44.500000
171.744987 -44.500000
171.746244 -44.500000
171.747502 -44.500000
171.748759 -44.500000
171.750016 -44.500000
171.751274 -44.500000
171.752531 -44.500000
171.753788 -44.500000
171.755046 -44.500000
171.756303 -44.500000
171.757561 -44.500000
171.758818 -44.500000
171.760075 -44.500000
171.761333 -44.500000
171.762590 -44.500000
171.763847 -44.500000
171.765105 -44.500000
171.766362 -44.500000
171.767619 -44.500000
171.768877 -44.500000
171.770134 -44.500000
171.771392 -44.500000
171.772649 -44.500000
171.773906 -44.500000
171.775164 -44.500000
171.776421 -44.500000
171.777678 -44.500000
171.778936 -44.500000
171.780193 -44.500000
171.781450 -44.500000
171.782708 -44.500000
171.783965 -44.500000
171.785223 -44.500000
171.786480 -44.500000
171.787737 -44.500000
171.788995 -44.500000
171.790252 -44.500000
171.791509 -44.500000
171.792767 -44.500000
171.794024 -44.500000
171.795281 -44.500000
171.796539 -44.500000
171.797796 -44.500000
171.799053 -44.500000
171.800311 -44.500000
171.801568 -44.500000
171.802826 -44.500000
171.804083 -44.500000
171.805340 -44.500000
171.806598 -44.500000
171.807855 -44.500000
171.809112 -44.500000
171.810370 -44.500000
171.811627 -44.500000
171.812884 -44.500000
171.814142 -44.500000
171.815399 -44.500000
171.816656 -44.500000
171.817914 -44.500000
171.819171 -44.500000
171.820429 -44.500000
171.821686 -44.500000
171.822943 -44.500000
171.824201 -44.500000
171.825458 -44.500000
171.826715 -44.500000
171.827973 -44.500000
171.829230 -44.500000
171.830487 -44.500000
171.831745 -44.500000
171.833002 -44.500000
171.834259 -44.500000
171.835517 -44.500000
171.836774 -44.500000
171.838032 -44.500000
171.839289 -44.500000
171.840546 -44.500000
171.841804 -44.500000
171.843061 -44.500000
171.844318 -44.500000
171.845576 -44.500000
171.846833 -44.500000
171.848090 -44.500000
171.849348 -44.500000
171.850605 -44.500000
171.851862 -44.500000
171.853120 -44.500000
171.854377 -44.500000
171.855634 -44.500000
171.856892 -44.500000
171.858149 -44.500000
171.859406 -44.500000
171.860664 -44.500000
171.861921 -44.500000
171.863179 -44.500000
171.864436 -44.500000
171.865693 -44.500000
171.866951 -44.500000
171.868208 -44.500000
171.869465 -44.500000
171.870723 -44.500000
171.871980 -44.500000
171.873237 -44.500000
171.874495 -44.500000
171.875752 -44.500000
171.877009 -44.500000
171.878267 -44.500000
171.879524 -44.500000
171.880781 -44.500000
171.882039 -44.500000
171.883296 -44.500000
171.884553 -44.500000
171.885811 -44.500000
171.887068 -44.500000
171.888325 -44.500000
171.889583 -44.500000
171.890840 -44.500000
171.892097 -44.500000
171.893355 -44.500000
171.894612 -44.500000
171.895870 -44.500000
171.897127 -44.500000
171.898384 -44.500000
171.899642 -44.500000
171.900899 -44.500000
171.902156 -44.500000
171.903414 -44.500000
171.904671 -44.500000
171.905928 -44.500000
171.907186 -44.500000
171.908443 -44.500000
171.909700 -44.500000
171.910958 -44.500000
171.912215 -44.500000
171.913472 -44.500000
171.914730 -44.500000
171.915987 -44.500000
171.917244 -44.500000
171.918502 -44.500000
171.919759 -44.500000
171.921016 -44.500000
171.922274 -44.500000
171.923531 -44.500000
171.924788 -44.500000
171.926046 -44.500000
171.927303 -44.500000
171.928560 -44.500000
171.929818 -44.500000
171.931075 -44.500000
171.932332 -44.500000
171.933590 -44.500000
171.934847 -44.500000
171.936104 -44.500000
171.937362 -44.500000
171.938619 -44.500000
171.939876 -44.500000
171.941134 -44.500000
171.942391 -44.500000
171.943648 -44.500000
171.944906 -44.500000
171.946163 -44.500000
171.947420 -44.500000
171.948678 -44.500000
171.949935 -44.500000
171.951192 -44.500000
171.952450 -44.500000
171.953707 -44.500000
171.954964 -44.500000
171.956222 -44.500000
171.957479 -44.500000
171.958736 -44.500000
171.959994 -44.500000
171.961251 -44.500000
171.962508 -44.500000
171.963766 -44.500000
171.965023 -44.500000
171.966280 -44.500000
171.967538 -44.500000
171.968795 -44.500000
171.970052 -44.500000
171.971310 -44.500000
171.972567 -44.500000
171.973824 -44.500000
171.975082 -44.500000
171.976339 -44.500000
171.977596 -44.500000
171.978854 -44.500000
171.980111 -44.500000
171.981368 -44.500000
171.982626 -44.500000
171.983883 -44.500000
171.985140 -44.500000
171.986398 -44.500000
171.987655 -44.500000
171.988912 -44.500000
171.990170 -44.500000
171.991427 -44.500000
171.992684 -44.500000
171.993941 -44.500000
171.995199 -44.500000
171.996456 -44.500000
171.997713 -44.500000
171.998971 -44.500000
172.000228 -44.500000
172.001485 -44.500000
172.002743 -44.500000
172.004000 -44.500000
172.005257 -44.500000
172.006515 -44.500000
172.007772 -44.500000
172.009029 -44.500000
172.010287 -44.500000
172.011544 -44.500000
172.012801 -44.500000
172.014059 -44.500000
172.015316 -44.500000
172.016573 -44.500000
172.017831 -44.500000
172.019088 -44.500000
172.020345 -44.500000
172.021603 -44.500000
172.022860 -44.500000
172.024117 -44.500000
172.025375 -44.500000
172.026632 -44.500000
172.027889 -44.500000
172.029146 -44.500000
172.030404 -44.500000
172.031661 -44.500000
172.032918 -44.500000
172.034176 -44.500000
172.035433 -44.500000
172.036690 -44.500000
172.037948 -44.500000
172.039205 -44.500000
172.040462 -44.500000
172.041720 -44.500000
172.042977 -44.500000
172.044234 -44.500000
172.045492 -44.500000
172.046749 -44.500000
172.048006 -44.500000
172.049263 -44.500000
172.050521 -44.500000
172.051778 -44.500000
172.053035 -44.500000
172.054293 -44.500000
172.055550 -44.500000
172.056807 -44.500000
172.058065 -44.500000
172.059322 -44.500000
172.060579 -44.500000
172.061837 -44.500000
172.063094 -44.500000
172.064351 -44.500000
172.065609 -44.500000
172.066866 -44.500000
172.068123 -44.500000
172.069380 -44.500000
172.070638 -44.500000
172.071895 -44.500000
172.073152 -44.500000
172.074410 -44.500000
172.075667 -44.500000
172.076924 -44.500000
172.078182 -44.500000
172.079439 -44.500000
172.080696 -44.500000
172.081954 -44.500000
172.083211 -44.500000
172.084468 -44.500000
172.085725 -44.500000
172.086983 -44.500000
172.088240 -44.500000
172.089497 -44.500000
172.090755 -44.500000
172.092012 -44.500000
172.093269 -44.500000
172.094527 -44.500000
172.095784 -44.500000
172.097041 -44.500000
172.098299 -44.500000
172.099556 -44.500000
172.100813 -44.500000
172.102070 -44.500000
172.103328 -44.500000
172.104585 -44.500000
172.105842 -44.500000
172.107100 -44.500000
172.108357 -44.500000
172.109614 -44.500000
172.110872 -44.500000
172.112129 -44.500000
172.113386 -44.500000
172.114643 -44.500000
172.115901 -44.500000
172.117158 -44.500000
172.118415 -44.500000
172.119673 -44.500000
172.120930 -44.500000
172.122187 -44.500000
172.123445 -44.500000
172.124702 -44.500000
172.125959 -44.500000
172.127216 -44.500000
172.128474 -44.500000
172.129731 -44.500000
172.130988 -44.500000
172.132246 -44.500000
172.133503 -44.500000
172.134760 -44.500000
172.136017 -44.500000
172.137275 -44.500000
172.138532 -44.500000
172.139789 -44.500000
172.141047 -44.500000
172.142304 -44.500000
172.143561 -44.500000
172.144819 -44.500000
172.146076 -44.500000
172.147333 -44.500000
172.148590 -44.500000
172.149848 -44.500000
172.151105 -44.500000
172.152362 -44.500000
172.153620 -44.500000
172.154877 -44.500000
172.156134 -44.500000
172.157391 -44.500000
172.158649 -44.500000
172.159906 -44.500000
172.161163 -44.500000
172.162421 -44.500000
172.163678 -44.500000
172.164935 -44.500000
172.166193 -44.500000
172.167450 -44.500000
172.168707 -44.500000
172.169964 -44.500000
172.171222 -44.500000
172.172479 -44.500000
172.173736 -44.500000
172.174994 -44.500000
172.176251 -44.500000
172.177508 -44.500000
172.178765 -44.500000
172.180023 -44.500000
172.181280 -44.500000
172.182537 -44.500000
172.183795 -44.500000
172.185052 -44.500000
172.186309 -44.500000
172.187566 -44.500000
172.188824 -44.500000
172.190081 -44.500000
172.191338 -44.500000
172.192596 -44.500000
172.193853 -44.500000
172.195110 -44.500000
172.196367 -44.500000
172.197625 -44.500000
172.198882 -44.500000
172.200139 -44.500000
172.201397 -44.500000
172.202654 -44.500000
172.203911 -44.500000
172.205168 -44.500000
172.206426 -44.500000
172.207683 -44.500000
172.208940 -44.500000
172.210197 -44.500000
172.211455 -44.500000
172.212712 -44.500000
172.213969 -44.500000
172.215227 -44.500000
172.216484 -44.500000
172.217741 -44.500000
172.218998 -44.500000
172.220256 -44.500000
172.221513 -44.500000
172.222770 -44.500000
172.224028 -44.500000
172.225285 -44.500000
172.226542 -44.500000
172.227799 -44.500000
172.229057 -44.500000
172.230314 -44.500000
172.231571 -44.500000
172.232828 -44.500000
172.234086 -44.500000
172.235343 -44.500000
172.236600 -44.500000
172.237858 -44.500000
172.239115 -44.500000
172.240372 -44.500000
172.241629 -44.500000
172.242887 -44.500000
172.244144 -44.500000
172.245401 -44.500000
172.246658 -44.500000
172.247916 -44.500000
172.249173 -44.500000
172.250430 -44.500000
172.251688 -44.500000
172.252945 -44.500000
172.254202 -44.500000
172.255459 -44.500000
172.256717 -44.500000
172.257974 -44.500000
172.259231 -44.500000
172.260488 -44.500000
172.261746 -44.500000
172.263003 -44.500000
172.264260 -44.500000
172.265518 -44.500000
172.266775 -44.500000
172.268032 -44.500000
172.269289 -44.500000
172.270547 -44.500000
172.271804 -44.500000
172.273061 -44.500000
172.274318 -44.500000
172.275576 -44.500000
172.276833 -44.500000
172.278090 -44.500000
172.279347 -44.500000
172.280605 -44.500000
172.281862 -44.500000
172.283119 -44.500000
172.284377 -44.500000
172.285634 -44.500000
172.286891 -44.500000
172.288148 -44.500000
172.289406 -44.500000
172.290663 -44.500000
172.291920 -44.500000
172.293177 -44.500000
172.294435 -44.500000
172.295692 -44.500000
172.296949 -44.500000
172.298206 -44.500000
172.299464 -44.500000
172.300721 -44.500000
172.301978 -44.500000
172.303235 -44.500000
172.304493 -44.500000
172.305750 -44.500000
172.307007 -44.500000
172.308264 -44.500000
172.309522 -44.500000
172.310779 -44.500000
172.312036 -44.500000
172.313294 -44.500000
172.314551 -44.500000
172.315808 -44.500000
172.317065 -44.500000
172.318323 -44.500000
172.319580 -44.500000
172.320837 -44.500000
172.322094 -44.500000
172.323352 -44.500000
172.324609 -44.500000
172.325866 -44.500000
172.327123 -44.500000
172.328381 -44.500000
172.329638 -44.500000
172.330895 -44.500000
172.332152 -44.500000
172.333410 -44.500000
172.334667 -44.500000
172.335924 -44.500000
172.337181 -44.500000
172.338439 -44.500000
172.339696 -44.500000
172.340953 -44.500000
172.342210 -44.500000
172.343468 -44.500000
172.344725 -44.500000
172.345982 -44.500000
172.347239 -44.500000
172.348497 -44.500000
172.349754 -44.500000
172.351011 -44.500000
172.352268 -44.500000
172.353526 -44.500000
172.354783 -44.500000
172.356040 -44.500000
172.357297 -44.500000
172.358555 -44.500000
172.359812 -44.500000
172.361069 -44.500000
172.362326 -44.500000
172.363584 -44.500000
172.364841 -44.500000
172.366098 -44.500000
172.367355 -44.500000
172.368613 -44.500000
172.369870 -44.500000
172.371127 -44.500000
172.372384 -44.500000
172.373642 -44.500000
172.374899 -44.500000
172.376156 -44.500000
172.377413 -44.500000
172.378671 -44.500000
172.379928 -44.500000
172.381185 -44.500000
172.382442 -44.500000
172.383699 -44.500000
172.384957 -44.500000
172.386214 -44.500000
172.387471 -44.500000
172.388728 -44.500000
172.389986 -44.500000
172.391243 -44.500000
172.392500 -44.500000
172.393757 -44.500000
172.395015 -44.500000
172.396272 -44.500000
172.397529 -44.500000
172.398786 -44.500000
172.400044 -44.500000
172.401301 -44.500000
172.402558 -44.500000
172.403815 -44.500000
172.405073 -44.500000
172.406330 -44.500000
172.407587 -44.500000
172.408844 -44.500000
172.410102 -44.500000
172.411359 -44.500000
172.412616 -44.500000
172.413873 -44.500000
172.415130 -44.500000
172.416388 -44.500000
172.417645 -44.500000
172.418902 -44.500000
172.420159 -44.500000
172.421417 -44.500000
172.422674 -44.500000
172.423931 -44.500000
172.425188 -44.500000
172.426446 -44.500000
172.427703 -44.500000
172.428960 -44.500000
172.430217 -44.500000
172.431474 -44.500000
172.432732 -44.500000
172.433989 -44.500000
172.435246 -44.500000
172.436503 -44.500000
172.437761 -44.500000
172.439018 -44.500000
172.440275 -44.500000
172.441532 -44.500000
172.442790 -44.500000
172.444047 -44.500000
172.445304 -44.500000
172.446561 -44.500000
172.447818 -44.500000
172.449076 -44.500000
172.450333 -44.500000
172.451590 -44.500000
172.452847 -44.500000
172.454105 -44.500000
172.455362 -44.500000
172.456619 -44.500000
172.457876 -44.500000
172.459134 -44.500000
172.460391 -44.500000
172.461648 -44.500000
172.462905 -44.500000
172.464162 -44.500000
172.465420 -44.500000
172.466677 -44.500000
172.467934 -44.500000
172.469191 -44.500000
172.470449 -44.500000
172.471706 -44.500000
172.472963 -44.500000
172.474220 -44.500000
172.475477 -44.500000
172.476735 -44.500000
172.477992 -44.500000
172.479249 -44.500000
172.480506 -44.500000
172.481763 -44.500000
172.483021 -44.500000
172.484278 -44.500000
172.485535 -44.500000
172.486792 -44.500000
172.488050 -44.500000
172.489307 -44.500000
172.490564 -44.500000
172.491821 -44.500000
172.493078 -44.500000
172.494336 -44.500000
172.495593 -44.500000
172.496850 -44.500000
172.498107 -44.500000
172.499365 -44.500000
172.500622 -44.500000
172.501879 -44.500000
172.503136 -44.500000
172.504393 -44.500000
172.505651 -44.500000
172.506908 -44.500000
172.508165 -44.500000
172.509422 -44.500000
172.510679 -44.500000
172.511937 -44.500000
172.513194 -44.500000
172.514451 -44.500000
172.515708 -44.500000
172.516966 -44.500000
172.518223 -44.500000
172.519480 -44.500000
172.520737 -44.500000
172.521994 -44.500000
172.523252 -44.500000
172.524509 -44.500000
172.525766 -44.500000
172.527023 -44.500000
172.528280 -44.500000
172.529538 -44.500000
172.530795 -44.500000
172.532052 -44.500000
172.533309 -44.500000
172.534566 -44.500000
172.535824 -44.500000
172.537081 -44.500000
172.538338 -44.500000
172.539595 -44.500000
172.540852 -44.500000
172.542110 -44.500000
172.543367 -44.500000
172.544624 -44.500000
172.545881 -44.500000
172.547138 -44.500000
172.548396 -44.500000
172.549653 -44.500000
172.550910 -44.500000
172.552167 -44.500000
172.553424 -44.500000
172.554682 -44.500000
172.555939 -44.500000
172.557196 -44.500000
172.558453 -44.500000
172.559710 -44.500000
172.560968 -44.500000
172.562225 -44.500000
172.563482 -44.500000
172.564739 -44.500000
172.565996 -44.500000
172.567254 -44.500000
172.568511 -44.500000
172.569768 -44.500000
172.571025 -44.500000
172.572282 -44.500000
172.573540 -44.500000
172.574797 -44.500000
172.576054 -44.500000
172.577311 -44.500000
172.578568 -44.500000
172.579826 -44.500000
172.581083 -44.500000
172.582340 -44.500000
172.583597 -44.500000
172.584854 -44.500000
172.586112 -44.500000
172.587369 -44.500000
172.588626 -44.500000
172.589883 -44.500000
172.591140 -44.500000
172.592398 -44.500000
172.593655 -44.500000
172.594912 -44.500000
172.596169 -44.500000
172.597426 -44.500000
172.598683 -44.500000
172.599941 -44.500000
172.601198 -44.500000
172.602455 -44.500000
172.603712 -44.500000
172.604969 -44.500000
172.606227 -44.500000
172.607484 -44.500000
172.608741 -44.500000
172.609998 -44.500000
172.611255 -44.500000
172.612513 -44.500000
172.613770 -44.500000
172.615027 -44.500000
172.616284 -44.500000
172.617541 -44.500000
172.618799 -44.500000
172.620056 -44.500000
172.621313 -44.500000
172.622570 -44.500000
172.623827 -44.500000
172.625084 -44.500000
172.626342 -44.500000
172.627599 -44.500000
172.628856 -44.500000
172.630113 -44.500000
172.631370 -44.500000
172.632628 -44.500000
172.633885 -44.500000
172.635142 -44.500000
172.636399 -44.500000
172.637656 -44.500000
172.638913 -44.500000
172.640171 -44.500000
172.641428 -44.500000
172.642685 -44.500000
172.643942 -44.500000
172.645199 -44.500000
172.646457 -44.500000
172.647714 -44.500000
172.648971 -44.500000
172.650228 -44.500000
172.651485 -44.500000
172.652742 -44.500000
172.654000 -44.500000
172.655257 -44.500000
172.656514 -44.500000
172.657771 -44.500000
172.659028 -44.500000
172.660285 -44.500000
172.661543 -44.500000
172.662800 -44.500000
172.664057 -44.500000
172.665314 -44.500000
172.666571 -44.500000
172.667829 -44.500000
172.669086 -44.500000
172.670343 -44.500000
172.671600 -44.500000
172.672857 -44.500000
172.674114 -44.500000
172.675372 -44.500000
172.676629 -44.500000
172.677886 -44.500000
172.679143 -44.500000
172.680400 -44.500000
172.681657 -44.500000
172.682915 -44.500000
172.684172 -44.500000
172.685429 -44.500000
172.686686 -44.500000
172.687943 -44.500000
172.689200 -44.500000
172.690458 -44.500000
172.691715 -44.500000
172.692972 -44.500000
172.694229 -44.500000
172.695486 -44.500000
172.696743 -44.500000
172.698001 -44.500000
172.699258 -44.500000
172.700515 -44.500000
172.701772 -44.500000
172.703029 -44.500000
172.704286 -44.500000
172.705544 -44.500000
172.706801 -44.500000
172.708058 -44.500000
172.709315 -44.500000
172.710572 -44.500000
172.711829 -44.500000
172.713087 -44.500000
172.714344 -44.500000
172.715601 -44.500000
172.716858 -44.500000
172.718115 -44.500000
172.719372 -44.500000
172.720630 -44.500000
172.721887 -44.500000
172.723144 -44.500000
172.724401 -44.500000
172.725658 -44.500000
172.726915 -44.500000
172.728172 -44.500000
172.729430 -44.500000
172.730687 -44.500000
172.731944 -44.500000
172.733201 -44.500000
172.734458 -44.500000
172.735715 -44.500000
172.736973 -44.500000
172.738230 -44.500000
172.739487 -44.500000
172.740744 -44.500000
172.742001 -44.500000
172.743258 -44.500000
172.744516 -44.500000
172.745773 -44.500000
172.747030 -44.500000
172.748287 -44.500000
172.749544 -44.500000
172.750801 -44.500000
172.752058 -44.500000
172.753316 -44.500000
172.754573 -44.500000
172.755830 -44.500000
172.757087 -44.500000
172.758344 -44.500000
172.759601 -44.500000
172.760858 -44.500000
172.762116 -44.500000
172.763373 -44.500000
172.764630 -44.500000
172.765887 -44.500000
172.767144 -44.500000
172.768401 -44.500000
172.769659 -44.500000
172.770916 -44.500000
172.772173 -44.500000
172.773430 -44.500000
172.774687 -44.500000
172.775944 -44.500000
172.777201 -44.500000
172.778459 -44.500000
172.779716 -44.500000
172.780973 -44.500000
172.782230 -44.500000
172.783487 -44.500000
172.784744 -44.500000
172.786001 -44.500000
172.787259 -44.500000
172.788516 -44.500000
172.789773 -44.500000
172.791030 -44.500000
172.792287 -44.500000
172.793544 -44.500000
172.794801 -44.500000
172.796059 -44.500000
172.797316 -44.500000
172.798573 -44.500000
172.799830 -44.500000
172.801087 -44.500000
172.802344 -44.500000
172.803601 -44.500000
172.804858 -44.500000
172.806116 -44.500000
172.807373 -44.500000
172.808630 -44.500000
172.809887 -44.500000
172.811144 -44.500000
172.812401 -44.500000
172.813658 -44.500000
172.814916 -44.500000
172.816173 -44.500000
172.817430 -44.500000
172.818687 -44.500000
172.819944 -44.500000
172.821201 -44.500000
172.822458 -44.500000
172.823716 -44.500000
172.824973 -44.500000
172.826230 -44.500000
172.827487 -44.500000
172.828744 -44.500000
172.830001 -44.500000
172.831258 -44.500000
172.832515 -44.500000
172.833773 -44.500000
172.835030 -44.500000
172.836287 -44.500000
172.837544 -44.500000
172.838801 -44.500000
172.840058 -44.500000
172.841315 -44.500000
172.842572 -44.500000
172.843830 -44.500000
172.845087 -44.500000
172.846344 -44.500000
172.847601 -44.500000
172.848858 -44.500000
172.850115 -44.500000
172.851372 -44.500000
172.852629 -44.500000
172.853887 -44.500000
172.855144 -44.500000
172.856401 -44.500000
172.857658 -44.500000
172.858915 -44.500000
172.860172 -44.500000
172.861429 -44.500000
172.862686 -44.500000
172.863944 -44.500000
172.865201 -44.500000
172.866458 -44.500000
172.867715 -44.500000
172.868972 -44.500000
172.870229 -44.500000
172.871486 -44.500000
172.872743 -44.500000
172.874001 -44.500000
172.875258 -44.500000
172.876515 -44.500000
172.877772 -44.500000
172.879029 -44.500000
172.880286 -44.500000
172.881543 -44.500000
172.882800 -44.500000
172.884057 -44.500000
172.885315 -44.500000
172.886572 -44.500000
172.887829 -44.500000
172.889086 -44.500000
172.890343 -44.500000
172.891600 -44.500000
172.892857 -44.500000
172.894114 -44.500000
172.895371 -44.500000
172.896629 -44.500000
172.897886 -44.500000
172.899143 -44.500000
172.900400 -44.500000
172.901657 -44.500000
172.902914 -44.500000
172.904171 -44.500000
172.905428 -44.500000
172.906686 -44.500000
172.907943 -44.500000
172.909200 -44.500000
172.910457 -44.500000
172.911714 -44.500000
172.912971 -44.500000
172.914228 -44.500000
172.915485 -44.500000
172.916742 -44.500000
172.918000 -44.500000
172.919257 -44.500000
172.920514 -44.500000
172.921771 -44.500000
172.923028 -44.500000
172.924285 -44.500000
172.925542 -44.500000
172.926799 -44.500000
172.928056 -44.500000
172.929313 -44.500000
172.930571 -44.500000
172.931828 -44.500000
172.933085 -44.500000
172.934342 -44.500000
172.935599 -44.500000
172.936856 -44.500000
172.938113 -44.500000
172.939370 -44.500000
172.940627 -44.500000
172.941885 -44.500000
172.943142 -44.500000
172.944399 -44.500000
172.945656 -44.500000
172.946913 -44.500000
172.948170 -44.500000
172.949427 -44.500000
172.950684 -44.500000
172.951941 -44.500000
172.953198 -44.500000
172.954456 -44.500000
172.955713 -44.500000
172.956970 -44.500000
172.958227 -44.500000
172.959484 -44.500000
172.960741 -44.500000
172.961998 -44.500000
172.963255 -44.500000
172.964512 -44.500000
172.965769 -44.500000
172.967026 -44.500000
172.968284 -44.500000
172.969541 -44.500000
172.970798 -44.500000
172.972055 -44.500000
172.973312 -44.500000
172.974569 -44.500000
172.975826 -44.500000
172.977083 -44.500000
172.978340 -44.500000
172.979597 -44.500000
172.980854 -44.500000
172.982112 -44.500000
172.983369 -44.500000
172.984626 -44.500000
172.985883 -44.500000
172.987140 -44.500000
172.988397 -44.500000
172.989654 -44.500000
172.990911 -44.500000
172.992168 -44.500000
172.993425 -44.500000
172.994682 -44.500000
172.995940 -44.500000
172.997197 -44.500000
172.998454 -44.500000
172.999711 -44.500000
173.000968 -44.500000
173.002225 -44.500000
173.003482 -44.500000
173.004739 -44.500000
173.005996 -44.500000
173.007253 -44.500000
173.008510 -44.500000
173.009767 -44.500000
173.011025 -44.500000
173.012282 -44.500000
173.013539 -44.500000
173.014796 -44.500000
173.016053 -44.500000
173.017310 -44.500000
173.018567 -44.500000
173.019824 -44.500000
173.021081 -44.500000
173.022338 -44.500000
173.023595 -44.500000
173.024852 -44.500000
173.026109 -44.500000
173.027367 -44.500000
173.028624 -44.500000
173.029881 -44.500000
173.031138 -44.500000
173.032395 -44.500000
173.033652 -44.500000
173.034909 -44.500000
173.036166 -44.500000
173.037423 -44.500000
173.038680 -44.500000
173.039937 -44.500000
173.041194 -44.500000
173.042451 -44.500000
173.043709 -44.500000
173.044966 -44.500000
173.046223 -44.500000
173.047480 -44.500000
173.048737 -44.500000
173.049994 -44.500000
173.051251 -44.500000
173.052508 -44.500000
173.053765 -44.500000
173.055022 -44.500000
173.056279 -44.500000
173.057536 -44.500000
173.058793 -44.500000
173.060050 -44.500000
173.061307 -44.500000
173.062565 -44.500000
173.063822 -44.500000
173.065079 -44.500000
173.066336 -44.500000
173.067593 -44.500000
173.068850 -44.500000
173.070107 -44.500000
173.071364 -44.500000
173.072621 -44.500000
173.073878 -44.500000
173.075135 -44.500000
173.076392 -44.500000
173.077649 -44.500000
173.078906 -44.500000
173.080163 -44.500000
173.081420 -44.500000
173.082678 -44.500000
173.083935 -44.500000
173.085192 -44.500000
173.086449 -44.500000
173.087706 -44.500000
173.088963 -44.500000
173.090220 -44.500000
173.091477 -44.500000
173.092734 -44.500000
173.093991 -44.500000
173.095248 -44.500000
173.096505 -44.500000
173.097762 -44.500000
173.099019 -44.500000
173.100276 -44.500000
173.101533 -44.500000
173.102790 -44.500000
173.104047 -44.500000
173.105305 -44.500000
173.106562 -44.500000
173.107819 -44.500000
173.109076 -44.500000
173.110333 -44.500000
173.111590 -44.500000
173.112847 -44.500000
173.114104 -44.500000
173.115361 -44.500000
173.116618 -44.500000
173.117875 -44.500000
173.119132 -44.500000
173.120389 -44.500000
173.121646 -44.500000
173.122903 -44.500000
173.124160 -44.500000
173.125417 -44.500000
173.126674 -44.500000
173.127931 -44.500000
173.129189 -44.500000
173.130446 -44.500000
173.131703 -44.500000
173.132960 -44.500000
173.134217 -44.500000
173.135474 -44.500000
173.136731 -44.500000
173.137988 -44.500000
173.139245 -44.500000
173.140502 -44.500000
173.141759 -44.500000
173.143016 -44.500000
173.144273 -44.500000
173.145530 -44.500000
173.146787 -44.500000
173.148044 -44.500000
173.149301 -44.500000
173.150558 -44.500000
173.151815 -44.500000
173.153072 -44.500000
173.154329 -44.500000
173.155586 -44.500000
173.156843 -44.500000
173.158101 -44.500000
173.159358 -44.500000
173.160615 -44.500000
173.161872 -44.500000
173.163129 -44.500000
173.164386 -44.500000
173.165643 -44.500000
173.166900 -44.500000
173.168157 -44.500000
173.169414 -44.500000
173.170671 -44.500000
173.171928 -44.500000
173.173185 -44.500000
173.174442 -44.500000
173.175699 -44.500000
173.176956 -44.500000
173.178213 -44.500000
173.179470 -44.500000
173.180727 -44.500000
173.181984 -44.500000
173.183241 -44.500000
173.184498 -44.500000
173.185755 -44.500000
173.187012 -44.500000
173.188269 -44.500000
173.189526 -44.500000
173.190783 -44.500000
173.192040 -44.500000
173.193297 -44.500000
173.194554 -44.500000
173.195811 -44.500000
173.197068 -44.500000
173.198326 -44.500000
173.199583 -44.500000
173.200840 -44.500000
173.202097 -44.500000
173.203354 -44.500000
173.204611 -44.500000
173.205868 -44.500000
173.207125 -44.500000
173.208382 -44.500000
173.209639 -44.500000
173.210896 -44.500000
173.212153 -44.500000
173.213410 -44.500000
173.214667 -44.500000
173.215924 -44.500000
173.217181 -44.500000
173.218438 -44.500000
173.219695 -44.500000
173.220952 -44.500000
173.222209 -44.500000
173.223466 -44.500000
173.224723 -44.500000
173.225980 -44.500000
173.227237 -44.500000
173.228494 -44.500000
173.229751 -44.500000
173.231008 -44.500000
173.232265 -44.500000
173.233522 -44.500000
173.234779 -44.500000
173.236036 -44.500000
173.237293 -44.500000
173.238550 -44.500000
173.239807 -44.500000
173.241064 -44.500000
173.242321 -44.500000
173.243578 -44.500000
173.244835 -44.500000
173.246092 -44.500000
173.247349 -44.500000
173.248606 -44.500000
173.249863 -44.500000
173.251120 -44.500000
173.252377 -44.500000
173.253634 -44.500000
173.254891 -44.500000
173.256148 -44.500000
173.257405 -44.500000
173.258662 -44.500000
173.259919 -44.500000
173.261176 -44.500000
173.262433 -44.500000
173.263690 -44.500000
173.264947 -44.500000
173.266204 -44.500000
173.267461 -44.500000
173.268718 -44.500000
173.269975 -44.500000
173.271232 -44.500000
173.272489 -44.500000
173.273746 -44.500000
173.275003 -44.500000
173.276260 -44.500000
173.277517 -44.500000
173.278774 -44.500000
173.280031 -44.500000
173.281288 -44.500000
173.282545 -44.500000
173.283802 -44.500000
173.285059 -44.500000
173.286316 -44.500000
173.287573 -44.500000
173.288830 -44.500000
173.290087 -44.500000
173.291344 -44.500000
173.292601 -44.500000
173.293858 -44.500000
173.295115 -44.500000
173.296372 -44.500000
173.297629 -44.500000
173.298886 -44.500000
173.300143 -44.500000
173.301400 -44.500000
173.302657 -44.500000
173.303914 -44.500000
173.305171 -44.500000
173.306428 -44.500000
173.307685 -44.500000
173.308942 -44.500000
173.310199 -44.500000
173.311456 -44.500000
173.312713 -44.500000
173.313970 -44.500000
173.315227 -44.500000
173.316484 -44.500000
173.317741 -44.500000
173.318998 -44.500000
173.320255 -44.500000
173.321512 -44.500000
173.322769 -44.500000
173.324026 -44.500000
173.325283 -44.500000
173.326540 -44.500000
173.327797 -44.500000
173.329054 -44.500000
173.330311 -44.500000
173.331568 -44.500000
173.332825 -44.500000
173.334082 -44.500000
173.335339 -44.500000
173.336596 -44.500000
173.337853 -44.500000
173.339110 -44.500000
173.340367 -44.500000
173.341624 -44.500000
173.342881 -44.500000
173.344138 -44.500000
173.345395 -44.500000
173.346652 -44.500000
173.347909 -44.500000
173.349166 -44.500000
173.350423 -44.500000
173.351680 -44.500000
173.352937 -44.500000
173.354194 -44.500000
173.355451 -44.500000
173.356708 -44.500000
173.357965 -44.500000
173.359222 -44.500000
173.360479 -44.500000
173.361735 -44.500000
173.362992 -44.500000
173.364249 -44.500000
173.365506 -44.500000
173.366763 -44.500000
173.368020 -44.500000
173.369277 -44.500000
173.370534 -44.500000
173.371791 -44.500000
173.373048 -44.500000
173.374305 -44.500000
173.375562 -44.500000
173.376819 -44.500000
173.378076 -44.500000
173.379333 -44.500000
173.380590 -44.500000
173.381847 -44.500000
173.383104 -44.500000
173.384361 -44.500000
173.385618 -44.500000
173.386875 -44.500000
173.388132 -44.500000
173.389389 -44.500000
173.390646 -44.500000
173.391903 -44.500000
173.393160 -44.500000
173.394417 -44.500000
173.395674 -44.500000
173.396931 -44.500000
173.398188 -44.500000
173.399444 -44.500000
173.400701 -44.500000
173.401958 -44.500000
173.403215 -44.500000
173.404472 -44.500000
173.405729 -44.500000
173.406986 -44.500000
173.408243 -44.500000
173.409500 -44.500000
173.410757 -44.500000
173.412014 -44.500000
173.413271 -44.500000
173.414528 -44.500000
173.415785 -44.500000
173.417042 -44.500000
173.418299 -44.500000
173.419556 -44.500000
173.420813 -44.500000
173.422070 -44.500000
173.423327 -44.500000
173.424584 -44.500000
173.425841 -44.500000
173.427098 -44.500000
173.428354 -44.500000
173.429611 -44.500000
173.430868 -44.500000
173.432125 -44.500000
173.433382 -44.500000
173.434639 -44.500000
173.435896 -44.500000
173.437153 -44.500000
173.438410 -44.500000
173.439667 -44.500000
173.440924 -44.500000
173.442181 -44.500000
173.443438 -44.500000
173.444695 -44.500000
173.445952 -44.500000
173.447209 -44.500000
173.448466 -44.500000
173.449723 -44.500000
173.450980 -44.500000
173.452236 -44.500000
173.453493 -44.500000
173.454750 -44.500000
173.456007 -44.500000
173.457264 -44.500000
173.458521 -44.500000
173.459778 -44.500000
173.461035 -44.500000
173.462292 -44.500000
173.463549 -44.500000
173.464806 -44.500000
173.466063 -44.500000
173.467320 -44.500000
173.468577 -44.500000
173.469834 -44.500000
173.471091 -44.500000
173.472348 -44.500000
173.473604 -44.500000
173.474861 -44.500000
173.476118 -44.500000
173.477375 -44.500000
173.478632 -44.500000
173.479889 -44.500000
173.481146 -44.500000
173.482403 -44.500000
173.483660 -44.500000
173.484917 -44.500000
173.486174 -44.500000
173.487431 -44.500000
173.488688 -44.500000
173.489945 -44.500000
173.491202 -44.500000
173.492458 -44.500000
173.493715 -44.500000
173.494972 -44.500000
173.496229 -44.500000
173.497486 -44.500000
173.498743 -44.500000
173.500000 -44.500000
173.500000 -44.499173
173.500000 -44.498273
173.500000 -44.497373
173.500000 -44.496474
173.500000 -44.495574
173.500000 -44.494675
173.500000 -44.493775
173.500000 -44.492876
173.500000 -44.491976
173.500000 -44.491076
173.500000 -44.490177
173.500000 -44.489277
173.500000 -44.488378
173.500000 -44.487478
173.500000 -44.486578
173.500000 -44.485679
173.500000 -44.484779
173.500000 -44.483880
173.500000 -44.482980
173.500000 -44.482081
173.500000 -44.481181
173.500000 -44.480281
173.500000 -44.479382
173.500000 -44.478482
173.500000 -44.477583
173.500000 -44.476683
173.500000 -44.475783
173.500000 -44.474884
173.500000 -44.473984
173.500000 -44.473085
173.500000 -44.472185
173.500000 -44.471286
173.500000 -44.470386
173.500000 -44.469486
173.500000 -44.468587
173.500000 -44.467687
173.500000 -44.466788
173.500000 -44.465888
173.500000 -44.464988
173.500000 -44.464089
173.500000 -44.463189
173.500000 -44.462290
173.500000 -44.461390
173.500000 -44.460490
173.500000 -44.459591
173.500000 -44.458691
173.500000 -44.457792
173.500000 -44.456892
173.500000 -44.455992
173.500000 -44.455093
173.500000 -44.454193
173.500000 -44.453294
173.500000 -44.452394
173.500000 -44.451494
173.500000 -44.450595
173.500000 -44.449695
173.500000 -44.448796
173.500000 -44.447896
173.500000 -44.446996
173.500000 -44.446097
173.500000 -44.445197
173.500000 -44.444298
173.500000 -44.443398
173.500000 -44.442498
173.500000 -44.441599
173.500000 -44.440699
173.500000 -44.439800
173.500000 -44.438900
173.500000 -44.438000
173.500000 -44.437101
173.500000 -44.436201
173.500000 -44.435302
173.500000 -44.434402
173.500000 -44.433502
173.500000 -44.432603
173.500000 -44.431703
173.500000 -44.430804
173.500000 -44.429904
173.500000 -44.429004
173.500000 -44.428105
173.500000 -44.427205
173.500000 -44.426306
173.500000 -44.425406
173.500000 -44.424506
173.500000 -44.423607
173.500000 -44.422707
173.500000 -44.421808
173.500000 -44.420908
173.500000 -44.420008
173.500000 -44.419109
173.500000 -44.418209
173.500000 -44.417310
173.500000 -44.416410
173.500000 -44.415510
173.500000 -44.414611
173.500000 -44.413711
173.500000 -44.412811
173.500000 -44.411912
173.500000 -44.411012
173.500000 -44.410113
173.500000 -44.409213
173.500000 -44.408313
173.500000 -44.407414
173.500000 -44.406514
173.500000 -44.405615
173.500000 -44.404715
173.500000 -44.403815
173.500000 -44.402916
173.500000 -44.402016
173.500000 -44.401116
173.500000 -44.400217
173.500000 -44.399317
173.500000 -44.398418
173.500000 -44.397518
173.500000 -44.396618
173.500000 -44.395719
173.500000 -44.394819
173.500000 -44.393919
173.500000 -44.393020
173.500000 -44.392120
173.500000 -44.391221
173.500000 -44.390321
173.500000 -44.389421
173.500000 -44.388522
173.500000 -44.387622
173.500000 -44.386722
173.500000 -44.385823
173.500000 -44.384923
173.500000 -44.384024
173.500000 -44.383124
173.500000 -44.382224
173.500000 -44.381325
173.500000 -44.380425
173.500000 -44.379525
173.500000 -44.378626
173.500000 -44.377726
173.500000 -44.376827
173.500000 -44.375927
173.500000 -44.375027
173.500000 -44.374128
173.500000 -44.373228
173.500000 -44.372328
173.500000 -44.371429
173.500000 -44.370529
173.500000 -44.369630
173.500000 -44.368730
173.500000 -44.367830
173.500000 -44.366931
173.500000 -44.366031
173.500000 -44.365131
173.500000 -44.364232
173.500000 -44.363332
173.500000 -44.362432
173.500000 -44.361533
173.500000 -44.360633
173.500000 -44.359734
173.500000 -44.358834
173.500000 -44.357934
173.500000 -44.357035
173.500000 -44.356135
173.500000 -44.355235
173.500000 -44.354336
173.500000 -44.353436
173.500000 -44.352536
173.500000 -44.351637
173.500000 -44.350737
173.500000 -44.349838
173.500000 -44.348938
173.500000 -44.348038
173.500000 -44.347139
173.500000 -44.346239
173.500000 -44.345339
173.500000 -44.344440
173.500000 -44.343540
173.500000 -44.342640
173.500000 -44.341741
173.500000 -44.340841
173.500000 -44.339941
173.500000 -44.339042
173.500000 -44.338142
173.500000 -44.337243
173.500000 -44.336343
173.500000 -44.335443
173.500000 -44.334544
173.500000 -44.333644
173.500000 -44.332744
173.500000 -44.331845
173.500000 -44.330945
173.500000 -44.330045
173.500000 -44.329146
173.500000 -44.328246
173.500000 -44.327346
173.500000 -44.326447
173.500000 -44.325547
173.500000 -44.324647
173.500000 -44.323748
173.500000 -44.322848
173.500000 -44.321949
173.500000 -44.321049
173.500000 -44.320149
173.500000 -44.319250
173.500000 -44.318350
173.500000 -44.317450
173.500000 -44.316551
173.500000 -44.315651
173.500000 -44.314751
173.500000 -44.313852
173.500000 -44.312952
173.500000 -44.312052
173.500000 -44.311153
173.500000 -44.310253
173.500000 -44.309353
173.500000 -44.308454
173.500000 -44.307554
173.500000 -44.306654
173.500000 -44.305755
173.500000 -44.304855
173.500000 -44.303955
173.500000 -44.303056
173.500000 -44.302156
173.500000 -44.301256
173.500000 -44.300357
173.500000 -44.299457
173.500000 -44.298557
173.500000 -44.297658
173.500000 -44.296758
173.500000 -44.295858
173.500000 -44.294959
173.500000 -44.294059
173.500000 -44.293159
173.500000 -44.292260
173.500000 -44.291360
173.500000 -44.290460
173.500000 -44.289561
173.500000 -44.288661
173.500000 -44.287761
173.500000 -44.286862
173.500000 -44.285962
173.500000 -44.285062
173.500000 -44.284163
173.500000 -44.283263
173.500000 -44.282363
173.500000 -44.281464
173.500000 -44.280564
173.500000 -44.279664
173.500000 -44.278765
173.500000 -44.277865
173.500000 -44.276965
173.500000 -44.276066
173.500000 -44.275166
173.500000 -44.274266
173.500000 -44.273367
173.500000 -44.272467
173.500000 -44.271567
173.500000 -44.270668
173.500000 -44.269768
173.500000 -44.268868
173.500000 -44.267969
173.500000 -44.267069
173.500000 -44.266169
173.500000 -44.265270
173.500000 -44.264370
173.500000 -44.263470
173.500000 -44.262571
173.500000 -44.261671
173.500000 -44.260771
173.500000 -44.259872
173.500000 -44.258972
173.500000 -44.258072
173.500000 -44.257173
173.500000 -44.256273
173.500000 -44.255373
173.500000 -44.254474
173.500000 -44.253574
173.500000 -44.252674
173.500000 -44.251775
173.500000 -44.250875
173.500000 -44.249975
173.500000 -44.249076
173.500000 -44.248176
173.500000 -44.247276
173.500000 -44.246376
173.500000 -44.245477
173.500000 -44.244577
173.500000 -44.243677
173.500000 -44.242778
173.500000 -44.241878
173.500000 -44.240978
173.500000 -44.240079
173.500000 -44.239179
173.500000 -44.238279
173.500000 -44.237380
173.500000 -44.236480
173.500000 -44.235580
173.500000 -44.234681
173.500000 -44.233781
173.500000 -44.232881
173.500000 -44.231981
173.500000 -44.231082
173.500000 -44.230182
173.500000 -44.229282
173.500000 -44.228383
173.500000 -44.227483
173.500000 -44.226583
173.500000 -44.225684
173.500000 -44.224784
173.500000 -44.223884
173.500000 -44.222985
173.500000 -44.222085
173.500000 -44.221185
173.500000 -44.220285
173.500000 -44.219386
173.500000 -44.218486
173.500000 -44.217586
173.500000 -44.216687
173.500000 -44.215787
173.500000 -44.214887
173.500000 -44.213988
173.500000 -44.213088
173.500000 -44.212188
173.500000 -44.211289
173.500000 -44.210389
173.500000 -44.209489
173.500000 -44.208589
173.500000 -44.207690
173.500000 -44.206790
173.500000 -44.205890
173.500000 -44.204991
173.500000 -44.204091
173.500000 -44.203191
173.500000 -44.202292
173.500000 -44.201392
173.500000 -44.200492
173.500000 -44.199592
173.500000 -44.198693
173.500000 -44.197793
173.500000 -44.196893
173.500000 -44.195994
173.500000 -44.195094
173.500000 -44.194194
173.500000 -44.193295
173.500000 -44.192395
173.500000 -44.191495
173.500000 -44.190595
173.500000 -44.189696
173.500000 -44.188796
173.500000 -44.187896
173.500000 -44.186997
173.500000 -44.186097
173.500000 -44.185197
173.500000 -44.184297
173.500000 -44.183398
173.500000 -44.182498
173.500000 -44.181598
173.500000 -44.180699
173.500000 -44.179799
173.500000 -44.178899
173.500000 -44.177999
173.500000 -44.177100
173.500000 -44.176200
173.500000 -44.175300
173.500000 -44.174401
173.500000 -44.173501
173.500000 -44.172601
173.500000 -44.171702
173.500000 -44.170802
173.500000 -44.169902
173.500000 -44.169002
173.500000 -44.168103
173.500000 -44.167203
173.500000 -44.166303
173.500000 -44.165404
173.500000 -44.164504
173.500000 -44.163604
173.500000 -44.162704
173.500000 -44.161805
173.500000 -44.160905
173.500000 -44.160005
173.500000 -44.159105
173.500000 -44.158206
173.500000 -44.157306
173.500000 -44.156406
173.500000 -44.155507
173.500000 -44.154607
173.500000 -44.153707
173.500000 -44.152807
173.500000 -44.151908
173.500000 -44.151008
173.500000 -44.150108
173.500000 -44.149209
173.500000 -44.148309
173.500000 -44.147409
173.500000 -44.146509
173.500000 -44.145610
173.500000 -44.144710
173.500000 -44.143810
173.500000 -44.142911
173.500000 -44.142011
173.500000 -44.141111
173.500000 -44.140211
173.500000 -44.139312
173.500000 -44.138412
173.500000 -44.137512
173.500000 -44.136612
173.500000 -44.135713
173.500000 -44.134813
173.500000 -44.133913
173.500000 -44.133014
173.500000 -44.132114
173.500000 -44.131214
173.500000 -44.130314
173.500000 -44.129415
173.500000 -44.128515
173.500000 -44.127615
173.500000 -44.126715
173.500000 -44.125816
173.500000 -44.124916
173.500000 -44.124016
173.500000 -44.123116
173.500000 -44.122217
173.500000 -44.121317
173.500000 -44.120417
173.500000 -44.119518
173.500000 -44.118618
173.500000 -44.117718
173.500000 -44.116818
173.500000 -44.115919
173.500000 -44.115019
173.500000 -44.114119
173.500000 -44.113219
173.500000 -44.112320
173.500000 -44.111420
173.500000 -44.110520
173.500000 -44.109620
173.500000 -44.108721
173.500000 -44.107821
173.500000 -44.106921
173.500000 -44.106021
173.500000 -44.105122
173.500000 -44.104222
173.500000 -44.103322
173.500000 -44.102423
173.500000 -44.101523
173.500000 -44.100623
173.500000 -44.099723
173.500000 -44.098824
173.500000 -44.097924
173.500000 -44.097024
173.500000 -44.096124
173.500000 -44.095225
173.500000 -44.094325
173.500000 -44.093425
173.500000 -44.092525
173.500000 -44.091626
173.500000 -44.090726
173.500000 -44.089826
173.500000 -44.088926
173.500000 -44.088027
173.500000 -44.087127
173.500000 -44.086227
173.500000 -44.085327
173.500000 -44.084428
173.500000 -44.083528
173.500000 -44.082628
173.500000 -44.081728
173.500000 -44.080829
173.500000 -44.079929
173.500000 -44.079029
173.500000 -44.078129
173.500000 -44.077230
173.500000 -44.076330
173.500000 -44.075430
173.500000 -44.074530
173.500000 -44.073631
173.500000 -44.072731
173.500000 -44.071831
173.500000 -44.070931
173.500000 -44.070032
173.500000 -44.069132
173.500000 -44.068232
173.500000 -44.067332
173.500000 -44.066433
173.500000 -44.065533
173.500000 -44.064633
173.500000 -44.063733
173.500000 -44.062834
173.500000 -44.061934
173.500000 -44.061034
173.500000 -44.060134
173.500000 -44.059235
173.500000 -44.058335
173.500000 -44.057435
173.500000 -44.056535
173.500000 -44.055636
173.500000 -44.054736
173.500000 -44.053836
173.500000 -44.052936
173.500000 -44.052037
173.500000 -44.051137
173.500000 -44.050237
173.500000 -44.049337
173.500000 -44.048437
173.500000 -44.047538
173.500000 -44.046638
173.500000 -44.045738
173.500000 -44.044838
173.500000 -44.043939
173.500000 -44.043039
173.500000 -44.042139
173.500000 -44.041239
173.500000 -44.040340
173.500000 -44.039440
173.500000 -44.038540
173.500000 -44.037640
173.500000 -44.036741
173.500000 -44.035841
173.500000 -44.034941
173.500000 -44.034041
173.500000 -44.033142
173.500000 -44.032242
173.500000 -44.031342
173.500000 -44.030442
173.500000 -44.029542
173.500000 -44.028643
173.500000 -44.027743
173.500000 -44.026843
173.500000 -44.025943
173.500000 -44.025044
173.500000 -44.024144
173.500000 -44.023244
173.500000 -44.022344
173.500000 -44.021445
173.500000 -44.020545
173.500000 -44.019645
173.500000 -44.018745
173.500000 -44.017845
173.500000 -44.016946
173.500000 -44.016046
173.500000 -44.015146
173.500000 -44.014246
173.500000 -44.013347
173.500000 -44.012447
173.500000 -44.011547
173.500000 -44.010647
173.500000 -44.009747
173.500000 -44.008848
173.500000 -44.007948
173.500000 -44.007048
173.500000 -44.006148
173.500000 -44.005249
173.500000 -44.004349
173.500000 -44.003449
173.500000 -44.002549
173.500000 -44.001649
173.500000 -44.000750
173.500000 -43.999850
173.500000 -43.998950
173.500000 -43.998050
173.500000 -43.997151
173.500000 -43.996251
173.500000 -43.995351
173.500000 -43.994451
173.500000 -43.993551
173.500000 -43.992652
173.500000 -43.991752
173.500000 -43.990852
173.500000 -43.989952
173.500000 -43.989052
173.500000 -43.988153
173.500000 -43.987253
173.500000 -43.986353
173.500000 -43.985453
173.500000 -43.984554
173.500000 -43.983654
173.500000 -43.982754
173.500000 -43.981854
173.500000 -43.980954
173.500000 -43.980055
173.500000 -43.979155
173.500000 -43.978255
173.500000 -43.977355
173.500000 -43.976455
173.500000 -43.975556
173.500000 -43.974656
173.500000 -43.973756
173.500000 -43.972856
173.500000 -43.971957
173.500000 -43.971057
173.500000 -43.970157
173.500000 -43.969257
173.500000 -43.968357
173.500000 -43.967458
173.500000 -43.966558
173.500000 -43.965658
173.500000 -43.964758
173.500000 -43.963858
173.500000 -43.962959
173.500000 -43.962059
173.500000 -43.961159
173.500000 -43.960259
173.500000 -43.959359
173.500000 -43.958460
173.500000 -43.957560
173.500000 -43.956660
173.500000 -43.955760
173.500000 -43.954860
173.500000 -43.953961
173.500000 -43.953061
173.500000 -43.952161
173.500000 -43.951261
173.500000 -43.950361
173.500000 -43.949462
173.500000 -43.948562
173.500000 -43.947662
173.500000 -43.946762
173.500000 -43.945862
173.500000 -43.944963
173.500000 -43.944063
173.500000 -43.943163
173.500000 -43.942263
173.500000 -43.941363
173.500000 -43.940464
173.500000 -43.939564
173.500000 -43.938664
173.500000 -43.937764
173.500000 -43.936864
173.500000 -43.935965
173.500000 -43.935065
173.500000 -43.934165
173.500000 -43.933265
173.500000 -43.932365
173.500000 -43.931466
173.500000 -43.930566
173.500000 -43.929666
173.500000 -43.928766
173.500000 -43.927866
173.500000 -43.926967
173.500000 -43.926067
173.500000 -43.925167
173.500000 -43.924267
173.500000 -43.923367
173.500000 -43.922468
173.500000 -43.921568
173.500000 -43.920668
173.500000 -43.919768
173.500000 -43.918868
173.500000 -43.917968
173.500000 -43.917069
173.500000 -43.916169
173.500000 -43.915269
173.500000 -43.914369
173.500000 -43.913469
173.500000 -43.912570
173.500000 -43.911670
173.500000 -43.910770
173.500000 -43.909870
173.500000 -43.908970
173.500000 -43.908071
173.500000 -43.907171
173.500000 -43.906271
173.500000 -43.905371
173.500000 -43.904471
173.500000 -43.903571
173.500000 -43.902672
173.500000 -43.901772
173.500000 -43.900872
173.500000 -43.899972
173.500000 -43.899072
173.500000 -43.898173
173.500000 -43.897273
173.500000 -43.896373
173.500000 -43.895473
173.500000 -43.894573
173.500000 -43.893673
173.500000 -43.892774
173.500000 -43.891874
173.500000 -43.890974
173.500000 -43.890074
173.500000 -43.889174
173.500000 -43.888275
173.500000 -43.887375
173.500000 -43.886475
173.500000 -43.885575
173.500000 -43.884675
173.500000 -43.883775
173.500000 -43.882876
173.500000 -43.881976
173.500000 -43.881076
173.500000 -43.880176
173.500000 -43.879276
173.500000 -43.878376
173.500000 -43.877477
173.500000 -43.876577
173.500000 -43.875677
173.500000 -43.874777
173.500000 -43.873877
173.500000 -43.872978
173.500000 -43.872078
173.500000 -43.871178
173.500000 -43.870278
173.500000 -43.869378
173.500000 -43.868478
173.500000 -43.867579
173.500000 -43.866679
173.500000 -43.865779
173.500000 -43.864879
173.500000 -43.863979
173.500000 -43.863079
173.500000 -43.862180
173.500000 -43.861280
173.500000 -43.860380
173.500000 -43.859480
173.500000 -43.858580
173.500000 -43.857680
173.500000 -43.856781
173.500000 -43.855881
173.500000 -43.854981
173.500000 -43.854081
173.500000 -43.853181
173.500000 -43.852281
173.500000 -43.851382
173.500000 -43.850482
173.500000 -43.849582
173.500000 -43.848682
173.500000 -43.847782
173.500000 -43.846882
173.500000 -43.845983
173.500000 -43.845083
173.500000 -43.844183
173.500000 -43.843283
173.500000 -43.842383
173.500000 -43.841483
173.500000 -43.840584
173.500000 -43.839684
173.500000 -43.838784
173.500000 -43.837884
173.500000 -43.836984
173.500000 -43.836084
173.500000 -43.835185
173.500000 -43.834285
173.500000 -43.833385
173.500000 -43.832485
173.500000 -43.831585
173.500000 -43.830685
173.500000 -43.829785
173.500000 -43.828886
173.500000 -43.827986
173.500000 -43.827086
173.500000 -43.826186
173.500000 -43.825286
173.500000 -43.824386
173.500000 -43.823487
173.500000 -43.822587
173.500000 -43.821687
173.500000 -43.820787
173.500000 -43.819887
173.500000 -43.818987
173.500000 -43.818087
173.500000 -43.817188
173.500000 -43.816288
173.500000 -43.815388
173.500000 -43.814488
173.500000 -43.813588
173.500000 -43.812688
173.500000 -43.811789
173.500000 -43.810889
173.500000 -43.809989
173.500000 -43.809089
173.500000 -43.808189
173.500000 -43.807289
173.500000 -43.806389
173.500000 -43.805490
173.500000 -43.804590
173.500000 -43.803690
173.500000 -43.802790
173.500000 -43.801890
173.500000 -43.800990
173.500000 -43.800090
173.500000 -43.799191
173.500000 -43.798291
173.500000 -43.797391
173.500000 -43.796491
173.500000 -43.795591
173.500000 -43.794691
173.500000 -43.793791
173.500000 -43.792892
173.500000 -43.791992
173.500000 -43.791092
173.500000 -43.790192
173.500000 -43.789292
173.500000 -43.788392
173.500000 -43.787492
173.500000 -43.786593
173.500000 -43.785693
173.500000 -43.784793
173.500000 -43.783893
173.500000 -43.782993
173.500000 -43.782093
173.500000 -43.781193
173.500000 -43.780294
173.500000 -43.779394
173.500000 -43.778494
173.500000 -43.777594
173.500000 -43.776694
173.500000 -43.775794
173.500000 -43.774894
173.500000 -43.773995
173.500000 -43.773095
173.500000 -43.772195
173.500000 -43.771295
173.500000 -43.770395
173.500000 -43.769495
173.500000 -43.768595
173.500000 -43.767696
173.500000 -43.766796
173.500000 -43.765896
173.500000 -43.764996
173.500000 -43.764096
173.500000 -43.763196
173.500000 -43.762296
173.500000 -43.761396
173.500000 -43.760497
173.500000 -43.759597
173.500000 -43.758697
173.500000 -43.757797
173.500000 -43.756897
173.500000 -43.755997
173.500000 -43.755097
173.500000 -43.754197
173.500000 -43.753298
173.500000 -43.752398
173.500000 -43.751498
173.500000 -43.750598
173.500000 -43.749698
173.500000 -43.748798
173.500000 -43.747898
173.500000 -43.746999
173.500000 -43.746099
173.500000 -43.745199
173.500000 -43.744299
173.500000 -43.743399
173.500000 -43.742499
173.500000 -43.741599
173.500000 -43.740699
173.500000 -43.739800
173.500000 -43.738900
173.500000 -43.738000
173.500000 -43.737100
173.500000 -43.736200
173.500000 -43.735300
173.500000 -43.734400
173.500000 -43.733500
173.500000 -43.732601
173.500000 -43.731701
173.500000 -43.730801
173.500000 -43.729901
173.500000 -43.729001
173.500000 -43.728101
173.500000 -43.727201
173.500000 -43.726301
173.500000 -43.725401
173.500000 -43.724502
173.500000 -43.723602
173.500000 -43.722702
173.500000 -43.721802
173.500000 -43.720902
173.500000 -43.720002
173.500000 -43.719102
173.500000 -43.718202
173.500000 -43.717303
173.500000 -43.716403
173.500000 -43.715503
173.500000 -43.714603
173.500000 -43.713703
173.500000 -43.712803
173.500000 -43.711903
173.500000 -43.711003
173.500000 -43.710103
173.500000 -43.709204
173.500000 -43.708304
173.500000 -43.707404
173.500000 -43.706504
173.500000 -43.705604
173.500000 -43.704704
173.500000 -43.703804
173.500000 -43.702904
173.500000 -43.702004
173.500000 -43.701105
173.500000 -43.700205
173.500000 -43.699305
173.500000 -43.698405
173.500000 -43.697505
173.500000 -43.696605
173.500000 -43.695705
173.500000 -43.694805
173.500000 -43.693905
173.500000 -43.693006
173.500000 -43.692106
173.500000 -43.691206
173.500000 -43.690306
173.500000 -43.689406
173.500000 -43.688506
173.500000 -43.687606
173.500000 -43.686706
173.500000 -43.685806
173.500000 -43.684907
173.500000 -43.684007
173.500000 -43.683107
173.500000 -43.682207
173.500000 -43.681307
173.500000 -43.680407
173.500000 -43.679507
173.500000 -43.678607
173.500000 -43.677707
173.500000 -43.676807
173.500000 -43.675908
173.500000 -43.675008
173.500000 -43.674108
173.500000 -43.673208
173.500000 -43.672308
173.500000 -43.671408
173.500000 -43.670508
173.500000 -43.669608
173.500000 -43.668708
173.500000 -43.667808
173.500000 -43.666909
173.500000 -43.666009
173.500000 -43.665109
173.500000 -43.664209
173.500000 -43.663309
173.500000 -43.662409
173.500000 -43.661509
173.500000 -43.660609
173.500000 -43.659709
173.500000 -43.658809
173.500000 -43.657910
173.500000 -43.657010
173.500000 -43.656110
173.500000 -43.655210
173.500000 -43.654310
173.500000 -43.653410
173.500000 -43.652510
173.500000 -43.651610
173.500000 -43.650710
173.500000 -43.649810
173.500000 -43.648910
173.500000 -43.648011
173.500000 -43.647111
173.500000 -43.646211
173.500000 -43.645311
173.500000 -43.644411
173.500000 -43.643511
173.500000 -43.642611
173.500000 -43.641711
173.500000 -43.640811
173.500000 -43.639911
173.500000 -43.639011
173.500000 -43.638112
173.500000 -43.637212
173.500000 -43.636312
173.500000 -43.635412
173.500000 -43.634512
173.500000 -43.633612
173.500000 -43.632712
173.500000 -43.631812
173.500000 -43.630912
173.500000 -43.630012
173.500000 -43.629112
173.500000 -43.628213
173.500000 -43.627313
173.500000 -43.626413
173.500000 -43.625513
173.500000 -43.624613
173.500000 -43.623713
173.500000 -43.622813
173.500000 -43.621913
173.500000 -43.621013
173.500000 -43.620113
173.500000 -43.619213
173.500000 -43.618313
173.500000 -43.617414
173.500000 -43.616514
173.500000 -43.615614
173.500000 -43.614714
173.500000 -43.613814
173.500000 -43.612914
173.500000 -43.612014
173.500000 -43.611114
173.500000 -43.610214
173.500000 -43.609314
173.500000 -43.608414
173.500000 -43.607514
173.500000 -43.606615
173.500000 -43.605715
173.500000 -43.604815
173.500000 -43.603915
173.500000 -43.603015
173.500000 -43.602115
173.500000 -43.601215
173.500000 -43.600315
173.500000 -43.599415
173.500000 -43.598515
173.500000 -43.597615
173.500000 -43.596715
173.500000 -43.595815
173.500000 -43.594915
173.500000 -43.594016
173.500000 -43.593116
173.500000 -43.592216
173.500000 -43.591316
173.500000 -43.590416
173.500000 -43.589516
173.500000 -43.588616
173.500000 -43.587716
173.500000 -43.586816
173.500000 -43.585916
173.500000 -43.585016
173.500000 -43.584116
173.500000 -43.583216
173.500000 -43.582316
173.500000 -43.581417
173.500000 -43.580517
173.500000 -43.579617
173.500000 -43.578717
173.500000 -43.577817
173.500000 -43.576917
173.500000 -43.576017
173.500000 -43.575117
173.500000 -43.574217
173.500000 -43.573317
173.500000 -43.572417
173.500000 -43.571517
173.500000 -43.570617
173.500000 -43.569717
173.500000 -43.568818
173.500000 -43.567918
173.500000 -43.567018
173.500000 -43.566118
173.500000 -43.565218
173.500000 -43.564318
173.500000 -43.563418
173.500000 -43.562518
173.500000 -43.561618
173.500000 -43.560718
173.500000 -43.559818
173.500000 -43.558918
173.500000 -43.558018
173.500000 -43.557118
173.500000 -43.556218
173.500000 -43.555318
173.500000 -43.554419
173.500000 -43.553519
173.500000 -43.552619
173.500000 -43.551719
173.500000 -43.550819
173.500000 -43.549919
173.500000 -43.549019
173.500000 -43.548119
173.500000 -43.547219
173.500000 -43.546319
173.500000 -43.545419
173.500000 -43.544519
173.500000 -43.543619
173.500000 -43.542719
173.500000 -43.541819
173.500000 -43.540919
173.500000 -43.540019
173.500000 -43.539119
173.500000 -43.538220
173.500000 -43.537320
173.500000 -43.536420
173.500000 -43.535520
173.500000 -43.534620
173.500000 -43.533720
173.500000 -43.532820
173.500000 -43.531920
173.500000 -43.531020
173.500000 -43.530120
173.500000 -43.529220
173.500000 -43.528320
173.500000 -43.527420
173.500000 -43.526520
173.500000 -43.525620
173.500000 -43.524720
173.500000 -43.523820
173.500000 -43.522920
173.500000 -43.522020
173.500000 -43.521121
173.500000 -43.520221
173.500000 -43.519321
173.500000 -43.518421
173.500000 -43.517521
173.500000 -43.516621
173.500000 -43.515721
173.500000 -43.514821
173.500000 -43.513921
173.500000 -43.513021
173.500000 -43.512121
173.500000 -43.511221
173.500000 -43.510321
173.500000 -43.509421
173.500000 -43.508521
173.500000 -43.507621
173.500000 -43.506721
173.500000 -43.505821
173.500000 -43.504921
173.500000 -43.504021
173.500000 -43.503121
173.500000 -43.502221
173.500000 -43.501322
173.500000 -43.500422
173.500000 -43.499522
173.500000 -43.498622
173.500000 -43.497722
173.500000 -43.496822
173.500000 -43.495922
173.500000 -43.495022
173.500000 -43.494122
173.500000 -43.493222
173.500000 -43.492322
173.500000 -43.491422
173.500000 -43.490522
173.500000 -43.489622
173.500000 -43.488722
173.500000 -43.487822
173.500000 -43.486922
173.500000 -43.486022
173.500000 -43.485122
173.500000 -43.484222
173.500000 -43.483322
173.500000 -43.482422
173.500000 -43.481522
173.500000 -43.480622
173.500000 -43.479722
173.500000 -43.478822
173.500000 -43.477923
173.500000 -43.477023
173.500000 -43.476123
173.500000 -43.475223
173.500000 -43.474323
173.500000 -43.473423
173.500000 -43.472523
173.500000 -43.471623
173.500000 -43.470723
173.500000 -43.469823
173.500000 -43.468923
173.500000 -43.468023
173.500000 -43.467123
173.500000 -43.466223
173.500000 -43.465323
173.500000 -43.464423
173.500000 -43.463523
173.500000 -43.462623
173.500000 -43.461723
173.500000 -43.460823
173.500000 -43.459923
173.500000 -43.459023
173.500000 -43.458123
173.500000 -43.457223
173.500000 -43.456323
173.500000 -43.455423
173.500000 -43.454523
173.500000 -43.453623
173.500000 -43.452723
173.500000 -43.451823
173.500000 -43.450923
173.500000 -43.450023
173.500000 -43.449123
173.500000 -43.448223
173.500000 -43.447324
173.500000 -43.446424
173.500000 -43.445524
173.500000 -43.444624
173.500000 -43.443724
173.500000 -43.442824
173.500000 -43.441924
173.500000 -43.441024
173.500000 -43.440124
173.500000 -43.439224
173.500000 -43.438324
173.500000 -43.437424
173.500000 -43.436524
173.500000 -43.435624
173.500000 -43.434724
173.500000 -43.433824
173.500000 -43.432924
173.500000 -43.432024
173.500000 -43.431124
173.500000 -43.430224
173.500000 -43.429324
173.500000 -43.428424
173.500000 -43.427524
173.500000 -43.426624
173.500000 -43.425724
173.500000 -43.424824
173.500000 -43.423924
173.500000 -43.423024
173.500000 -43.422124
173.500000 -43.421224
173.500000 -43.420324
173.500000 -43.419424
173.500000 -43.418524
173.500000 -43.417624
173.500000 -43.416724
173.500000 -43.415824
173.500000 -43.414924
173.500000 -43.414024
173.500000 -43.413124
173.500000 -43.412224
173.500000 -43.411324
173.500000 -43.410424
173.500000 -43.409524
173.500000 -43.408624
173.500000 -43.407724
173.500000 -43.406824
173.500000 -43.405924
173.500000 -43.405024
173.500000 -43.404124
173.500000 -43.403224
173.500000 -43.402324
173.500000 -43.401424
173.500000 -43.400524
173.500000 -43.399624
173.500000 -43.398724
173.500000 -43.397824
173.500000 -43.396924
173.500000 -43.396024
173.500000 -43.395124
173.500000 -43.394224
173.500000 -43.393324
173.500000 -43.392424
173.500000 -43.391524
173.500000 -43.390624
173.500000 -43.389724
173.500000 -43.388824
173.500000 -43.387924
173.500000 -43.387024
173.500000 -43.386124
173.500000 -43.385224
173.500000 -43.384324
173.500000 -43.383424
173.500000 -43.382524
173.500000 -43.381624
173.500000 -43.380724
173.500000 -43.379824
173.500000 -43.378924
173.500000 -43.378024
173.500000 -43.377124
173.500000 -43.376224
173.500000 -43.375324
173.500000 -43.374424
173.500000 -43.373524
173.500000 -43.372624
173.500000 -43.371724
173.500000 -43.370824
173.500000 -43.369924
173.500000 -43.369024
173.500000 -43.368124
173.500000 -43.367224
173.500000 -43.366324
173.500000 -43.365424
173.500000 -43.364524
173.500000 -43.363624
173.500000 -43.362724
173.500000 -43.361824
173.500000 -43.360924
173.500000 -43.360024
173.500000 -43.359124
173.500000 -43.358224
173.500000 -43.357324
173.500000 -43.356424
173.500000 -43.355524
173.500000 -43.354624
173.500000 -43.353724
173.500000 -43.352824
173.500000 -43.351924
173.500000 -43.351024
173.500000 -43.350124
173.500000 -43.349224
173.500000 -43.348324
173.500000 -43.347424
173.500000 -43.346524
173.500000 -43.345624
173.500000 -43.344724
173.500000 -43.343824
173.500000 -43.342924
173.500000 -43.342024
173.500000 -43.341124
173.500000 -43.340224
173.500000 -43.339324
173.500000 -43.338424
173.500000 -43.337524
173.500000 -43.336624
173.500000 -43.335724
173.500000 -43.334824
173.500000 -43.333924
173.500000 -43.333024
173.500000 -43.332124
173.500000 -43.331224
173.500000 -43.330324
173.500000 -43.329424
173.500000 -43.328524
173.500000 -43.327624
173.500000 -43.326724
173.500000 -43.325824
173.500000 -43.324924
173.500000 -43.324024
173.500000 -43.323124
173.500000 -43.322224
173.500000 -43.321324
173.500000 -43.320424
173.500000 -43.319524
173.500000 -43.318624
173.500000 -43.317724
173.500000 -43.316824
173.500000 -43.315924
173.500000 -43.315024
173.500000 -43.314124
173.500000 -43.313224
173.500000 -43.312324
173.500000 -43.311424
173.500000 -43.310524
173.500000 -43.309624
173.500000 -43.308724
173.500000 -43.307824
173.500000 -43.306924
173.500000 -43.306024
173.500000 -43.305124
173.500000 -43.304224
173.500000 -43.303324
173.500000 -43.302424
173.500000 -43.301524
173.500000 -43.300624
173.500000 -43.299724
173.500000 -43.298823
173.500000 -43.297923
173.500000 -43.297023
173.500000 -43.296123
173.500000 -43.295223
173.500000 -43.294323
173.500000 -43.293423
173.500000 -43.292523
173.500000 -43.291623
173.500000 -43.290723
173.500000 -43.289823
173.500000 -43.288923
173.500000 -43.288023
173.500000 -43.287123
173.500000 -43.286223
173.500000 -43.285323
173.500000 -43.284423
173.500000 -43.283523
173.500000 -43.282623
173.500000 -43.281723
173.500000 -43.280823
173.500000 -43.279923
173.500000 -43.279023
173.500000 -43.278123
173.500000 -43.277223
173.500000 -43.276323
173.500000 -43.275423
173.500000 -43.274523
173.500000 -43.273623
173.500000 -43.272723
173.500000 -43.271823
173.500000 -43.270923
173.500000 -43.270023
173.500000 -43.269123
173.500000 -43.268222
173.500000 -43.267322
173.500000 -43.266422
173.500000 -43.265522
173.500000 -43.264622
173.500000 -43.263722
173.500000 -43.262822
173.500000 -43.261922
173.500000 -43.261022
173.500000 -43.260122
173.500000 -43.259222
173.500000 -43.258322
173.500000 -43.257422
173.500000 -43.256522
173.500000 -43.255622
173.500000 -43.254722
173.500000 -43.253822
173.500000 -43.252922
173.500000 -43.252022
173.500000 -43.251122
173.500000 -43.250222
173.500000 -43.249322
173.500000 -43.248422
173.500000 -43.247522
173.500000 -43.246622
173.500000 -43.245722
173.500000 -43.244822
173.500000 -43.243921
173.500000 -43.243021
173.500000 -43.242121
173.500000 -43.241221
173.500000 -43.240321
173.500000 -43.239421
173.500000 -43.238521
173.500000 -43.237621
173.500000 -43.236721
173.500000 -43.235821
173.500000 -43.234921
173.500000 -43.234021
173.500000 -43.233121
173.500000 -43.232221
173.500000 -43.231321
173.500000 -43.230421
173.500000 -43.229521
173.500000 -43.228621
173.500000 -43.227721
173.500000 -43.226821
173.500000 -43.225921
173.500000 -43.225021
173.500000 -43.224120
173.500000 -43.223220
173.500000 -43.222320
173.500000 -43.221420
173.500000 -43.220520
173.500000 -43.219620
173.500000 -43.218720
173.500000 -43.217820
173.500000 -43.216920
173.500000 -43.216020
173.500000 -43.215120
173.500000 -43.214220
173.500000 -43.213320
173.500000 -43.212420
173.500000 -43.211520
173.500000 -43.210620
173.500000 -43.209720
173.500000 -43.208820
173.500000 -43.207920
173.500000 -43.207020
173.500000 -43.206119
173.500000 -43.205219
173.500000 -43.204319
173.500000 -43.203419
173.500000 -43.202519
173.500000 -43.201619
173.500000 -43.200719
173.500000 -43.199819
173.500000 -43.198919
173.500000 -43.198019
173.500000 -43.197119
173.500000 -43.196219
173.500000 -43.195319
173.500000 -43.194419
173.500000 -43.193519
173.500000 -43.192619
173.500000 -43.191719
173.500000 -43.190819
173.500000 -43.189918
173.500000 -43.189018
173.500000 -43.188118
173.500000 -43.187218
173.500000 -43.186318
173.500000 -43.185418
173.500000 -43.184518
173.500000 -43.183618
173.500000 -43.182718
173.500000 -43.181818
173.500000 -43.180918
173.500000 -43.180018
173.500000 -43.179118
173.500000 -43.178218
173.500000 -43.177318
173.500000 -43.176418
173.500000 -43.175518
173.500000 -43.174617
173.500000 -43.173717
173.500000 -43.172817
173.500000 -43.171917
173.500000 -43.171017
173.500000 -43.170117
173.500000 -43.169217
173.500000 -43.168317
173.500000 -43.167417
173.500000 -43.166517
173.500000 -43.165617
173.500000 -43.164717
173.500000 -43.163817
173.500000 -43.162917
173.500000 -43.162017
173.500000 -43.161116
173.500000 -43.160216
173.500000 -43.159316
173.500000 -43.158416
173.500000 -43.157516
173.500000 -43.156616
173.500000 -43.155716
173.500000 -43.154816
173.500000 -43.153916
173.500000 -43.153016
173.500000 -43.152116
173.500000 -43.151216
173.500000 -43.150316
173.500000 -43.149416
173.500000 -43.148515
173.500000 -43.147615
173.500000 -43.146715
173.500000 -43.145815
173.500000 -43.144915
173.500000 -43.144015
173.500000 -43.143115
173.500000 -43.142215
173.500000 -43.141315
173.500000 -43.140415
173.500000 -43.139515
173.500000 -43.138615
173.500000 -43.137715
173.500000 -43.136815
173.500000 -43.135914
173.500000 -43.135014
173.500000 -43.134114
173.500000 -43.133214
173.500000 -43.132314
173.500000 -43.131414
173.500000 -43.130514
173.500000 -43.129614
173.500000 -43.128714
173.500000 -43.127814
173.500000 -43.126914
173.500000 -43.126014
173.500000 -43.125114
173.500000 -43.124213
173.500000 -43.123313
173.500000 -43.122413
173.500000 -43.121513
173.500000 -43.120613
173.500000 -43.119713
173.500000 -43.118813
173.500000 -43.117913
173.500000 -43.117013
173.500000 -43.116113
173.500000 -43.115213
173.500000 -43.114313
173.500000 -43.113413
173.500000 -43.112512
173.500000 -43.111612
173.500000 -43.110712
173.500000 -43.109812
173.500000 -43.108912
173.500000 -43.108012
173.500000 -43.107112
173.500000 -43.106212
173.500000 -43.105312
173.500000 -43.104412
173.500000 -43.103512
173.500000 -43.102612
173.500000 -43.101711
173.500000 -43.100811
173.500000 -43.099911
173.500000 -43.099011
173.500000 -43.098111
173.500000 -43.097211
173.500000 -43.096311
173.500000 -43.095411
173.500000 -43.094511
173.500000 -43.093611
173.500000 -43.092711
173.500000 -43.091810
173.500000 -43.090910
173.500000 -43.090010
173.500000 -43.089110
173.500000 -43.088210
173.500000 -43.087310
173.500000 -43.086410
173.500000 -43.085510
173.500000 -43.084610
173.500000 -43.083710
173.500000 -43.082810
173.500000 -43.081909
173.500000 -43.081009
173.500000 -43.080109
173.500000 -43.079209
173.500000 -43.078309
173.500000 -43.077409
173.500000 -43.076509
173.500000 -43.075609
173.500000 -43.074709
173.500000 -43.073809
173.500000 -43.072909
173.500000 -43.072008
173.500000 -43.071108
173.500000 -43.070208
173.500000 -43.069308
173.500000 -43.068408
173.500000 -43.067508
173.500000 -43.066608
173.500000 -43.065708
173.500000 -43.064808
173.500000 -43.063908
173.500000 -43.063007
173.500000 -43.062107
173.500000 -43.061207
173.500000 -43.060307
173.500000 -43.059407
173.500000 -43.058507
173.500000 -43.057607
173.500000 -43.056707
173.500000 -43.055807
173.500000 -43.054907
173.500000 -43.054006
173.500000 -43.053106
173.500000 -43.052206
173.500000 -43.051306
173.500000 -43.050406
173.500000 -43.049506
173.500000 -43.048606
173.500000 -43.047706
173.500000 -43.046806
173.500000 -43.045906
173.500000 -43.045005
173.500000 -43.044105
173.500000 -43.043205
173.500000 -43.042305
173.500000 -43.041405
173.500000 -43.040505
173.500000 -43.039605
173.500000 -43.038705
173.500000 -43.037805
173.500000 -43.036905
173.500000 -43.036004
173.500000 -43.035104
173.500000 -43.034204
173.500000 -43.033304
173.500000 -43.032404
173.500000 -43.031504
173.500000 -43.030604
173.500000 -43.029704
173.500000 -43.028804
173.500000 -43.027903
173.500000 -43.027003
173.500000 -43.026103
173.500000 -43.025203
173.500000 -43.024303
173.500000 -43.023403
173.500000 -43.022503
173.500000 -43.021603
173.500000 -43.020703
173.500000 -43.019802
173.500000 -43.018902
173.500000 -43.018002
173.500000 -43.017102
173.500000 -43.016202
173.500000 -43.015302
173.500000 -43.014402
173.500000 -43.013502
173.500000 -43.012602
173.500000 -43.011701
173.500000 -43.010801
173.500000 -43.009901
173.500000 -43.009001
173.500000 -43.008101
173.500000 -43.007201
173.500000 -43.006301
173.500000 -43.005401
173.500000 -43.004501
173.500000 -43.003600
173.500000 -43.002700
173.500000 -43.001800
173.500000 -43.000900
173.500000 -43.000000
173.499411 -43.000000
173.498185 -43.000000
173.496959 -43.000000
173.495732 -43.000000
173.494506 -43.000000
173.493280 -43.000000
173.492053 -43.000000
173.490827 -43.000000
173.489601 -43.000000
173.488374 -43.000000
173.487148 -43.000000
173.485922 -43.000000
173.484695 -43.000000
173.483469 -43.000000
173.482243 -43.000000
173.481016 -43.000000
173.479790 -43.000000
173.478564 -43.000000
173.477337 -43.000000
173.476111 -43.000000
173.474885 -43.000000
173.473658 -43.000000
173.472432 -43.000000
173.471206 -43.000000
173.469979 -43.000000
173.468753 -43.000000
173.467527 -43.000000
173.466300 -43.000000
173.465074 -43.000000
173.463848 -43.000000
173.462621 -43.000000
173.461395 -43.000000
173.460169 -43.000000
173.458942 -43.000000
173.457716 -43.000000
173.456490 -43.000000
173.455263 -43.000000
173.454037 -43.000000
173.452811 -43.000000
173.451584 -43.000000
173.450358 -43.000000
173.449132 -43.000000
173.447906 -43.000000
173.446679 -43.000000
173.445453 -43.000000
173.444227 -43.000000
173.443000 -43.000000
173.441774 -43.000000
173.440548 -43.000000
173.439321 -43.000000
173.438095 -43.000000
173.436869 -43.000000
173.435642 -43.000000
173.434416 -43.000000
173.433190 -43.000000
173.431963 -43.000000
173.430737 -43.000000
173.429511 -43.000000
173.428284 -43.000000
173.427058 -43.000000
173.425832 -43.000000
173.424605 -43.000000
173.423379 -43.000000
173.422153 -43.000000
173.420926 -43.000000
173.419700 -43.000000
173.418474 -43.000000
173.417247 -43.000000
173.416021 -43.000000
173.414795 -43.000000
173.413568 -43.000000
173.412342 -43.000000
173.411116 -43.000000
173.409889 -43.000000
173.408663 -43.000000
173.407437 -43.000000
173.406210 -43.000000
173.404984 -43.000000
173.403758 -43.000000
173.402531 -43.000000
173.401305 -43.000000
173.400079 -43.000000
173.398852 -43.000000
173.397626 -43.000000
173.396400 -43.000000
173.395173 -43.000000
173.393947 -43.000000
173.392720 -43.000000
173.391494 -43.000000
173.390268 -43.000000
173.389041 -43.000000
173.387815 -43.000000
173.386589 -43.000000
173.385362 -43.000000
173.384136 -43.000000
173.382910 -43.000000
173.381683 -43.000000
173.380457 -43.000000
173.379231 -43.000000
173.378004 -43.000000
173.376778 -43.000000
173.375552 -43.000000
173.374325 -43.000000
173.373099 -43.000000
173.371873 -43.000000
173.370646 -43.000000
173.369420 -43.000000
173.368194 -43.000000
173.366967 -43.000000
173.365741 -43.000000
173.364515 -43.000000
173.363288 -43.000000
173.362062 -43.000000
173.360836 -43.000000
173.359609 -43.000000
173.358383 -43.000000
173.357157 -43.000000
173.355930 -43.000000
173.354704 -43.000000
173.353478 -43.000000
173.352251 -43.000000
173.351025 -43.000000
173.349799 -43.000000
173.348572 -43.000000
173.347346 -43.000000
173.346120 -43.000000
173.344893 -43.000000
173.343667 -43.000000
173.342441 -43.000000
173.341214 -43.000000
173.339988 -43.000000
173.338761 -43.000000
173.337535 -43.000000
173.336309 -43.000000
173.335082 -43.000000
173.333856 -43.000000
173.332630 -43.000000
173.331403 -43.000000
173.330177 -43.000000
173.328951 -43.000000
173.327724 -43.000000
173.326498 -43.000000
173.325272 -43.000000
173.324045 -43.000000
173.322819 -43.000000
173.321593 -43.000000
173.320366 -43.000000
173.319140 -43.000000
173.317914 -43.000000
173.316687 -43.000000
173.315461 -43.000000
173.314235 -43.000000
173.313008 -43.000000
173.311782 -43.000000
173.310555 -43.000000
173.309329 -43.000000
173.308103 -43.000000
173.306876 -43.000000
173.305650 -43.000000
173.304424 -43.000000
173.303197 -43.000000
173.301971 -43.000000
173.300745 -43.000000
173.299518 -43.000000
173.298292 -43.000000
173.297066 -43.000000
173.295839 -43.000000
173.294613 -43.000000
173.293387 -43.000000
173.292160 -43.000000
173.290934 -43.000000
173.289708 -43.000000
173.288481 -43.000000
173.287255 -43.000000
173.286028 -43.000000
173.284802 -43.000000
173.283576 -43.000000
173.282349 -43.000000
173.281123 -43.000000
173.279897 -43.000000
173.278670 -43.000000
173.277444 -43.000000
173.276218 -43.000000
173.274991 -43.000000
173.273765 -43.000000
173.272539 -43.000000
173.271312 -43.000000
173.270086 -43.000000
173.268859 -43.000000
173.267633 -43.000000
173.266407 -43.000000
173.265180 -43.000000
173.263954 -43.000000
173.262728 -43.000000
173.261501 -43.000000
173.260275 -43.000000
173.259049 -43.000000
173.257822 -43.000000
173.256596 -43.000000
173.255370 -43.000000
173.254143 -43.000000
173.252917 -43.000000
173.251691 -43.000000
173.250464 -43.000000
173.249238 -43.000000
173.248011 -43.000000
173.246785 -43.000000
173.245559 -43.000000
173.244332 -43.000000
173.243106 -43.000000
173.241880 -43.000000
173.240653 -43.000000
173.239427 -43.000000
173.238201 -43.000000
173.236974 -43.000000
173.235748 -43.000000
173.234521 -43.000000
173.233295 -43.000000
173.232069 -43.000000
173.230842 -43.000000
173.229616 -43.000000
173.228390 -43.000000
173.227163 -43.000000
173.225937 -43.000000
173.224711 -43.000000
173.223484 -43.000000
173.222258 -43.000000
173.221031 -43.000000
173.219805 -43.000000
173.218579 -43.000000
173.217352 -43.000000
173.216126 -43.000000
173.214900 -43.000000
173.213673 -43.000000
173.212447 -43.000000
173.211221 -43.000000
173.209994 -43.000000
173.208768 -43.000000
173.207541 -43.000000
173.206315 -43.000000
173.205089 -43.000000
173.203862 -43.000000
173.202636 -43.000000
173.201410 -43.000000
173.200183 -43.000000
173.198957 -43.000000
173.197731 -43.000000
173.196504 -43.000000
173.195278 -43.000000
173.194051 -43.000000
173.192825 -43.000000
173.191599 -43.000000
173.190372 -43.000000
173.189146 -43.000000
173.187920 -43.000000
173.186693 -43.000000
173.185467 -43.000000
173.184241 -43.000000
173.183014 -43.000000
173.181788 -43.000000
173.180561 -43.000000
173.179335 -43.000000
173.178109 -43.000000
173.176882 -43.000000
173.175656 -43.000000
173.174430 -43.000000
173.173203 -43.000000
173.171977 -43.000000
173.170750 -43.000000
173.169524 -43.000000
173.168298 -43.000000
173.167071 -43.000000
173.165845 -43.000000
173.164619 -43.000000
173.163392 -43.000000
173.162166 -43.000000
173.160940 -43.000000
173.159713 -43.000000
173.158487 -43.000000
173.157260 -43.000000
173.156034 -43.000000
173.154808 -43.000000
173.153581 -43.000000
173.152355 -43.000000
173.151129 -43.000000
173.149902 -43.000000
173.148676 -43.000000
173.147449 -43.000000
173.146223 -43.000000
173.144997 -43.000000
173.143770 -43.000000
173.142544 -43.000000
173.141318 -43.000000
173.140091 -43.000000
173.138865 -43.000000
173.137638 -43.000000
173.136412 -43.000000
173.135186 -43.000000
173.133959 -43.000000
173.132733 -43.000000
173.131507 -43.000000
173.130280 -43.000000