173.123842533 -43.002036615
173.125068936 -43.002040891
173.126295339 -43.002045155
173.127521741 -43.002049406
173.128748143 -43.002053643
173.129974546 -43.002057868
173.131200948 -43.002062079
173.132427350 -43.002066278
173.133653754 -43.002070463
173.134880156 -43.002074635
173.136106558 -43.002078795
173.137332960 -43.002082941
173.138559363 -43.002087074
173.139785765 -43.002091194
173.141012168 -43.002095302
173.142238571 -43.002099396
173.143464973 -43.002103476
173.144691375 -43.002107545
173.145917777 -43.002111600
173.147144180 -43.002115641
173.148370583 -43.002119671
173.149596986 -43.002123686
173.150823388 -43.002127689
173.152049790 -43.002131678
173.153276192 -43.002135655
173.154502595 -43.002139619
173.155728998 -43.002143569
173.156955401 -43.002147507
173.158181803 -43.002151431
173.159408205 -43.002155342
173.160634607 -43.002159240
173.161861010 -43.002163126
173.163087413 -43.002166998
173.164313815 -43.002170857
173.165540217 -43.002174703
173.166766619 -43.002178536
173.167993022 -43.002182356
173.169219424 -43.002186163
173.170445827 -43.002189957
173.171672229 -43.002193738
173.172898631 -43.002197505
173.174125033 -43.002201261
173.175351435 -43.002205002
173.176577837 -43.002208730
173.177804240 -43.002212446
173.179030642 -43.002216149
173.180257044 -43.002219838
173.181483446 -43.002223514
173.182709848 -43.002227178
173.183936250 -43.002230828
173.185162653 -43.002234465
173.186389055 -43.002238089
173.187615457 -43.002241701
173.188841859 -43.002245299
173.190068261 -43.002248884
173.191294662 -43.002252457
173.192521065 -43.002256015
173.193747467 -43.002259561
173.194973869 -43.002263094
173.196200270 -43.002266614
173.197426672 -43.002270121
173.198653074 -43.002273614
173.199879477 -43.002277096
173.201105878 -43.002280565
173.202332278 -43.002284023
173.203558679 -43.002287468
173.204785080 -43.002290899
173.206011481 -43.002294317
173.207237883 -43.002297722
173.208464283 -43.002301115
173.209690684 -43.002304494
173.210917085 -43.002307860
173.212143485 -43.002311214
173.213369886 -43.002314554
173.214596288 -43.002317881
173.215822688 -43.002321194
173.217049088 -43.002324496
173.218275489 -43.002327784
173.219501889 -43.002331058
173.220728290 -43.002334321
173.221954691 -43.002337569
173.223181091 -43.002340805
173.224407492 -43.002344027
173.225633892 -43.002347238
173.226860292 -43.002350434
173.228086692 -43.002353617
173.229313093 -43.002356789
173.230539493 -43.002359946
173.231765893 -43.002363090
173.232992293 -43.002366221
173.234218693 -43.002369340
173.235445092 -43.002372445
173.236671493 -43.002375537
173.237897893 -43.002378617
173.239124293 -43.002381683
173.240350692 -43.002384736
173.241577092 -43.002387776
173.242803491 -43.002390804
173.244029892 -43.002393818
173.245256291 -43.002396819
173.246482690 -43.002399808
173.247709090 -43.002402782
173.248935489 -43.002405744
173.250161888 -43.002408693
173.251388288 -43.002411629
173.252614687 -43.002414552
173.253841086 -43.002417462
173.255067485 -43.002420359
173.256293884 -43.002423243
173.257520283 -43.002426113
173.258746682 -43.002428971
173.259973081 -43.002431816
173.261199480 -43.002434647
173.262425878 -43.002437465
173.263652277 -43.002440271
173.264878675 -43.002443064
173.266105074 -43.002445843
173.267331473 -43.002448610
173.268557871 -43.002451363
173.269784269 -43.002454103
173.271010667 -43.002456830
173.272237065 -43.002459545
173.273463464 -43.002462246
173.274689862 -43.002464933
173.275916260 -43.002467609
173.277142657 -43.002470271
173.278369055 -43.002472920
173.279595452 -43.002475556
173.280821851 -43.002478180
173.282048249 -43.002480790
173.283274646 -43.002483387
173.284501043 -43.002485971
173.285727440 -43.002488542
173.286953837 -43.002491100
173.288180236 -43.002493644
173.289406633 -43.002496177
173.290633029 -43.002498695
173.291859426 -43.002501201
173.293085823 -43.002503694
173.294312219 -43.002506174
173.295538617 -43.002508640
173.296765014 -43.002511094
173.297991410 -43.002513535
173.299217806 -43.002515962
173.300444202 -43.002518376
173.301670598 -43.002520777
173.302896996 -43.002523165
173.304123392 -43.002525539
173.305349787 -43.002527900
173.306576183 -43.002530249
173.307802579 -43.002532584
173.309028974 -43.002534906
173.310255371 -43.002537216
173.311481766 -43.002539512
173.312708161 -43.002541795
173.313934557 -43.002544066
173.315160952 -43.002546324
173.316387347 -43.002548568
173.317613743 -43.002550799
173.318840138 -43.002553018
173.320066533 -43.002555223
173.321292927 -43.002557415
173.322519322 -43.002559594
173.323745716 -43.002561760
173.324972112 -43.002563913
173.326198506 -43.002566053
173.327424900 -43.002568181
173.328651294 -43.002570294
173.329877688 -43.002572395
173.331104082 -43.002574484
173.332330477 -43.002576558
173.333556871 -43.002578620
173.334783264 -43.002580669
173.336009658 -43.002582705
173.337236051 -43.002584728
173.338462444 -43.002586737
173.339688838 -43.002588734
173.340915231 -43.002590718
173.342141624 -43.002592688
173.343368017 -43.002594645
173.344594410 -43.002596591
173.345820802 -43.002598522
173.347047196 -43.002600440
173.348273588 -43.002602346
173.349499980 -43.002604238
173.350726372 -43.002606118
173.351952765 -43.002607986
173.353179157 -43.002609841
173.354405550 -43.002611682
173.355631942 -43.002613510
173.356858334 -43.002615326
173.358084725 -43.002617128
173.359311117 -43.002618917
173.360537508 -43.002620693
173.361763901 -43.002622457
173.362990292 -43.002624207
173.364216683 -43.002625944
173.365443074 -43.002627669
173.366669465 -43.002629380
173.367895855 -43.002631077
173.369122247 -43.002632763
173.370348637 -43.002634435
173.371575028 -43.002636094
173.372801418 -43.002637739
173.374027808 -43.002639373
173.375254198 -43.002640993
173.376480589 -43.002642599
173.377706978 -43.002644194
173.378933368 -43.002645774
173.380159757 -43.002647342
173.381386146 -43.002648896
173.382612535 -43.002650439
173.383838925 -43.002651967
173.385065314 -43.002653483
173.386291703 -43.002654986
173.387518091 -43.002656475
173.388744480 -43.002657952
173.389970869 -43.002659415
173.391197258 -43.002660867
173.392423646 -43.002662304
173.393650034 -43.002663728
173.394876422 -43.002665141
173.396102810 -43.002666539
173.397329197 -43.002667924
173.398555586 -43.002669297
173.399781973 -43.002670657
173.401008361 -43.002672002
173.402234749 -43.002673334
173.403461136 -43.002674654
173.404687524 -43.002675959
173.405913912 -43.002677252
173.407140299 -43.002678532
173.408366686 -43.002679799
173.409593073 -43.002681053
173.410819460 -43.002682294
173.412045846 -43.002683522
173.413272234 -43.002684737
173.414498620 -43.002685938
173.415725006 -43.002687127
173.416951392 -43.002688303
173.418177778 -43.002689466
173.419404163 -43.002690615
173.420630550 -43.002691752
173.421856935 -43.002692876
173.423083320 -43.002693986
173.424309705 -43.002695083
173.425536090 -43.002696169
173.426762475 -43.002697240
173.427988861 -43.002698298
173.429215245 -43.002699345
173.430441630 -43.002700377
173.431668014 -43.002701397
173.432894398 -43.002702404
173.434120782 -43.002703397
173.435347167 -43.002704377
173.436573550 -43.002705345
173.437799934 -43.002706300
173.439026317 -43.002707241
173.440252700 -43.002708169
173.441479083 -43.002709085
173.442705467 -43.002709987
173.443931849 -43.002710876
173.445158232 -43.002711752
173.446384614 -43.002712616
173.447610996 -43.002713466
173.448837378 -43.002714303
173.450063761 -43.002715128
173.451290142 -43.002715939
173.452516523 -43.002716737
173.453742904 -43.002717522
173.454969285 -43.002718295
173.456195666 -43.002719054
173.457422048 -43.002719800
173.458648428 -43.002720533
173.459874809 -43.002721253
173.461101189 -43.002721960
173.462327569 -43.002722654
173.463553948 -43.002723336
173.464780329 -43.002724003
173.466006709 -43.002724658
173.467233088 -43.002725301
173.468459467 -43.002725930
173.469685846 -43.002726546
173.470912225 -43.002727148
173.472138605 -43.002727739
173.473364984 -43.002728316
173.474591362 -43.002728879
173.475817740 -43.002729431
173.477044118 -43.002729969
173.477675112 -43.002293005
173.477675796 -43.001392886
173.477676479 -43.000492767
173.477677163 -42.999592648
173.477677847 -42.998692527
173.477678530 -42.997792408
173.477679213 -42.996892288
173.477679896 -42.995992167
173.477680581 -42.995092047
173.477681264 -42.994191926
173.477681948 -42.993291806
173.477682632 -42.992391684
173.477683316 -42.991491562
173.477684000 -42.990591441
173.477684684 -42.989691318
173.477685369 -42.988791196
173.477686054 -42.987891074
173.477686739 -42.986990950
173.477687424 -42.986090828
173.477688111 -42.985190704
173.477688796 -42.984290581
173.477689482 -42.983390457
173.477690168 -42.982490333
173.477690854 -42.981590209
173.477691540 -42.980690083
173.477692227 -42.979789959
173.477692913 -42.978889834
173.477693600 -42.977989708
173.477694287 -42.977089582
173.477694975 -42.976189457
173.477695663 -42.975289331
173.477696351 -42.974389203
173.477697039 -42.973489077
173.477697727 -42.972588950
173.477698415 -42.971688822
173.477699103 -42.970788695
173.477699792 -42.969888568
173.477700481 -42.968988439
173.477701169 -42.968088311
173.477701857 -42.967188182
173.477702547 -42.966288053
173.477703235 -42.965387923
173.477703924 -42.964487794
173.477704613 -42.963587664
173.477705302 -42.962687533
173.477705991 -42.961787403
173.477706681 -42.960887273
173.477707371 -42.959987142
173.477708060 -42.959087010
173.477708750 -42.958186879
173.477709441 -42.957286748
173.477710132 -42.956386615
173.477710823 -42.955486483
173.477711514 -42.954586351
173.477712205 -42.953686218
173.477712896 -42.952786085
173.477713587 -42.951885952
173.477714279 -42.950985819
173.477714970 -42.950085684
173.477715662 -42.949185551
173.477716354 -42.948285417
173.477717046 -42.947385281
173.477717740 -42.946485147
173.477718433 -42.945585012
173.477719125 -42.944684876
173.477719818 -42.943784741
173.477720512 -42.942884605
173.477721205 -42.941984470
173.477721898 -42.941084333
173.477722592 -42.940184196
173.477723286 -42.939284060
173.477723980 -42.938383922
173.477724675 -42.937483785
173.477725369 -42.936583647
173.477726062 -42.935683509
173.477726756 -42.934783370
173.477727449 -42.933883232
173.477728143 -42.932983093
173.477728838 -42.932082953
173.477729532 -42.931182814
173.477730226 -42.930282674
173.477730921 -42.929382534
173.477731616 -42.928482394
173.477732312 -42.927582254
173.477733007 -42.926682113
173.477733703 -42.925781971
173.477734398 -42.924881830
173.477735094 -42.923981689
173.477735790 -42.923081547
173.477736486 -42.922181405
173.477737183 -42.921281263
173.477737879 -42.920381120
173.477738576 -42.919480977
173.477739273 -42.918580834
173.477739971 -42.917680691
173.477740668 -42.916780547
173.477741365 -42.915880404
173.477742063 -42.914980260
173.477742761 -42.914080115
173.477743458 -42.913179970
173.477744157 -42.912279826
173.477744855 -42.911379681
173.477745553 -42.910479535
173.477746252 -42.909579390
173.477746952 -42.908679244
173.477747651 -42.907779097
173.477748350 -42.906878951
173.477749049 -42.905978805
173.477749747 -42.905078657
173.477750445 -42.904178510
173.477751144 -42.903278362
173.477751842 -42.902378214
173.477752541 -42.901478065
173.477753240 -42.900577917
173.477753939 -42.899677769
173.477754640 -42.898777619
173.477755339 -42.897877469
173.477756038 -42.896977319
173.477756736 -42.896077167
173.477757435 -42.895177016
173.477758134 -42.894276865
173.477758833 -42.893376713
173.477759533 -42.892476561
173.477760232 -42.891576409
173.477760932 -42.890676257
173.477761632 -42.889776103
173.477762333 -42.888875950
173.477763033 -42.887975797
173.477763734 -42.887075644
173.477764434 -42.886175490
173.477765135 -42.885275336
173.477765836 -42.884375182
173.477766537 -42.883475027
173.477767238 -42.882574872
173.477767940 -42.881674717
173.477768641 -42.880774561
173.477769344 -42.879874406
173.477770046 -42.878974251
173.477770748 -42.878074095
173.477771451 -42.877173938
173.477772153 -42.876273782
173.477772856 -42.875373625
173.477773558 -42.874473467
173.477774259 -42.873573310
173.477774961 -42.872673152
173.477775662 -42.871772993
173.477776364 -42.870872835
173.477777067 -42.869972676
173.477777770 -42.869072517
173.477778472 -42.868172357
173.477779175 -42.867272198
173.477779877 -42.866372039
173.477780580 -42.865471878
173.477781283 -42.864571718
173.477781987 -42.863671558
173.477782690 -42.862771397
173.477783394 -42.861871236
173.477784097 -42.860971075
173.477784803 -42.860070913
173.477785507 -42.859170751
173.477786211 -42.858270589
173.477786915 -42.857370427
173.477787620 -42.856470264
173.477788325 -42.855570102
173.477789030 -42.854669939
173.477789735 -42.853769776
173.477790440 -42.852869612
173.477791145 -42.851969448
173.477791852 -42.851069284
173.477792558 -42.850169119
173.477793264 -42.849268955
173.477793970 -42.848368791
173.477794676 -42.847468625
173.477795383 -42.846568460
173.477796089 -42.845668295
173.477796796 -42.844768129
173.477797503 -42.843867963
173.477798220 -42.842967800
173.477798939 -42.842067638
173.477799660 -42.841167475
173.477800379 -42.840267313
173.477801098 -42.839367150
173.477801818 -42.838466988
173.477802538 -42.837566824
173.477803258 -42.836666660
173.477803978 -42.835766497
173.477804699 -42.834866332
173.477805419 -42.833966168
173.477806140 -42.833066003
173.477806861 -42.832165838
173.477807583 -42.831265673
173.477808304 -42.830365508
173.477809025 -42.829465343
173.477809747 -42.828565176
173.477810468 -42.827665010
173.477811190 -42.826764844
173.477811912 -42.825864677
173.477812634 -42.824964510
173.477813357 -42.824064344
173.477814079 -42.823164176
173.477814802 -42.822264008
173.477815526 -42.821363841
173.477816249 -42.820463673
173.477816972 -42.819563504
173.477817695 -42.818663336
173.477818418 -42.817763167
173.477819142 -42.816862997
173.477819866 -42.815962828
173.477820590 -42.815062659
173.477821314 -42.814162489
173.477822038 -42.813262319
173.477822764 -42.812362149
173.477823491 -42.811461979
173.477824218 -42.810561808
173.477824945 -42.809661638
173.477825672 -42.808761467
173.477826399 -42.807861296
173.477772308 -42.807014112
173.476593871 -42.807253692
173.475415425 -42.807493261
173.474236970 -42.807732818
173.473058506 -42.807972361
173.471880033 -42.808211894
173.470701551 -42.808451415
173.469523059 -42.808690923
173.468344559 -42.808930420
173.467166049 -42.809169905
173.465987530 -42.809409376
173.464809002 -42.809648837
173.463630464 -42.809888286
173.462451917 -42.810127723
173.461273361 -42.810367147
173.460094795 -42.810606560
173.458916220 -42.810845961
173.457737636 -42.811085349
173.456559043 -42.811324726
173.455380441 -42.811564091
173.454201829 -42.811803443
173.453023209 -42.812042784
173.451844579 -42.812282113
173.450665940 -42.812521429
173.449487291 -42.812760734
173.448308634 -42.813000026
173.447129967 -42.813239307
173.445951291 -42.813478575
173.444772605 -42.813717832
173.443593911 -42.813957076
173.442415207 -42.814196308
173.441236494 -42.814435529
173.440057772 -42.814674737
173.438879041 -42.814913933
173.437700300 -42.815153118
173.436521550 -42.815392290
173.435342791 -42.815631450
173.434164023 -42.815870598
173.432985245 -42.816109734
173.431806458 -42.816348858
173.430627662 -42.816587971
173.429448857 -42.816827071
173.428270043 -42.817066159
173.427091219 -42.817305234
173.425912386 -42.817544298
173.424733545 -42.817783351
173.423554698 -42.818022393
173.422375842 -42.818261423
173.421196976 -42.818500441
173.420018102 -42.818739448
173.418839218 -42.818978441
173.417660325 -42.819217423
173.416481423 -42.819456394
173.415302513 -42.819695352
173.414123593 -42.819934298
173.412944665 -42.820173233
173.411765727 -42.820412154
173.410586779 -42.820651064
173.409407823 -42.820889963
173.408228858 -42.821128849
173.407049883 -42.821367724
173.405870899 -42.821606586
173.404691907 -42.821845437
173.403512905 -42.822084274
173.402333894 -42.822323101
173.401154874 -42.822561915
173.399975845 -42.822800718
173.398796807 -42.823039507
173.397617760 -42.823278284
173.396438704 -42.823517048
173.395259638 -42.823755801
173.394080564 -42.823994543
173.392901480 -42.824233272
173.391722388 -42.824471989
173.390543286 -42.824710694
173.389364176 -42.824949388
173.388185056 -42.825188068
173.387005926 -42.825426737
173.385826785 -42.825665393
173.384647635 -42.825904038
173.383468476 -42.826142670
173.382289308 -42.826381290
173.381110131 -42.826619898
173.379930945 -42.826858494
173.378751749 -42.827097079
173.377572544 -42.827335651
173.376393331 -42.827574211
173.375214108 -42.827812759
173.374034875 -42.828051296
173.372855634 -42.828289819
173.371676384 -42.828528331
173.370497124 -42.828766831
173.369317856 -42.829005320
173.368138578 -42.829243796
173.366959291 -42.829482260
173.365779995 -42.829720711
173.364600690 -42.829959151
173.363421375 -42.830197579
173.362242052 -42.830435995
173.361062719 -42.830674399
173.359883377 -42.830912791
173.358704028 -42.831151171
173.357524668 -42.831389538
173.356345298 -42.831627894
173.355165920 -42.831866237
173.353986533 -42.832104569
173.352807136 -42.832342889
173.351627730 -42.832581197
173.350448315 -42.832819492
173.349268889 -42.833057779
173.348089451 -42.833296056
173.346910004 -42.833534321
173.345730548 -42.833772574
173.344551083 -42.834010815
173.343371608 -42.834249044
173.342192125 -42.834487260
173.341012632 -42.834725464
173.339833131 -42.834963657
173.338653620 -42.835201838
173.337474100 -42.835440007
173.336294570 -42.835678164
173.335115032 -42.835916308
173.333935485 -42.836154440
173.332755928 -42.836392561
173.331576362 -42.836630670
173.330714977 -42.836804542