172.99918218	-40.78161970
172.99890968	-40.78068620
172.99865306	-40.77980709
172.99839645	-40.77892798
172.99813984	-40.77804887
172.99788325	-40.77716976
172.99762665	-40.77629064
172.99737007	-40.77541153
172.99711349	-40.77453242
172.99685692	-40.77365330
172.99660035	-40.77277419
172.99634379	-40.77189507
172.99608724	-40.77101596
172.99583069	-40.77013684
172.99557415	-40.76925773
172.99531762	-40.76837861
172.99506109	-40.76749949
172.99480457	-40.76662037
172.99454806	-40.76574125
172.99429155	-40.76486214
172.99403505	-40.76398302
172.99377856	-40.76310390
172.99352207	-40.76222478
172.99326559	-40.76134565
172.99300911	-40.76046653
172.99275265	-40.75958741
172.99249619	-40.75870829
172.99223973	-40.75782916
172.99198328	-40.75695004
172.99172684	-40.75607091
172.99147041	-40.75519179
172.99121398	-40.75431266
172.99095756	-40.75343354
172.99070114	-40.75255441
172.99044473	-40.75167528
172.99018833	-40.75079616
172.98993193	-40.74991703
172.98967554	-40.74903790
172.98941916	-40.74815877
172.98916279	-40.74727964
172.98890642	-40.74640051
172.98865006	-40.74552138
172.98839370	-40.74464225
172.98813735	-40.74376312
172.98788101	-40.74288398
172.98762467	-40.74200485
172.98736834	-40.74112572
172.98665249	-40.74076225
172.98548391	-40.74090682
172.98431532	-40.74105138
172.98314673	-40.74119593
172.98197813	-40.74134046
172.98080953	-40.74148498
172.97964092	-40.74162949
172.97847231	-40.74177399
172.97730369	-40.74191848
172.97613507	-40.74206295
172.97496645	-40.74220741
172.97379781	-40.74235186
172.97262918	-40.74249630
172.97146054	-40.74264073
172.97029189	-40.74278514
172.96912324	-40.74292954
172.96795459	-40.74307393
172.96678593	-40.74321831
172.96561726	-40.74336268
172.96444859	-40.74350703
172.96327992	-40.74365138
172.96211124	-40.74379571
172.96094255	-40.74394002
172.95977387	-40.74408433
172.95860517	-40.74422862
172.95743647	-40.74437291
172.95626777	-40.74451718
172.95509906	-40.74466143
172.95393035	-40.74480568
172.95276163	-40.74494992
172.95159291	-40.74509414
172.95042418	-40.74523835
172.94925545	-40.74538255
172.94808671	-40.74552673
172.94691797	-40.74567091
172.94579303	-40.74594862
172.94467219	-40.74623883
172.94355133	-40.74652903
172.94243047	-40.74681922
172.94130959	-40.74710940
172.94018871	-40.74739957
172.93906782	-40.74768972
172.93794691	-40.74797987
172.93682600	-40.74827000
172.93570508	-40.74856012
172.93458415	-40.74885023
172.93346321	-40.74914033
172.93234226	-40.74943042
172.93122130	-40.74972050
172.93010033	-40.75001057
172.92897935	-40.75030062
172.92785836	-40.75059067
172.92673736	-40.75088070
172.92561635	-40.75117072
172.92449534	-40.75146073
172.92336331	-40.75169093
172.92218068	-40.75164586
172.92099804	-40.75160078
172.91981540	-40.75155569
172.91863277	-40.75151058
172.91745014	-40.75146547
172.91626751	-40.75142034
172.91508488	-40.75137520
172.91390226	-40.75133004
172.91271963	-40.75128488
172.91153701	-40.75123970
172.91035439	-40.75119451
172.90917177	-40.75114931
172.90798916	-40.75110409
172.90680654	-40.75105886
172.90562393	-40.75101363
172.90444132	-40.75096837
172.90325871	-40.75092311
172.90207610	-40.75087783
172.90089350	-40.75083255
172.89971089	-40.75078725
172.89852829	-40.75074196
172.89734570	-40.75069665
172.89616310	-40.75065133
172.89498050	-40.75060599
172.89379791	-40.75056065
172.89261532	-40.75051529
172.89143273	-40.75046992
172.89025014	-40.75042454
172.88906755	-40.75037914
172.88788497	-40.75033374
172.88670239	-40.75028832
172.88551981	-40.75024289
172.88433723	-40.75019744
172.88315465	-40.75015199
172.88197208	-40.75010652
172.88078951	-40.75006104
172.87960694	-40.75001555
172.87842437	-40.74997005
172.87724180	-40.74992453
172.87605924	-40.74987900
172.87487667	-40.74983346
172.87369411	-40.74978791
172.87251155	-40.74974234
172.87132900	-40.74969677
172.87014644	-40.74965118
172.86896389	-40.74960558
172.86778133	-40.74955996
172.86659878	-40.74951434
172.86541624	-40.74946870
172.86423369	-40.74942305
172.86305115	-40.74937739
172.86186861	-40.74933171
172.86068607	-40.74928603
172.85950353	-40.74924033
172.85832099	-40.74919462
172.85713846	-40.74914889
172.85595592	-40.74910316
172.85477339	-40.74905741
172.85359087	-40.74901165
172.85240834	-40.74896588
172.85125762	-40.74876332
172.85011195	-40.74853592
172.84896628	-40.74830851
172.84782062	-40.74808110
172.84667497	-40.74785366
172.84552933	-40.74762622
172.84438370	-40.74739877
172.84323807	-40.74717130
172.84209246	-40.74694383
172.84094685	-40.74671634
172.83980125	-40.74648884
172.83865565	-40.74626133
172.83751007	-40.74603381
172.83636449	-40.74580628
172.83521892	-40.74557873
172.83407336	-40.74535118
172.83292781	-40.74512361
172.83178227	-40.74489603
172.83063673	-40.74466844
172.82949120	-40.74444084
172.82834568	-40.74421323
172.82720017	-40.74398560
172.82605467	-40.74375797
172.82490917	-40.74353032
172.82376368	-40.74330266
172.82261820	-40.74307499
172.82147273	-40.74284731
172.82032727	-40.74261962
172.81918181	-40.74239192
172.81803637	-40.74216420
172.81689093	-40.74193648
172.81574550	-40.74170874
172.81460007	-40.74148099
172.81345466	-40.74125323
172.81230925	-40.74102546
172.81116386	-40.74079767
172.81001847	-40.74056988
172.80887308	-40.74034207
172.80772771	-40.74011426
172.80658234	-40.73988643
172.80543699	-40.73965859
172.80429164	-40.73943074
172.80314629	-40.73920287
172.80200096	-40.73897500
172.80085564	-40.73874711
172.80003639	-40.73814388
172.79931164	-40.73743189
172.79858691	-40.73671989
172.79786219	-40.73600789
172.79713749	-40.73529588
172.79641280	-40.73458387
172.79568813	-40.73387186
172.79496347	-40.73315984
172.79423883	-40.73244781
172.79351421	-40.73173578
172.79278960	-40.73102375
172.79206500	-40.73031171
172.79134043	-40.72959967
172.79061586	-40.72888762
172.78989131	-40.72817557
172.78916678	-40.72746352
172.78844227	-40.72675146
172.78771776	-40.72603939
172.78699328	-40.72532732
172.78626881	-40.72461525
172.78554435	-40.72390317
172.78481991	-40.72319109
172.78409549	-40.72247900
172.78337108	-40.72176691
172.78264669	-40.72105482
172.78192231	-40.72034272
172.78119794	-40.71963061
172.78047360	-40.71891850
172.77974927	-40.71820639
172.77902495	-40.71749427
172.77830065	-40.71678215
172.77757636	-40.71607002
172.77685209	-40.71535789
172.77612784	-40.71464575
172.77540360	-40.71393362
172.77467938	-40.71322147
172.77395517	-40.71250932
172.77323098	-40.71179717
172.77250680	-40.71108501
172.77178264	-40.71037285
172.77105849	-40.70966068
172.77033436	-40.70894851
172.76961024	-40.70823633
172.76888614	-40.70752415
172.76816206	-40.70681197
172.76743799	-40.70609978
172.76671394	-40.70538759
172.76598990	-40.70467539
172.76526588	-40.70396319
172.76454187	-40.70325098
172.76381788	-40.70253877
172.76344586	-40.70169204
172.76312754	-40.70082478
172.76280923	-40.69995753
172.76249092	-40.69909027
172.76217263	-40.69822302
172.76185435	-40.69735575
172.76153608	-40.69648849
172.76121782	-40.69562123
172.76089957	-40.69475397
172.76058132	-40.69388671
172.76026308	-40.69301944
172.75994486	-40.69215218
172.75962664	-40.69128491
172.75930842	-40.69041764
172.75899022	-40.68955038
172.75867202	-40.68868311
172.75835383	-40.68781584
172.75803565	-40.68694857
172.75771748	-40.68608130
172.75739931	-40.68521403
172.75708116	-40.68434676
172.75676301	-40.68347948
172.75644487	-40.68261221
172.75612674	-40.68174493
172.75580861	-40.68087766
172.75549050	-40.68001038
172.75517239	-40.67914310
172.75485429	-40.67827583
172.75453620	-40.67740855
172.75421811	-40.67654127
172.75390004	-40.67567399
172.75358197	-40.67480671
172.75326391	-40.67393942
172.75294586	-40.67307214
172.75262781	-40.67220486
172.75230978	-40.67133757
172.75199175	-40.67047029
172.75167373	-40.66960300
172.75135572	-40.66873571
172.75103771	-40.66786843
172.75071972	-40.66700114
172.75040173	-40.66613385
172.75008375	-40.66526656
172.74976578	-40.66439927
172.74944781	-40.66353198
172.74940932	-40.66264088
172.74946776	-40.66174153
172.74952621	-40.66084217
172.74958465	-40.65994282
172.74964310	-40.65904346
172.74970154	-40.65814411
172.74975997	-40.65724475
172.74981841	-40.65634540
172.74987685	-40.65544604
172.74993528	-40.65454669
172.74999371	-40.65364733
172.75005214	-40.65274798
172.75011057	-40.65184863
172.75016899	-40.65094927
172.75022741	-40.65004991
172.75028584	-40.64915056
172.75034425	-40.64825120
172.75040267	-40.64735185
172.75046109	-40.64645249
172.75051950	-40.64555314
172.75057791	-40.64465378
172.75063632	-40.64375443
172.75069473	-40.64285507
172.75075314	-40.64195571
172.75081154	-40.64105636
172.75086994	-40.64015700
172.75092834	-40.63925765
172.75098674	-40.63835829
172.75104514	-40.63745893
172.75110353	-40.63655958
172.75116193	-40.63566022
172.75122032	-40.63476086
172.75127871	-40.63386151
172.75133709	-40.63296215
172.75139548	-40.63206279
172.75145386	-40.63116344
172.75151224	-40.63026408
172.75157062	-40.62936472
172.75162900	-40.62846537
172.75168737	-40.62756601
172.75174575	-40.62666665
172.75180412	-40.62576729
172.75186249	-40.62486794
172.75192086	-40.62396858
172.75197922	-40.62306922
172.75203759	-40.62216986
172.75209595	-40.62127051
172.75215431	-40.62037115
172.75247490	-40.61950687
172.75282210	-40.61864616
172.75316930	-40.61778545
172.75351649	-40.61692474
172.75386367	-40.61606402
172.75421085	-40.61520330
172.75455801	-40.61434258
172.75490516	-40.61348186
172.75525230	-40.61262114
172.75559944	-40.61176042
172.75594656	-40.61089970
172.75629368	-40.61003898
172.75664078	-40.60917825
172.75698788	-40.60831753
172.75733497	-40.60745680
172.75768205	-40.60659607
172.75802912	-40.60573534
172.75837618	-40.60487461
172.75872323	-40.60401387
172.75907027	-40.60315314
172.75941730	-40.60229241
172.75976433	-40.60143167
172.76011134	-40.60057093
172.76045834	-40.59971019
172.76080534	-40.59884946
172.76115233	-40.59798871
172.76149931	-40.59712797
172.76184628	-40.59626723
172.76219324	-40.59540648
172.76254020	-40.59454573
172.76288714	-40.59368499
172.76323407	-40.59282424
172.76358100	-40.59196349
172.76392792	-40.59110273
172.76427482	-40.59024198
172.76462172	-40.58938123
172.76496861	-40.58852047
172.76531549	-40.58765971
172.76566236	-40.58679896
172.76600922	-40.58593820
172.76635607	-40.58507744
172.76670291	-40.58421668
172.76704975	-40.58335591
172.76739657	-40.58249515
172.76774339	-40.58163439
172.76809019	-40.58077362
172.76843699	-40.57991285
172.76878377	-40.57905208
172.76913055	-40.57819131
172.76947732	-40.57733054
172.76982408	-40.57646977
172.77017083	-40.57560900
172.77051757	-40.57474822
172.77086430	-40.57388745
172.77121102	-40.57302667
172.77155774	-40.57216589
172.77190444	-40.57130511
172.77225113	-40.57044433
172.77259782	-40.56958355
172.77294449	-40.56872276
172.77329116	-40.56786198
172.77363782	-40.56700120
172.77398447	-40.56614041
172.77433110	-40.56527962
172.77467773	-40.56441883
172.77502435	-40.56355804
172.77537096	-40.56269725
172.77571756	-40.56183646
172.77606416	-40.56097566
172.77641074	-40.56011487
172.77675731	-40.55925407
172.77710388	-40.55839327
172.77745043	-40.55753248
172.77779698	-40.55667167
172.77814352	-40.55581087
172.77849005	-40.55495007
172.77883656	-40.55408927
172.77918307	-40.55322846
172.77952957	-40.55236766
172.77987606	-40.55150685
172.78022255	-40.55064604
172.78056902	-40.54978523
172.78091548	-40.54892442
172.78126193	-40.54806361
172.78160838	-40.54720280
172.78195481	-40.54634198
172.78230124	-40.54548117
172.78264766	-40.54462035
172.78299406	-40.54375953
172.78334046	-40.54289871
172.78368685	-40.54203789
172.78403323	-40.54117707
172.78437960	-40.54031625
172.78472596	-40.53945542
172.78507231	-40.53859460
172.78541866	-40.53773377
172.78448053	-40.53739413
172.78335138	-40.53713199
172.78222223	-40.53686983
172.78109310	-40.53660767
172.77996397	-40.53634550
172.77883485	-40.53608332
172.77770575	-40.53582112
172.77657665	-40.53555892
172.77544756	-40.53529670
172.77431848	-40.53503447
172.77318941	-40.53477223
172.77206034	-40.53450998
172.77093129	-40.53424772
172.76980225	-40.53398545
172.76867321	-40.53372316
172.76754419	-40.53346087
172.76641517	-40.53319856
172.76528616	-40.53293625
172.76415716	-40.53267392
172.76302818	-40.53241158
172.76189920	-40.53214923
172.76077023	-40.53188687
172.75964127	-40.53162450
172.75851231	-40.53136212
172.75738337	-40.53109973
172.75625444	-40.53083732
172.75512551	-40.53057491
172.75399660	-40.53031248
172.75286769	-40.53005005
172.75173880	-40.52978760
172.75060991	-40.52952514
172.74948103	-40.52926267
172.74835216	-40.52900019
172.74722330	-40.52873769
172.74609445	-40.52847519
172.74496561	-40.52821268
172.74383678	-40.52795015
172.74270795	-40.52768762
172.74157914	-40.52742507
172.74045033	-40.52716251
172.73932154	-40.52689994
172.73819275	-40.52663736