178.156642 -38.634324
178.157796 -38.634252
178.158951 -38.634179
178.160105 -38.634107
178.161260 -38.634034
178.162414 -38.633962
178.163568 -38.633889
178.164723 -38.633817
178.165877 -38.633744
178.167032 -38.633671
178.168186 -38.633599
178.169341 -38.633526
178.170495 -38.633454
178.171649 -38.633381
178.172804 -38.633308
178.173958 -38.633236
178.175113 -38.633163
178.176267 -38.633090
178.177421 -38.633018
178.178576 -38.632945
178.179730 -38.632872
178.180884 -38.632800
178.182039 -38.632727
178.183193 -38.632654
178.184348 -38.632581
178.185502 -38.632509
178.186656 -38.632436
178.187811 -38.632363
178.188965 -38.632290
178.190119 -38.632217
178.191274 -38.632145
178.192428 -38.632072
178.193583 -38.631999
178.194737 -38.631926
178.195891 -38.631853
178.197046 -38.631780
178.198200 -38.631707
178.199354 -38.631635
178.200509 -38.631562
178.201663 -38.631489
178.202817 -38.631416
178.203972 -38.631343
178.205126 -38.631270
178.206280 -38.631197
178.207435 -38.631124
178.208589 -38.631051
178.209743 -38.630978
178.210897 -38.630905
178.212052 -38.630832
178.213206 -38.630759
178.214360 -38.630686
178.215515 -38.630613
178.216669 -38.630540
178.217823 -38.630466
178.218978 -38.630393
178.220132 -38.630320
178.221286 -38.630247
178.222440 -38.630174
178.223595 -38.630101
178.224749 -38.630028
178.225903 -38.629955
178.227058 -38.629881
178.228212 -38.629808
178.229366 -38.629735
178.230520 -38.629662
178.231675 -38.629589
178.232829 -38.629515
178.233983 -38.629442
178.235137 -38.629369
178.236292 -38.629296
178.237446 -38.629222
178.238600 -38.629149
178.239754 -38.629076
178.240909 -38.629002
178.242063 -38.628929
178.243217 -38.628856
178.244371 -38.628782
178.245526 -38.628709
178.246680 -38.628636
178.247834 -38.628562
178.248988 -38.628489
178.250142 -38.628415
178.251297 -38.628342
178.252451 -38.628269
178.253605 -38.628195
178.254759 -38.628122
178.255914 -38.628048
178.257068 -38.627975
178.258222 -38.627901
178.259376 -38.627828
178.260530 -38.627754
178.261685 -38.627681
178.262839 -38.627607
178.263993 -38.627534
178.265147 -38.627460
178.266301 -38.627387
178.267455 -38.627313
178.268610 -38.627239
178.269764 -38.627166
178.270918 -38.627092
178.272072 -38.627019
178.273226 -38.626945
178.274381 -38.626871
178.275535 -38.626798
178.276689 -38.626724
178.277843 -38.626650
178.278997 -38.626577
178.280151 -38.626503
178.281305 -38.626429
178.282460 -38.626356
178.283614 -38.626282
178.284614 -38.626659
178.284674 -38.627561
178.284734 -38.628463
178.284793 -38.629365
178.284853 -38.630267
178.284912 -38.631169
178.284972 -38.632071
178.285032 -38.632974
178.285091 -38.633876
178.285151 -38.634778
178.285210 -38.635680
178.285270 -38.636582
178.285330 -38.637484
178.285389 -38.638386
178.285449 -38.639288
178.285508 -38.640190
178.285568 -38.641092
178.285628 -38.641994
178.285687 -38.642896
178.285747 -38.643798
178.285807 -38.644700
178.285866 -38.645602
178.285926 -38.646504
178.285986 -38.647406
178.286045 -38.648308
178.286105 -38.649211
178.286164 -38.650113
178.286224 -38.651015
178.286284 -38.651917
178.286343 -38.652819
178.286403 -38.653721
178.286463 -38.654623
178.286522 -38.655525
178.286582 -38.656427
178.286642 -38.657329
178.286701 -38.658231
178.286761 -38.659133
178.286821 -38.660035
178.286880 -38.660937
178.286940 -38.661839
178.287000 -38.662741
178.287059 -38.663643
178.287119 -38.664545
178.287179 -38.665447
178.287238 -38.666350
178.287298 -38.667252
178.287358 -38.668154
178.287417 -38.669056
178.287477 -38.669958
178.287537 -38.670860
178.287596 -38.671762
178.287656 -38.672664
178.287716 -38.673566
178.287776 -38.674468
178.287835 -38.675370
178.287895 -38.676272
178.287955 -38.677174
178.288014 -38.678076
178.288074 -38.678978
178.288134 -38.679880
178.288193 -38.680782
178.288253 -38.681684
178.288313 -38.682586
178.288373 -38.683488
178.288432 -38.684390
178.288492 -38.685292
178.288552 -38.686194
178.288611 -38.687097
178.288671 -38.687999
178.288731 -38.688901
178.288791 -38.689803
178.288850 -38.690705
178.288910 -38.691607
178.288970 -38.692509
178.289029 -38.693411
178.289089 -38.694313
178.289149 -38.695215
178.289209 -38.696117
178.289268 -38.697019
178.289328 -38.697921
178.289388 -38.698823
178.289448 -38.699725
178.289507 -38.700627
178.289567 -38.701529
178.289627 -38.702431
178.289687 -38.703333
178.289746 -38.704235
178.289806 -38.705137
178.289866 -38.706039
178.289926 -38.706941
178.289985 -38.707843
178.290045 -38.708745
178.290105 -38.709647
178.290165 -38.710549
178.290224 -38.711451
178.290284 -38.712353
178.290344 -38.713256
178.290404 -38.714158
178.290463 -38.715060
178.290523 -38.715962
178.290583 -38.716864
178.290643 -38.717766
178.290702 -38.718668
178.290762 -38.719570
178.290822 -38.720472
178.290882 -38.721374
178.290942 -38.722276
178.291001 -38.723178
178.291061 -38.724080
178.291121 -38.724982
178.291181 -38.725884
178.291241 -38.726786
178.291300 -38.727688
178.291360 -38.728590
178.291420 -38.729492
178.291480 -38.730394
178.291540 -38.731296
178.291599 -38.732198
178.291659 -38.733100
178.291719 -38.734002
178.291779 -38.734904
178.291839 -38.735806
178.291898 -38.736708
178.291958 -38.737610
178.292018 -38.738512
178.292078 -38.739414
178.292138 -38.740316
178.292197 -38.741218
178.292257 -38.742120
178.292317 -38.743022
178.292377 -38.743924
178.292437 -38.744826
178.292497 -38.745728
178.292556 -38.746630
178.292616 -38.747532
178.292676 -38.748434
178.292736 -38.749336
178.292796 -38.750238
178.292856 -38.751140
178.292915 -38.752042
178.292975 -38.752944
178.293035 -38.753846
178.293095 -38.754748
178.293155 -38.755650
178.293215 -38.756552
178.293274 -38.757454
178.293334 -38.758356
178.293394 -38.759258
178.293454 -38.760160
178.293514 -38.761063
178.293574 -38.761965
178.293634 -38.762867
178.293693 -38.763769
178.293753 -38.764671
178.293813 -38.765573
178.293873 -38.766475
178.293933 -38.767377
178.293993 -38.768279
178.294053 -38.769181
178.294113 -38.770083
178.294172 -38.770985
178.294232 -38.771887
178.294292 -38.772789
178.294352 -38.773691
178.294412 -38.774593
178.294472 -38.775495
178.294532 -38.776397
178.294592 -38.777299
178.294652 -38.778201
178.294711 -38.779103
178.294771 -38.780005
178.294831 -38.780907
178.294891 -38.781809
178.294951 -38.782711
178.295011 -38.783613
178.295071 -38.784515
178.295131 -38.785417
178.295191 -38.786319
178.295251 -38.787221
178.295310 -38.788123
178.295370 -38.789025
178.295430 -38.789927
178.295490 -38.790829
178.295550 -38.791731
178.295610 -38.792633
178.295670 -38.793535
178.295730 -38.794437
178.295790 -38.795339
178.295850 -38.796241
178.295910 -38.797143
178.295970 -38.798045
178.296030 -38.798947
178.296089 -38.799849
178.296149 -38.800751
178.296209 -38.801653
178.296269 -38.802555
178.296329 -38.803457
178.296389 -38.804359
178.296449 -38.805261
178.296509 -38.806163
178.296569 -38.807065
178.296629 -38.807967
178.296689 -38.808869
178.296749 -38.809771
178.296809 -38.810673
178.296869 -38.811575
178.296929 -38.812477
178.296989 -38.813378
178.297049 -38.814280
178.297109 -38.815182
178.297169 -38.816084
178.297228 -38.816986
178.297288 -38.817888
178.297348 -38.818790
178.297408 -38.819692
178.297468 -38.820594
178.297528 -38.821496
178.297588 -38.822398
178.297648 -38.823300
178.297708 -38.824202
178.297768 -38.825104
178.297828 -38.826006
178.297888 -38.826908
178.297948 -38.827810
178.298008 -38.828712
178.298068 -38.829614
178.298128 -38.830516
178.298188 -38.831418
178.298248 -38.832320
178.298308 -38.833222
178.298368 -38.834124
178.298428 -38.835026
178.298488 -38.835928
178.298548 -38.836830
178.298608 -38.837732
178.298668 -38.838634
178.298728 -38.839536
178.298788 -38.840438
178.298848 -38.841340
178.298908 -38.842242
178.298968 -38.843144
178.299028 -38.844046
178.299088 -38.844948
178.299148 -38.845850
178.299208 -38.846752
178.299268 -38.847654
178.299328 -38.848556
178.299388 -38.849458
178.299448 -38.850360
178.299509 -38.851262
178.298355 -38.851310
178.297201 -38.851357
178.296048 -38.851405
178.294894 -38.851453
178.293740 -38.851501
178.292587 -38.851549
178.291433 -38.851597
178.290279 -38.851644
178.289126 -38.851692
178.287972 -38.851740
178.286819 -38.851788
178.285665 -38.851835
178.284511 -38.851883
178.283358 -38.851931
178.282204 -38.851979
178.281050 -38.852026
178.279897 -38.852074
178.278743 -38.852122
178.277589 -38.852169
178.276436 -38.852217
178.275282 -38.852265
178.274128 -38.852312
178.272975 -38.852360
178.271821 -38.852408
178.270667 -38.852455
178.269514 -38.852503
178.268360 -38.852550
178.267206 -38.852598
178.266053 -38.852646
178.264899 -38.852693
178.263745 -38.852741
178.262592 -38.852788
178.261438 -38.852836
178.260284 -38.852883
178.259131 -38.852931
178.257977 -38.852978
178.256823 -38.853026
178.255670 -38.853073
178.254516 -38.853121
178.253362 -38.853168
178.252209 -38.853215
178.251055 -38.853263
178.249901 -38.853310
178.248748 -38.853358
178.247594 -38.853405
178.246440 -38.853452
178.245286 -38.853500
178.244133 -38.853547
178.242979 -38.853594
178.241825 -38.853642
178.240672 -38.853689
178.239518 -38.853736
178.238364 -38.853784
178.237210 -38.853831
178.236057 -38.853878
178.234903 -38.853925
178.233749 -38.853973
178.232596 -38.854020
178.231442 -38.854067
178.230288 -38.854114
178.229134 -38.854162
178.227981 -38.854209
178.226827 -38.854256
178.225673 -38.854303
178.224519 -38.854350
178.223366 -38.854397
178.222212 -38.854445
178.221058 -38.854492
178.219904 -38.854539
178.218751 -38.854586
178.217597 -38.854633
178.216443 -38.854680
178.215289 -38.854727
178.214136 -38.854774
178.212982 -38.854821
178.211828 -38.854868
178.210674 -38.854915
178.209521 -38.854962
178.208367 -38.855009
178.207213 -38.855056
178.206059 -38.855103
178.204906 -38.855150
178.203752 -38.855197
178.202598 -38.855244
178.201444 -38.855291
178.200291 -38.855338
178.199137 -38.855385
178.197983 -38.855432
178.196829 -38.855479
178.195675 -38.855526
178.194522 -38.855572
178.193368 -38.855619
178.192214 -38.855666
178.191060 -38.855713
178.189906 -38.855760
178.188753 -38.855806
178.187599 -38.855853
178.186445 -38.855900
178.185291 -38.855947
178.184137 -38.855994
178.182984 -38.856040
178.181830 -38.856087
178.180676 -38.856134
178.179522 -38.856180
178.178368 -38.856227
178.177215 -38.856274
178.176061 -38.856321
178.174907 -38.856367
178.173753 -38.856414
178.172599 -38.856460
178.171445 -38.856507
178.170292 -38.856554
178.169138 -38.856600
178.167984 -38.856647
178.166830 -38.856694
178.165676 -38.856740
178.164522 -38.856787
178.163369 -38.856833
178.162215 -38.856880
178.161061 -38.856926
178.159907 -38.856973
178.158753 -38.857019
178.157599 -38.857066
178.156446 -38.857112
178.155292 -38.857159
178.154138 -38.857205
178.152984 -38.857252
178.151830 -38.857298
178.150676 -38.857345
178.149522 -38.857391
178.148369 -38.857437
178.147215 -38.857484
178.146061 -38.857530
178.144907 -38.857577
178.143753 -38.857623
178.142599 -38.857669
178.141445 -38.857716
178.140291 -38.857762
178.139138 -38.857808
178.137984 -38.857855
178.136830 -38.857901
178.135676 -38.857947
178.134522 -38.857993
178.133368 -38.858040
178.132214 -38.858086
178.131060 -38.858132
178.129907 -38.858178
178.128753 -38.858225
178.127599 -38.858271
178.126445 -38.858317
178.125291 -38.858363
178.124137 -38.858409
178.122983 -38.858455
178.121829 -38.858502
178.120675 -38.858548
178.119521 -38.858594
178.118368 -38.858640
178.117214 -38.858686
178.116060 -38.858732
178.114906 -38.858778
178.113752 -38.858824
178.112598 -38.858870
178.111444 -38.858916
178.110290 -38.858962
178.109136 -38.859008
178.107982 -38.859054
178.106828 -38.859100
178.105674 -38.859146
178.104520 -38.859192
178.103367 -38.859238
178.102213 -38.859284
178.101059 -38.859330
178.099905 -38.859376
178.098751 -38.859422
178.097597 -38.859468
178.096443 -38.859514
178.095289 -38.859560
178.094135 -38.859606
178.092981 -38.859652
178.091827 -38.859697
178.090673 -38.859743
178.089519 -38.859789
178.088365 -38.859835
178.087211 -38.859881
178.086057 -38.859927
178.084903 -38.859972
178.083749 -38.860018
178.082595 -38.860064
178.081442 -38.860110
178.080288 -38.860155
178.079134 -38.860201
178.077980 -38.860247
178.076826 -38.860293
178.075672 -38.860338
178.074518 -38.860384
178.073364 -38.860430
178.072210 -38.860475
178.071056 -38.860521
178.069902 -38.860567
178.068748 -38.860612
178.067594 -38.860658
178.066440 -38.860703
178.065286 -38.860749
178.064132 -38.860795
178.062978 -38.860840
178.061824 -38.860886
178.060670 -38.860931
178.059516 -38.860977
178.058362 -38.861022
178.057208 -38.861068
178.056054 -38.861113
178.054900 -38.861159
178.053746 -38.861204
178.052592 -38.861250
178.051438 -38.861295
178.050284 -38.861341
178.049130 -38.861386
178.047976 -38.861432
178.046822 -38.861477
178.045668 -38.861522
178.044514 -38.861568
178.043360 -38.861613
178.042206 -38.861659
178.041052 -38.861704
178.039898 -38.861749
178.038744 -38.861795
178.037590 -38.861840
178.036436 -38.861885
178.035281 -38.861930
178.034127 -38.861976
178.032973 -38.862021
178.031819 -38.862066
178.030665 -38.862112
178.029511 -38.862157
178.028357 -38.862202
178.027203 -38.862247
178.026049 -38.862293
178.024895 -38.862338
178.023741 -38.862383
178.022587 -38.862428
178.021433 -38.862473
178.020279 -38.862518
178.019125 -38.862564
178.017971 -38.862609
178.016817 -38.862654
178.015663 -38.862699
178.014509 -38.862744
178.013354 -38.862789
178.012200 -38.862834
178.011046 -38.862879
178.009892 -38.862924
178.008738 -38.862969
178.007584 -38.863014
178.006430 -38.863059
178.005276 -38.863104
178.004122 -38.863149
178.002968 -38.863194
178.001814 -38.863239
178.000660 -38.863284
177.999506 -38.863329
177.998351 -38.863374
177.997197 -38.863419
177.996043 -38.863464
177.994889 -38.863509
177.993735 -38.863554
177.992581 -38.863599
177.991427 -38.863644
177.990273 -38.863689
177.989119 -38.863733
177.987965 -38.863778
177.986811 -38.863823
177.985656 -38.863868
177.984502 -38.863913
177.983348 -38.863957
177.982194 -38.864002
177.981040 -38.864047
177.979886 -38.864092
177.978732 -38.864137
177.977578 -38.864181
177.976424 -38.864226
177.975269 -38.864271
177.974115 -38.864315
177.972961 -38.864360
177.971807 -38.864405
177.970653 -38.864449
177.969499 -38.864494
177.968345 -38.864539
177.967191 -38.864583
177.966036 -38.864628
177.964882 -38.864673
177.963728 -38.864717
177.962574 -38.864762
177.961420 -38.864806
177.960266 -38.864851
177.959112 -38.864896
177.957957 -38.864940
177.956803 -38.864985
177.955649 -38.865029
177.954495 -38.865074
177.953341 -38.865118
177.952187 -38.865163
177.951033 -38.865207
177.949878 -38.865252
177.948724 -38.865296
177.947570 -38.865341
177.946416 -38.865385
177.945262 -38.865429
177.944108 -38.865474
177.942953 -38.865518
177.941799 -38.865563
177.940645 -38.865607
177.939491 -38.865651
177.938337 -38.865696
177.937183 -38.865740
177.936028 -38.865784
177.934874 -38.865829
177.933720 -38.865873
177.932566 -38.865917
177.931412 -38.865962
177.930258 -38.866006
177.929103 -38.866050
177.927949 -38.866094
177.926795 -38.866139
177.925641 -38.866183
177.924487 -38.866227
177.923332 -38.866271
177.922178 -38.866316
177.921024 -38.866360
177.919870 -38.866404
