177.893740 -38.998205
177.894893 -38.998160
177.896047 -38.998115
177.897201 -38.998070
177.898355 -38.998025
177.899509 -38.997980
177.900663 -38.997935
177.901817 -38.997890
177.902971 -38.997845
177.904125 -38.997799
177.905279 -38.997754
177.906433 -38.997709
177.907587 -38.997664
177.908740 -38.997619
177.909894 -38.997574
177.911048 -38.997529
177.912206 -38.997479
177.913365 -38.997430
177.914523 -38.997381
177.915681 -38.997331
177.916840 -38.997282
177.917998 -38.997232
177.919156 -38.997183
177.920314 -38.997133
177.921472 -38.997084
177.922631 -38.997034
177.923789 -38.996985
177.924947 -38.996935
177.926105 -38.996886
177.927264 -38.996836
177.928422 -38.996787
177.929580 -38.996737
177.930738 -38.996687
177.931897 -38.996638
177.933055 -38.996588
177.934213 -38.996539
177.935371 -38.996489
177.936530 -38.996439
177.937688 -38.996390
177.938846 -38.996340
177.940004 -38.996290
177.941162 -38.996241
177.942321 -38.996191
177.943479 -38.996141
177.944637 -38.996092
177.945795 -38.996042
177.946953 -38.995992
177.948112 -38.995942
177.949270 -38.995893
177.950428 -38.995843
177.951586 -38.995793
177.952744 -38.995743
177.953903 -38.995694
177.955061 -38.995644
177.956219 -38.995594
177.957377 -38.995544
177.958535 -38.995494
177.959694 -38.995444
177.960852 -38.995395
177.962010 -38.995345
177.963168 -38.995295
177.964326 -38.995245
177.965484 -38.995195
177.966643 -38.995145
177.967801 -38.995095
177.968959 -38.995045
177.970117 -38.994995
177.971275 -38.994945
177.972433 -38.994895
177.973592 -38.994845
177.974750 -38.994795
177.975908 -38.994745
177.977066 -38.994695
177.978224 -38.994645
177.979382 -38.994595
177.980541 -38.994545
177.981699 -38.994495
177.982857 -38.994445
177.984015 -38.994395
177.985173 -38.994345
177.986331 -38.994295
177.987489 -38.994244
177.988648 -38.994194
177.989806 -38.994144
177.990964 -38.994094
177.992122 -38.994044
177.993280 -38.993994
177.994438 -38.993943
177.995596 -38.993893
177.996755 -38.993843
177.997913 -38.993793
177.999071 -38.993742
178.000229 -38.993692
178.001387 -38.993642
178.002545 -38.993592
178.003703 -38.993541
178.004861 -38.993491
178.006019 -38.993441
178.007178 -38.993390
178.008336 -38.993340
178.009494 -38.993290
178.010652 -38.993239
178.011810 -38.993189
178.012968 -38.993139
178.014126 -38.993088
178.015284 -38.993038
178.016442 -38.992987
178.017600 -38.992937
178.018759 -38.992887
178.019917 -38.992836
178.021075 -38.992786
178.022233 -38.992735
178.023391 -38.992685
178.024549 -38.992634
178.025707 -38.992584
178.026865 -38.992533
178.028023 -38.992483
178.029181 -38.992432
178.030339 -38.992382
178.031497 -38.992331
178.032656 -38.992281
178.033814 -38.992230
178.034972 -38.992179
178.036130 -38.992129
178.037288 -38.992078
178.038446 -38.992028
178.039604 -38.991977
178.040762 -38.991926
178.041920 -38.991876
178.043078 -38.991825
178.044236 -38.991774
178.045394 -38.991724
178.046552 -38.991673
178.047710 -38.991622
178.048868 -38.991571
178.050026 -38.991521
178.051184 -38.991470
178.052342 -38.991419
178.053500 -38.991368
178.053565 -38.992269
178.053630 -38.993170
178.053695 -38.994071
178.053760 -38.994972
178.053825 -38.995873
178.053890 -38.996774
178.053955 -38.997675
178.054019 -38.998576
178.054084 -38.999477
178.054149 -39.000378
178.054214 -39.001279
178.054279 -39.002180
178.054344 -39.003081
178.054409 -39.003981
178.054474 -39.004882
178.054539 -39.005783
178.054604 -39.006684
178.054668 -39.007585
178.054733 -39.008486
178.054798 -39.009387
178.054863 -39.010288
178.054928 -39.011189
178.054993 -39.012090
178.055058 -39.012991
178.055123 -39.013892
178.055188 -39.014793
178.055253 -39.015694
178.055318 -39.016594
178.055383 -39.017495
178.055447 -39.018396
178.055512 -39.019297
178.055577 -39.020198
178.055642 -39.021099
178.055707 -39.022000
178.055772 -39.022901
178.055837 -39.023802
178.055902 -39.024703
178.055967 -39.025604
178.056032 -39.026505
178.056097 -39.027406
178.056162 -39.028306
178.056227 -39.029207
178.056292 -39.030108
178.056357 -39.031009
178.056422 -39.031910
178.056487 -39.032811
178.056552 -39.033712
178.056616 -39.034613
178.056681 -39.035514
178.056746 -39.036415
178.056811 -39.037316
178.056876 -39.038217
178.056941 -39.039118
178.057006 -39.040018
178.057071 -39.040919
178.057136 -39.041820
178.057201 -39.042721
178.057266 -39.043622
178.057331 -39.044523
178.057396 -39.045424
178.057461 -39.046325
178.057526 -39.047226
178.057591 -39.048127
178.057656 -39.049028
178.057721 -39.049929
178.057786 -39.050829
178.057851 -39.051730
178.057916 -39.052631
178.057981 -39.053532
178.058046 -39.054433
178.058111 -39.055334
178.058176 -39.056235
178.058241 -39.057136
178.058306 -39.058037
178.058371 -39.058938
178.058436 -39.059839
178.058501 -39.060739
178.058566 -39.061640
178.058631 -39.062541
178.058696 -39.063442
178.058761 -39.064343
178.058826 -39.065244
178.058891 -39.066145
178.058956 -39.067046
178.059022 -39.067947
178.059087 -39.068848
178.059152 -39.069749
178.059217 -39.070649
178.059282 -39.071550
178.059347 -39.072451
178.059412 -39.073352
178.059477 -39.074253
178.059542 -39.075154
178.059607 -39.076055
178.059672 -39.076956
178.059737 -39.077857
178.059802 -39.078758
178.059867 -39.079658
178.059932 -39.080559
178.059997 -39.081460
178.060062 -39.082361
178.060127 -39.083262
178.060192 -39.084163
178.060258 -39.085064
178.060323 -39.085965
178.060388 -39.086866
178.060453 -39.087767
178.060518 -39.088667
178.060583 -39.089568
178.060648 -39.090469
178.060713 -39.091370
178.060778 -39.092271
178.060843 -39.093172
178.060908 -39.094073
178.060973 -39.094974
178.061039 -39.095875
178.061104 -39.096776
178.061169 -39.097676
178.061234 -39.098577
178.061299 -39.099478
178.061364 -39.100379
178.061429 -39.101280
178.061494 -39.102181
178.061559 -39.103082
178.061625 -39.103983
178.061690 -39.104884
178.061755 -39.105784
178.061820 -39.106685
178.061885 -39.107586
178.061950 -39.108487
178.062015 -39.109388
178.062081 -39.110289
178.062146 -39.111190
178.062211 -39.112091
178.062276 -39.112992
178.062341 -39.113893
178.062406 -39.114793
178.062471 -39.115694
178.062537 -39.116595
178.062602 -39.117496
178.062667 -39.118397
178.062732 -39.119298
178.062797 -39.120199
178.062862 -39.121100
178.062928 -39.122001
178.062993 -39.122901
178.063058 -39.123802
178.063123 -39.124703
178.063188 -39.125604
178.063253 -39.126505
178.063319 -39.127406
178.063384 -39.128307
178.063449 -39.129208
178.063514 -39.130109
178.063579 -39.131009
178.063644 -39.131910
178.063710 -39.132811
178.063775 -39.133712
178.063840 -39.134613
178.063905 -39.135514
178.063970 -39.136415
178.064036 -39.137316
178.064101 -39.138217
178.064166 -39.139117
178.064231 -39.140018
178.064296 -39.140919
178.064362 -39.141820
178.064427 -39.142721
178.064492 -39.143622
178.064557 -39.144523
178.064623 -39.145424
178.064688 -39.146325
178.064753 -39.147225
178.064818 -39.148126
178.064883 -39.149027
178.064949 -39.149928
178.065014 -39.150829
178.065079 -39.151730
178.065144 -39.152631
178.065210 -39.153532
178.065275 -39.154432
178.065340 -39.155333
178.065405 -39.156234
178.065471 -39.157135
178.065536 -39.158036
178.065601 -39.158937
178.065666 -39.159838
178.065732 -39.160739
178.065797 -39.161639
178.065862 -39.162540
178.065927 -39.163441
178.065993 -39.164342
178.066058 -39.165243
178.066123 -39.166144
178.066188 -39.167045
178.066254 -39.167946
178.066319 -39.168846
178.066384 -39.169747
178.066449 -39.170648
178.066515 -39.171549
178.066580 -39.172450
178.066645 -39.173351
178.066711 -39.174252
178.066776 -39.175152
178.066841 -39.176053
178.066906 -39.176954
178.066972 -39.177855
178.067037 -39.178756
178.067102 -39.179657
178.067168 -39.180558
178.067233 -39.181459
178.067298 -39.182359
178.067363 -39.183260
178.067429 -39.184161
178.067494 -39.185062
178.067559 -39.185963
178.067625 -39.186864
178.067690 -39.187765
178.067755 -39.188665
178.067821 -39.189566
178.067886 -39.190467
178.067951 -39.191368
178.068017 -39.192269
178.068082 -39.193170
178.068147 -39.194071
178.068212 -39.194971
178.068278 -39.195872
178.068343 -39.196773
178.068408 -39.197674
178.068474 -39.198575
178.068539 -39.199476
178.068604 -39.200377
178.068670 -39.201278
178.068735 -39.202178
178.068801 -39.203079
178.068866 -39.203980
178.068931 -39.204881
178.068997 -39.205782
178.069062 -39.206683
178.069127 -39.207583
178.069193 -39.208484
178.069258 -39.209385
178.069323 -39.210286
178.069389 -39.211187
178.069454 -39.212088
178.069519 -39.212989
178.069585 -39.213889
178.069650 -39.214790
178.069716 -39.215691
178.069781 -39.216592
178.069846 -39.217493
178.069912 -39.218394
178.069977 -39.219295
178.070042 -39.220195
178.070108 -39.221096
178.070173 -39.221997
178.070239 -39.222898
178.070304 -39.223799
178.070369 -39.224700
178.070435 -39.225601
178.070500 -39.226501
178.070566 -39.227402
178.070631 -39.228303
178.070696 -39.229204
178.070762 -39.230105
178.070827 -39.231006
178.070893 -39.231906
178.070958 -39.232807
178.071023 -39.233708
178.071089 -39.234609
178.071154 -39.235510
178.071220 -39.236411
178.071285 -39.237312
178.071351 -39.238212
178.071416 -39.239113
178.071481 -39.240014
178.071547 -39.240915
178.071612 -39.241816
178.071678 -39.242717
178.071743 -39.243617
178.071809 -39.244518
178.071874 -39.245419
178.071939 -39.246320
178.072005 -39.247221
178.072070 -39.248122
178.072136 -39.249022
178.072201 -39.249923
178.072267 -39.250824
178.072332 -39.251725
178.072398 -39.252626
178.072463 -39.253527
178.072528 -39.254427
178.072594 -39.255328
178.072659 -39.256229
178.072725 -39.257130
178.072790 -39.258031
178.072856 -39.258932
178.072921 -39.259832
178.072987 -39.260733
178.073052 -39.261634
178.073118 -39.262535
178.073183 -39.263436
178.073249 -39.264337
178.073314 -39.265237
178.073380 -39.266138
178.073445 -39.267039
178.073511 -39.267940
178.073576 -39.268841
178.073642 -39.269742
178.073707 -39.270642
178.073773 -39.271543
178.073838 -39.272444
178.073904 -39.273345
178.073969 -39.274246
178.074035 -39.275147
178.074100 -39.276047
178.074166 -39.276948
178.074231 -39.277849
178.074297 -39.278750
178.074362 -39.279651
178.074428 -39.280551
178.074493 -39.281452
178.074559 -39.282353
178.074624 -39.283254
178.074690 -39.284155
178.074755 -39.285056
178.074821 -39.285956
178.074886 -39.286857
178.074952 -39.287758
178.075017 -39.288659
178.075083 -39.289560
178.075148 -39.290460
178.075214 -39.291361
178.075280 -39.292262
178.075345 -39.293163
178.075411 -39.294064
178.075476 -39.294965
178.075542 -39.295865
178.075607 -39.296766
178.075673 -39.297667
178.075738 -39.298568
178.075804 -39.299469
178.075869 -39.300369
178.075935 -39.301270
178.076001 -39.302171
178.076066 -39.303072
178.076132 -39.303973
178.076197 -39.304874
178.076263 -39.305774
178.076328 -39.306675
178.076394 -39.307576
178.076460 -39.308477
178.076525 -39.309378
178.076591 -39.310278
178.076656 -39.311179
178.076722 -39.312080
178.076788 -39.312981
178.076853 -39.313882
178.076919 -39.314782
178.076984 -39.315683
178.077050 -39.316584
178.077116 -39.317485
178.077181 -39.318386
178.077247 -39.319286
178.077312 -39.320187
178.077378 -39.321088
178.077444 -39.321989
178.077509 -39.322890
178.077575 -39.323790
178.077640 -39.324691
178.077706 -39.325592
178.077772 -39.326493
178.076613 -39.326544
178.075455 -39.326595
178.074297 -39.326645
178.073139 -39.326696
178.071981 -39.326747
178.070823 -39.326798
178.069664 -39.326849
178.068506 -39.326900
178.067348 -39.326950
178.066190 -39.327001
178.065032 -39.327052
178.063873 -39.327103
178.062715 -39.327153
178.061557 -39.327204
178.060399 -39.327255
178.059240 -39.327306
178.058082 -39.327356
178.056924 -39.327407
178.055766 -39.327458
178.054608 -39.327508
178.053449 -39.327559
178.052291 -39.327610
178.051133 -39.327660
178.049975 -39.327711
178.048817 -39.327761
178.047658 -39.327812
178.046500 -39.327863
178.045342 -39.327913
178.044184 -39.327964
178.043025 -39.328014
178.041867 -39.328065
178.040709 -39.328115
178.039551 -39.328166
178.038392 -39.328216
178.037234 -39.328267
178.036076 -39.328317
178.034918 -39.328368
178.033759 -39.328418
178.032601 -39.328469
178.031443 -39.328519
178.030285 -39.328570
178.029126 -39.328620
178.027968 -39.328670
178.026810 -39.328721
178.025652 -39.328771
178.024493 -39.328822
178.023335 -39.328872
178.022177 -39.328922
178.021018 -39.328973
178.019860 -39.329023
178.018702 -39.329073
178.017544 -39.329124
178.016385 -39.329174
178.015227 -39.329224
178.014069 -39.329274
178.012910 -39.329325
178.011752 -39.329375
178.010594 -39.329425
178.009436 -39.329475
178.008277 -39.329526
178.007119 -39.329576
178.005961 -39.329626
178.004802 -39.329676
178.003644 -39.329726
178.002486 -39.329777
178.001327 -39.329827
178.000169 -39.329877
177.999011 -39.329927
177.997853 -39.329977
177.996694 -39.330027
177.995536 -39.330077
177.994378 -39.330127
177.993219 -39.330177
177.992061 -39.330227
177.990903 -39.330278
177.989744 -39.330328
177.988586 -39.330378
177.987428 -39.330428
177.986269 -39.330478
177.985111 -39.330528
177.983953 -39.330578
177.982794 -39.330628
177.981636 -39.330677
177.980478 -39.330727
177.979319 -39.330777
177.978161 -39.330827
177.977003 -39.330877
177.975844 -39.330927
177.974686 -39.330977
177.973528 -39.331027
177.972369 -39.331077
177.971211 -39.331127
177.970052 -39.331176
177.968894 -39.331226
177.967736 -39.331276
177.966577 -39.331326
177.965419 -39.331376
177.964261 -39.331425
177.963102 -39.331475
177.961944 -39.331525
177.960786 -39.331575
177.959627 -39.331625
177.958469 -39.331674
177.957310 -39.331724
177.956152 -39.331774
177.954994 -39.331823
177.953835 -39.331873
177.952677 -39.331923
177.951518 -39.331972
177.950360 -39.332022
177.949202 -39.332072
177.948043 -39.332121
177.946885 -39.332171
177.945727 -39.332221
177.944568 -39.332270
177.943410 -39.332320
177.942251 -39.332369
177.941093 -39.332419
177.939934 -39.332468
177.938776 -39.332518
177.937618 -39.332567
177.936459 -39.332617
177.935301 -39.332667
177.934142 -39.332716
177.932984 -39.332765
177.931826 -39.332815
177.930667 -39.332864
177.929509 -39.332914
177.928350 -39.332963
177.927192 -39.333013
177.926033 -39.333062
177.924875 -39.333112
177.923717 -39.333161
177.922558 -39.333210
177.921400 -39.333260
177.920241 -39.333309
177.919083 -39.333358
177.917924 -39.333408
177.916766 -39.333457
177.915607 -39.333506
177.914449 -39.333556
177.913291 -39.333605
177.912132 -39.333654
177.910974 -39.333703
177.909815 -39.333753
177.908657 -39.333802
177.907498 -39.333851
177.906340 -39.333900
177.905181 -39.333950
177.904023 -39.333999
177.902864 -39.334048
177.901706 -39.334097
177.900547 -39.334146
177.899389 -39.334196
177.898230 -39.334245
177.897072 -39.334294
177.895913 -39.334343
177.894755 -39.334392
177.893597 -39.334441
177.892438 -39.334490
177.891280 -39.334539
177.890121 -39.334588
177.888963 -39.334637
177.887804 -39.334686
177.886646 -39.334736
177.885487 -39.334785
177.884329 -39.334834
177.883170 -39.334883
177.882012 -39.334932
177.880853 -39.334980
177.879695 -39.335029
177.878536 -39.335078
177.877377 -39.335127
177.876219 -39.335176
177.875060 -39.335225
177.873902 -39.335274
177.872743 -39.335323
177.871585 -39.335372
177.870426 -39.335421
177.869268 -39.335470
177.868109 -39.335518
177.866951 -39.335567
177.865792 -39.335616
177.864634 -39.335665
177.863475 -39.335714
177.862317 -39.335763
177.861158 -39.335811
177.860000 -39.335860
177.858841 -39.335909
177.857682 -39.335958
177.856524 -39.336006
177.855365 -39.336055
177.854207 -39.336104
177.853048 -39.336152
177.851890 -39.336201
177.850731 -39.336250
177.849573 -39.336298
177.848414 -39.336347
177.847255 -39.336396
177.846097 -39.336444
177.844938 -39.336493
177.843780 -39.336542
177.842621 -39.336590
177.841463 -39.336639
177.840304 -39.336687
177.839145 -39.336736
177.837987 -39.336785
177.836828 -39.336833
177.835670 -39.336882
177.834511 -39.336930
177.833353 -39.336979
177.832194 -39.337027
177.831035 -39.337076
177.829877 -39.337124
177.828718 -39.337173
177.827560 -39.337221
177.826401 -39.337269
177.825242 -39.337318
177.824084 -39.337366
177.822925 -39.337415
177.821767 -39.337463
177.820608 -39.337512
177.819449 -39.337560
177.818291 -39.337608
177.817132 -39.337657
177.815973 -39.337705
177.814815 -39.337753
177.813656 -39.337802
177.812498 -39.337850
177.811339 -39.337898
177.810180 -39.337947
177.809022 -39.337995
177.807863 -39.338043
177.806704 -39.338091
177.805546 -39.338140
177.804387 -39.338188
177.803229 -39.338236
177.802070 -39.338284
177.800911 -39.338332
177.799753 -39.338381
177.798594 -39.338429
177.797435 -39.338477
177.796277 -39.338525
177.795118 -39.338573
177.793959 -39.338621
177.792801 -39.338669
177.791642 -39.338718
177.790483 -39.338766
177.789325 -39.338814
177.788166 -39.338862
177.787007 -39.338910
177.785849 -39.338958
177.784690 -39.339006
177.783531 -39.339054
177.782373 -39.339102
177.781214 -39.339150
177.780055 -39.339198
177.778897 -39.339246
177.777738 -39.339294
177.776579 -39.339342
177.775421 -39.339390
177.774262 -39.339438
177.773103 -39.339486
177.771945 -39.339534
177.770786 -39.339581
177.769627 -39.339629
177.768469 -39.339677
177.767310 -39.339725
177.766151 -39.339773
177.764993 -39.339821
177.763834 -39.339869
177.762675 -39.339916
177.761516 -39.339964
177.760358 -39.340012
177.759199 -39.340060
177.758040 -39.340108
177.756882 -39.340155
177.755723 -39.340203
177.754564 -39.340251
177.753405 -39.340299
177.752247 -39.340346
177.751088 -39.340394
177.749929 -39.340442
177.748771 -39.340489
177.747612 -39.340537
177.746453 -39.340585
177.745294 -39.340632
177.744136 -39.340680
177.742977 -39.340728
177.741818 -39.340775
177.740659 -39.340823
177.739501 -39.340870
177.738342 -39.340918
177.737183 -39.340966
177.736025 -39.341013
177.734866 -39.341061
177.733707 -39.341108
177.732548 -39.341156
177.731390 -39.341203
177.730231 -39.341251
177.729072 -39.341298
177.727913 -39.341346
177.726754 -39.341393
177.725596 -39.341441
177.724437 -39.341488
177.723278 -39.341536
177.722119 -39.341583
177.720961 -39.341630
177.719802 -39.341678
177.718643 -39.341725
177.717484 -39.341773
177.716326 -39.341820
177.715167 -39.341867
177.714008 -39.341915
177.712849 -39.341962
177.711690 -39.342009
177.710532 -39.342057
177.709373 -39.342104
177.708214 -39.342151
177.707055 -39.342199
177.705896 -39.342246
177.704738 -39.342293
177.703579 -39.342340
177.702420 -39.342388
177.701261 -39.342435
177.700102 -39.342482
177.698944 -39.342529
177.697785 -39.342576
177.696626 -39.342624
177.695467 -39.342671
177.694308 -39.342718
177.693150 -39.342765
177.691991 -39.342812
177.690832 -39.342859
177.689673 -39.342906
177.688514 -39.342953
177.687356 -39.343001
177.686197 -39.343048
177.685038 -39.343095
177.683879 -39.343142
177.682720 -39.343189
177.681561 -39.343236
177.680403 -39.343283
177.679244 -39.343330
177.678085 -39.343377
177.676926 -39.343424
177.675767 -39.343471
177.674608 -39.343518
177.673450 -39.343565
177.672291 -39.343612
177.671132 -39.343659
177.669973 -39.343705
177.668814 -39.343752
177.667655 -39.343799
177.666496 -39.343846
177.665338 -39.343893
177.664179 -39.343940
177.663020 -39.343987
177.661861 -39.344034
177.660702 -39.344080
177.659543 -39.344127
177.658384 -39.344174
177.657226 -39.344221
177.656067 -39.344268
177.654908 -39.344314
177.653749 -39.344361
177.652590 -39.344408
177.651431 -39.344455
177.650272 -39.344501
177.649113 -39.344548
177.647954 -39.344595
177.646796 -39.344641
177.645637 -39.344688
177.644478 -39.344735
177.643319 -39.344781
177.642160 -39.344828
177.641001 -39.344875
177.639842 -39.344921
177.638683 -39.344968
177.637524 -39.345015
177.636366 -39.345061
177.635207 -39.345108
177.634048 -39.345154
177.632889 -39.345201
177.631730 -39.345247
177.630571 -39.345294
177.629412 -39.345340
177.628253 -39.345387
177.627094 -39.345433
177.625935 -39.345480
177.624776 -39.345526
177.623617 -39.345573
177.622459 -39.345619
177.621300 -39.345666
177.620141 -39.345712
177.618982 -39.345759
177.617823 -39.345805
177.616664 -39.345851
177.615505 -39.345898
177.614346 -39.345944
177.613187 -39.345990
177.612028 -39.346037
177.610869 -39.346083
177.609710 -39.346129
177.608551 -39.346176
177.607392 -39.346222
177.606233 -39.346268
177.605074 -39.346315
177.603915 -39.346361
177.602757 -39.346407
177.601598 -39.346453
177.600439 -39.346500
177.599280 -39.346546
177.598121 -39.346592
177.596962 -39.346638
177.595803 -39.346685
177.594644 -39.346731
177.593485 -39.346777
177.592326 -39.346823
177.591167 -39.346869
177.590008 -39.346915
177.588849 -39.346961
177.587690 -39.347008
177.586531 -39.347054
177.585372 -39.347100
177.584213 -39.347146
177.583054 -39.347192
177.581895 -39.347238
177.580736 -39.347284
177.579577 -39.347330
177.578418 -39.347376
177.577259 -39.347422
177.576100 -39.347468
177.574941 -39.347514
177.573782 -39.347560
177.572623 -39.347606
177.571464 -39.347652
177.570305 -39.347698
177.569146 -39.347744
177.567987 -39.347790
177.566828 -39.347836
177.565669 -39.347881
177.564510 -39.347927
177.563351 -39.347973
177.562192 -39.348019
177.561033 -39.348065
177.559874 -39.348111
177.558715 -39.348157
177.557556 -39.348202
177.556397 -39.348248
177.555238 -39.348294
177.554079 -39.348340
177.552920 -39.348386
177.551761 -39.348431
177.550602 -39.348477
177.549443 -39.348523
177.548284 -39.348569
177.547124 -39.348614
177.545965 -39.348660
177.544806 -39.348706
177.543647 -39.348751
177.542488 -39.348797
177.541329 -39.348843
177.540170 -39.348888
177.539011 -39.348934
177.537852 -39.348980
177.536693 -39.349025
177.535534 -39.349071
177.534375 -39.349116
177.533216 -39.349162
177.532057 -39.349207
177.530898 -39.349253
177.529739 -39.349299
177.528580 -39.349344
177.527420 -39.349390
177.526261 -39.349435
177.525102 -39.349481
177.523943 -39.349526
177.522784 -39.349572
177.521625 -39.349617
177.520466 -39.349663
177.519307 -39.349708
177.518148 -39.349753
177.516989 -39.349799
177.515830 -39.349844
177.514671 -39.349890
177.513511 -39.349935
177.512352 -39.349980
177.511193 -39.350026
177.510034 -39.350071
177.508875 -39.350116
177.507716 -39.350162
177.506557 -39.350207
177.505398 -39.350252
177.504239 -39.350298
177.503079 -39.350343
177.501920 -39.350388
177.500761 -39.350434
177.499602 -39.350479
177.498443 -39.350524
177.497284 -39.350569
177.496125 -39.350614
177.494966 -39.350660
177.493807 -39.350705
177.492647 -39.350750
177.491488 -39.350795
177.490329 -39.350840
177.489170 -39.350885
177.488011 -39.350931
177.486852 -39.350976
177.485693 -39.351021
177.484533 -39.351066
177.483374 -39.351111
177.482215 -39.351156
177.481056 -39.351201
177.479897 -39.351246
177.478738 -39.351291
177.477579 -39.351336
177.476419 -39.351381
177.475260 -39.351426
177.474101 -39.351471
177.472942 -39.351516
177.471783 -39.351561
177.470624 -39.351606
177.469464 -39.351651
177.468305 -39.351696
177.467146 -39.351741
177.465987 -39.351786
177.464828 -39.351831
177.463669 -39.351876
177.462509 -39.351921
177.461350 -39.351966
177.460191 -39.352010
177.459032 -39.352055
177.457873 -39.352100
177.456714 -39.352145
177.455554 -39.352190
177.454395 -39.352235
177.453236 -39.352279
177.452077 -39.352324
177.450918 -39.352369
177.449758 -39.352414
177.448599 -39.352458
177.447440 -39.352503
177.446281 -39.352548
177.445122 -39.352593
177.443962 -39.352637
177.442803 -39.352682
177.441644 -39.352727
177.440485 -39.352771
177.439326 -39.352816
177.438166 -39.352861
177.437007 -39.352905
177.435848 -39.352950
177.434689 -39.352995
177.433529 -39.353039
177.432370 -39.353084
177.431211 -39.353128
177.430052 -39.353173
177.428893 -39.353217
177.427733 -39.353262
177.426574 -39.353307
177.425415 -39.353351
177.424256 -39.353396
177.423096 -39.353440
177.421937 -39.353485
177.420778 -39.353529
177.419619 -39.353573
177.418459 -39.353618
177.417300 -39.353662
177.416141 -39.353707
177.414982 -39.353751
177.413822 -39.353796
177.412663 -39.353840
177.411504 -39.353884
177.410345 -39.353929
177.409185 -39.353973
177.408026 -39.354017
177.406867 -39.354062
177.405708 -39.354106
177.404548 -39.354150
177.403389 -39.354195
177.402230 -39.354239
177.401071 -39.354283
177.399911 -39.354328
177.398752 -39.354372
177.397593 -39.354416
177.396434 -39.354460
177.395274 -39.354505
177.394115 -39.354549
177.392956 -39.354593
177.391796 -39.354637
177.390637 -39.354681
177.389478 -39.354726
177.388319 -39.354770
177.387159 -39.354814
177.386000 -39.354858
177.384841 -39.354902
177.383681 -39.354946
177.382522 -39.354990
177.381363 -39.355034
177.380203 -39.355078
177.379044 -39.355123
177.377885 -39.355167
177.376726 -39.355211
177.375566 -39.355255
177.374407 -39.355299
177.373248 -39.355343
177.372088 -39.355387
177.370929 -39.355431
177.369770 -39.355475
177.368610 -39.355519
177.367451 -39.355563
177.366292 -39.355607
177.365132 -39.355650
177.363973 -39.355694
177.362814 -39.355738
177.361654 -39.355782
177.360495 -39.355826
177.359336 -39.355870
177.358176 -39.355914
177.357017 -39.355958
177.355858 -39.356001
177.354698 -39.356045
177.353539 -39.356089
177.352380 -39.356133
177.351220 -39.356177
177.350061 -39.356221
177.348902 -39.356264
177.347742 -39.356308
177.346583 -39.356352
177.345424 -39.356396
177.344264 -39.356439
177.343105 -39.356483
177.341946 -39.356527
177.340786 -39.356570
177.339627 -39.356614
177.338468 -39.356658
177.337308 -39.356701
177.336149 -39.356745
177.334989 -39.356789
177.333830 -39.356832
177.332671 -39.356876
177.331511 -39.356919
177.330352 -39.356963
177.329193 -39.357007
177.328033 -39.357050
177.326874 -39.357094
177.325714 -39.357137
177.324555 -39.357181
177.323396 -39.357224
177.322236 -39.357268
177.321077 -39.357311
177.319918 -39.357355
177.318758 -39.357398
177.317599 -39.357442
177.316439 -39.357485
177.315280 -39.357529
177.314121 -39.357572
177.312961 -39.357616
177.311802 -39.357659
177.310642 -39.357702
177.309483 -39.357746
177.308324 -39.357789
177.307164 -39.357832
177.306005 -39.357876
177.304845 -39.357919
177.303686 -39.357962
177.302526 -39.358006
177.301367 -39.358049
177.300208 -39.358092
177.299048 -39.358136
177.297889 -39.358179
177.296729 -39.358222
177.295570 -39.358265
177.294411 -39.358309
177.293251 -39.358352
177.292092 -39.358395
177.290932 -39.358438
177.289773 -39.358482
177.288613 -39.358525
177.287454 -39.358568
177.286294 -39.358611
177.285135 -39.358654
177.283976 -39.358697
177.282816 -39.358740
177.281657 -39.358784
177.280497 -39.358827
177.279338 -39.358870
177.278178 -39.358913
177.277019 -39.358956
177.275859 -39.358999
177.274700 -39.359042
177.273540 -39.359085
177.272381 -39.359128
177.271222 -39.359171
177.270062 -39.359214
177.268903 -39.359257
177.267743 -39.359300
177.266584 -39.359343
177.265424 -39.359386
177.264265 -39.359429
177.263105 -39.359472
177.261946 -39.359515
177.260786 -39.359558
177.259627 -39.359601
177.258467 -39.359643
177.257308 -39.359686
177.256148 -39.359729
177.254989 -39.359772
177.253829 -39.359815
177.252670 -39.359858
177.251510 -39.359901
177.250351 -39.359943
177.249191 -39.359986
177.248032 -39.360029
177.246872 -39.360072
177.245713 -39.360114
177.244553 -39.360157
177.243394 -39.360200
177.242234 -39.360243
177.241075 -39.360285
177.239915 -39.360328
177.238756 -39.360371
177.237596 -39.360413
177.236437 -39.360456
177.235277 -39.360499
177.234118 -39.360541
177.232958 -39.360584
177.231799 -39.360627
177.230639 -39.360669
177.229908 -39.359970
177.229176 -39.359270
177.228444 -39.358570
177.227713 -39.357871
177.226981 -39.357171
177.226249 -39.356471
177.225518 -39.355772
177.224786 -39.355072
177.224055 -39.354372
177.223323 -39.353673
177.222592 -39.352973
177.221860 -39.352273
177.221129 -39.351573
177.220397 -39.350874
177.219666 -39.350174
177.218934 -39.349474
177.218203 -39.348774
177.217471 -39.348075
177.216740 -39.347375
177.216008 -39.346675
177.215277 -39.345975
177.214546 -39.345276
177.213814 -39.344576
177.213083 -39.343876
177.212352 -39.343176
177.211620 -39.342477
177.210889 -39.341777
177.210158 -39.341077
177.209426 -39.340377
177.208695 -39.339677
177.207964 -39.338978
177.207233 -39.338278
177.206501 -39.337578
177.205770 -39.336878
177.205039 -39.336178
177.204308 -39.335479
177.203577 -39.334779
177.202846 -39.334079
177.202114 -39.333379
177.201383 -39.332679
177.200652 -39.331979
177.199921 -39.331279
177.199190 -39.330580
177.198459 -39.329880
177.197728 -39.329180
177.196997 -39.328480
177.196266 -39.327780
177.195535 -39.327080
177.194804 -39.326380
177.194073 -39.325680
177.193342 -39.324981
177.192611 -39.324281
177.191880 -39.323581
177.191149 -39.322881
177.190418 -39.322181
177.189687 -39.321481
177.188957 -39.320781
177.188226 -39.320081
177.187495 -39.319381
177.186764 -39.318681
177.186033 -39.317981
177.185303 -39.317281
177.184572 -39.316581
177.183841 -39.315881
177.183110 -39.315181
177.182379 -39.314481
177.181649 -39.313781
177.180918 -39.313081
177.180187 -39.312381
177.179457 -39.311681
177.178726 -39.310981
177.177995 -39.310281
177.177265 -39.309581
177.176534 -39.308881
177.175803 -39.308181
177.175073 -39.307481
177.174342 -39.306781
177.173612 -39.306081
177.172881 -39.305381
177.172151 -39.304681
177.171420 -39.303981
177.170690 -39.303281
177.169959 -39.302581
177.169229 -39.301881
177.168498 -39.301181
177.167768 -39.300481
177.167037 -39.299781
177.166307 -39.299081
177.165576 -39.298381
177.164846 -39.297681
177.164116 -39.296980
177.163385 -39.296280
177.162655 -39.295580
177.161925 -39.294880
177.161194 -39.294180
177.160464 -39.293480
177.159734 -39.292780
177.159003 -39.292080
177.158273 -39.291379
177.157543 -39.290679
177.156813 -39.289979
177.156083 -39.289279
177.155352 -39.288579
177.154622 -39.287879
177.153892 -39.287179
177.153162 -39.286478
177.152432 -39.285778
177.151702 -39.285078
177.150971 -39.284378
177.150241 -39.283678
177.149511 -39.282977
177.148781 -39.282277
177.148051 -39.281577
177.147321 -39.280877
177.146591 -39.280177
177.145861 -39.279476
177.145131 -39.278776
177.144401 -39.278076
177.143671 -39.277376
177.142941 -39.276675
177.142211 -39.275975
177.141481 -39.275275
177.140751 -39.274575
177.140021 -39.273874
177.139291 -39.273174
177.138562 -39.272474
177.137832 -39.271774
177.137102 -39.271073
177.136372 -39.270373
177.135642 -39.269673
177.134912 -39.268972
177.134183 -39.268272
177.133453 -39.267572
177.132723 -39.266872
177.131993 -39.266171
177.131264 -39.265471
177.130534 -39.264771
177.129804 -39.264070
177.129075 -39.263370
177.128345 -39.262670
177.127615 -39.261969
177.126886 -39.261269
177.126156 -39.260569
177.125426 -39.259868
177.124697 -39.259168
177.123967 -39.258467
177.123238 -39.257767
177.122508 -39.257067
177.121779 -39.256366
177.121049 -39.255666
177.120320 -39.254965
177.119590 -39.254265
177.118861 -39.253565
177.118131 -39.252864
177.117402 -39.252164
177.116672 -39.251463
177.115943 -39.250763
177.115213 -39.250063
177.114484 -39.249362
177.113755 -39.248662
177.113025 -39.247961
177.112296 -39.247261
177.111567 -39.246560
177.110837 -39.245860
177.110108 -39.245159
177.109379 -39.244459
177.108649 -39.243759
177.107920 -39.243058
177.107191 -39.242358
177.106462 -39.241657
177.105732 -39.240957
177.105003 -39.240256
177.104274 -39.239556
177.103545 -39.238855
177.102816 -39.238155
177.102086 -39.237454
177.101357 -39.236754
177.100628 -39.236053
177.099899 -39.235352
177.099170 -39.234652
177.098441 -39.233951
177.097712 -39.233251
177.096983 -39.232550
177.096254 -39.231850
177.095525 -39.231149
177.094796 -39.230449
177.094067 -39.229748
177.093338 -39.229048
177.092609 -39.228347
177.091880 -39.227646
177.091151 -39.226946
177.090422 -39.226245
177.089693 -39.225545
177.088964 -39.224844
177.088235 -39.224143
177.087506 -39.223443
177.086778 -39.222742
177.086049 -39.222042
177.085320 -39.221341
177.084591 -39.220640
177.083862 -39.219940
177.083133 -39.219239
177.082405 -39.218538
177.081676 -39.217838
177.080947 -39.217137
177.080219 -39.216436
177.079490 -39.215736
177.078761 -39.215035
177.078032 -39.214334
177.077304 -39.213634
177.076575 -39.212933
177.075846 -39.212232
177.075118 -39.211532
177.074389 -39.210831
177.073661 -39.210130
177.072932 -39.209429
177.072203 -39.208729
177.071475 -39.208028
177.070746 -39.207327
177.070018 -39.206627
177.069289 -39.205926
177.068561 -39.205225
177.067832 -39.204524
177.067104 -39.203824
177.066375 -39.203123
177.065647 -39.202422
177.064919 -39.201721
177.064190 -39.201021
177.063462 -39.200320
177.062733 -39.199619
177.062005 -39.198918
177.061277 -39.198217
177.060548 -39.197517
177.059820 -39.196816
177.059092 -39.196115
177.058363 -39.195414
177.057635 -39.194713
177.056907 -39.194013
177.056179 -39.193312
177.055450 -39.192611
177.054722 -39.191910
177.053994 -39.191209
177.053266 -39.190509
177.052538 -39.189808
