173.527835991 -42.478568173
173.529052126 -42.478566531
173.530268262 -42.478564877
173.531484397 -42.478563210
173.532700532 -42.478561530
173.533916666 -42.478559838
173.535132801 -42.478558132
173.536348935 -42.478556414
173.537565069 -42.478554683
173.538781203 -42.478552939
173.539997337 -42.478551183
173.541213470 -42.478549413
173.542429604 -42.478547631
173.543645737 -42.478545836
173.544861870 -42.478544028
173.546078002 -42.478542207
173.547294135 -42.478540373
173.548510267 -42.478538528
173.549726399 -42.478536668
173.550942531 -42.478534796
173.552158661 -42.478532912
173.553374793 -42.478531014
173.554590924 -42.478529103
173.555807055 -42.478527181
173.557023186 -42.478525244
173.558239317 -42.478523295
173.559455447 -42.478521334
173.560671577 -42.478519359
173.561887707 -42.478517372
173.563103837 -42.478515371
173.564319967 -42.478513359
173.565536096 -42.478511333
173.566752225 -42.478509294
173.567968354 -42.478507243
173.569184483 -42.478505179
173.570400611 -42.478503101
173.571616739 -42.478501012
173.572832867 -42.478498909
173.574048995 -42.478496793
173.575265123 -42.478494665
173.576481250 -42.478492524
173.577697377 -42.478490370
173.578913504 -42.478488203
173.580129631 -42.478486024
173.581345758 -42.478483832
173.582561884 -42.478481626
173.583778010 -42.478479409
173.584994136 -42.478477178
173.586210262 -42.478474934
173.587426387 -42.478472677
173.588642512 -42.478470409
173.589858636 -42.478468127
173.591074761 -42.478465831
173.592290885 -42.478463524
173.593507010 -42.478461204
173.594723134 -42.478458870
173.595939257 -42.478456525
173.597155381 -42.478454166
173.598371504 -42.478451794
173.599587627 -42.478449409
173.600803764 -42.478447016
173.602019912 -42.478444613
173.603236060 -42.478442197
173.604452207 -42.478439769
173.605668354 -42.478437327
173.606884501 -42.478434873
173.608100648 -42.478432406
173.609316794 -42.478429926
173.610532941 -42.478427433
173.611749087 -42.478424928
173.612965233 -42.478422410
173.614181378 -42.478419879
173.615397524 -42.478417335
173.616613669 -42.478414779
173.617829814 -42.478412209
173.619045959 -42.478409627
173.620262103 -42.478407032
173.621478248 -42.478404424
173.622694392 -42.478401803
173.623910536 -42.478399169
173.625126679 -42.478396524
173.626342821 -42.478393864
173.627558964 -42.478391192
173.628775107 -42.478388508
173.629991249 -42.478385810
173.631207392 -42.478383099
173.632423534 -42.478380377
173.633639676 -42.478377641
173.634855817 -42.478374891
173.636071958 -42.478372130
173.637288099 -42.478369356
173.638504240 -42.478366568
173.639720380 -42.478363768
173.640936521 -42.478360956
173.642152661 -42.478358130
173.643368800 -42.478355291
173.644584940 -42.478352440
173.645801079 -42.478349576
173.647017218 -42.478346699
173.648233356 -42.478343809
173.649449495 -42.478340907
173.650665633 -42.478337992
173.651881770 -42.478335064
173.653097907 -42.478332124
173.654314044 -42.478329170
173.655530180 -42.478326203
173.656746317 -42.478323225
173.657962453 -42.478320233
173.659178588 -42.478317228
173.660394724 -42.478314210
173.661610859 -42.478311180
173.662826994 -42.478308137
173.664043127 -42.478305081
173.665259262 -42.478302013
173.666475396 -42.478298931
173.667691530 -42.478295836
173.668907663 -42.478292730
173.670123796 -42.478289610
173.671339929 -42.478286477
173.672556062 -42.478283331
173.673772194 -42.478280173
173.674988327 -42.478277002
173.676204458 -42.478273817
173.677420590 -42.478270621
173.678636721 -42.478267411
173.679852852 -42.478264189
173.681068983 -42.478260954
173.682285114 -42.478257706
173.683501244 -42.478254445
173.684717374 -42.478251171
173.685933503 -42.478247885
173.687149633 -42.478244585
173.688365762 -42.478241273
173.689581892 -42.478237949
173.690798021 -42.478234611
173.692014149 -42.478231260
173.693230278 -42.478227897
173.694446406 -42.478224521
173.695662534 -42.478221132
173.696878662 -42.478217730
173.698094789 -42.478214316
173.699310916 -42.478210888
173.700527044 -42.478207448
173.701743173 -42.478203996
173.702959302 -42.478200530
173.704175431 -42.478197052
173.705391560 -42.478193561
173.706607688 -42.478190057
173.707823816 -42.478186541
173.709039944 -42.478183011
173.710256071 -42.478179469
173.711472199 -42.478175914
173.712688326 -42.478172346
173.713904452 -42.478168766
173.715120578 -42.478165172
173.716336704 -42.478161566
173.717552830 -42.478157948
173.718768956 -42.478154316
173.719985081 -42.478150671
173.721201205 -42.478147013
173.722417330 -42.478143343
173.723633454 -42.478139660
173.724849578 -42.478135964
173.726065702 -42.478132256
173.727281826 -42.478128534
173.728497950 -42.478124800
173.729714074 -42.478121053
173.730930197 -42.478117293
173.732146320 -42.478113520
173.733362442 -42.478109734
173.734578565 -42.478105936
173.735794686 -42.478102125
173.737010808 -42.478098301
173.738226928 -42.478094464
173.739443049 -42.478090615
173.740659170 -42.478086752
173.741875290 -42.478082878
173.743091410 -42.478078989
173.744307530 -42.478075088
173.745523649 -42.478071174
173.746739768 -42.478067249
173.747955887 -42.478063309
173.749172005 -42.478059357
173.750388123 -42.478055393
173.751604241 -42.478051415
173.752820359 -42.478047425
173.754036476 -42.478043422
173.755252593 -42.478039406
173.756468709 -42.478035377
173.757684825 -42.478031335
173.758900941 -42.478027281
173.760117057 -42.478023214
173.761333172 -42.478019134
173.762549287 -42.478015042
173.763765402 -42.478010936
173.764981517 -42.478006817
173.766197632 -42.478002686
173.767413747 -42.477998542
173.768629861 -42.477994384
173.769845975 -42.477990215
173.771062088 -42.477986032
173.772278201 -42.477981837
173.773494314 -42.477977628
173.774710427 -42.477973408
173.775926538 -42.477969174
173.777142649 -42.477964927
173.778358761 -42.477960669
173.779574872 -42.477956396
173.780790983 -42.477952111
173.782007093 -42.477947814
173.783223203 -42.477943503
173.784439313 -42.477939180
173.785655423 -42.477934843
173.786871532 -42.477930495
173.788087640 -42.477926133
173.789303749 -42.477921758
173.790519857 -42.477917372
173.791735965 -42.477912971
173.792952072 -42.477908558
173.794168179 -42.477904133
173.795384286 -42.477899695
173.796600392 -42.477895243
173.797816498 -42.477890779
173.799032603 -42.477886303
173.800248709 -42.477881813
173.801464819 -42.477877312
173.802680929 -42.477872799
173.803897039 -42.477868273
173.805113148 -42.477863734
173.806329256 -42.477859183
173.807545365 -42.477854618
173.808761473 -42.477850041
173.809977580 -42.477845450
173.811193688 -42.477840848
173.812409795 -42.477836232
173.813625900 -42.477831603
173.814842006 -42.477826963
173.816058112 -42.477822308
173.817274218 -42.477817641
173.818490323 -42.477812962
173.819706428 -42.477808270
173.820922532 -42.477803564
173.822138636 -42.477798846
173.823354740 -42.477794116
173.824570843 -42.477789372
173.825786946 -42.477784615
173.827003049 -42.477779847
173.828219151 -42.477775065
173.829435253 -42.477770270
173.830651354 -42.477765463
173.831867455 -42.477760642
173.833083556 -42.477755809
173.834299656 -42.477750963
173.835515756 -42.477746105
173.836731856 -42.477741233
173.837429960 -42.477354513
173.837431454 -42.476454290
173.837432950 -42.475554066
173.837434444 -42.474653842
173.837435939 -42.473753617
173.837437434 -42.472853393
173.837438930 -42.471953168
173.837440425 -42.471052943
173.837441921 -42.470152717
173.837443416 -42.469252492
173.837444911 -42.468352266
173.837446407 -42.467452040
173.837447901 -42.466551813
173.837449398 -42.465651587
173.837450893 -42.464751360
173.837452389 -42.463851134
173.837453884 -42.462950906
173.837455381 -42.462050679
173.837456877 -42.461150451
173.837458373 -42.460250224
173.837459870 -42.459349995
173.837461366 -42.458449767
173.837462863 -42.457549538
173.837464360 -42.456649309
173.837465857 -42.455749080
173.837467354 -42.454848851
173.837468852 -42.453948621
173.837470349 -42.453048391
173.837471846 -42.452148160
173.837473344 -42.451247930
173.837474842 -42.450347699
173.837476340 -42.449447469
173.837477838 -42.448547237
173.837479337 -42.447647006
173.837480835 -42.446746774
173.837482333 -42.445846542
173.837483832 -42.444946310
173.837485330 -42.444046078
173.837486830 -42.443145845
173.837488329 -42.442245612
173.837489829 -42.441345378
173.837491327 -42.440445145
173.837492828 -42.439544911
173.837494327 -42.438644678
173.837495826 -42.437744443
173.837497326 -42.436844209
173.837498825 -42.435943974
173.837500326 -42.435043740
173.837501825 -42.434143504
173.837503326 -42.433243270
173.837504825 -42.432343034
173.837506326 -42.431442798
173.837507826 -42.430542562
173.837509326 -42.429642326
173.837510827 -42.428742089
173.837512328 -42.427841853
173.837513829 -42.426941615
173.837515330 -42.426041378
173.837516832 -42.425141140
173.837518332 -42.424240903
173.837519835 -42.423340664
173.837521336 -42.422440427
173.837522837 -42.421540188
173.837524339 -42.420639949
173.837525841 -42.419739710
173.837527344 -42.418839471
173.837528846 -42.417939231
173.837530349 -42.417038992
173.837531851 -42.416138751
173.837533354 -42.415238511
173.837534856 -42.414338270
173.837536359 -42.413438030
173.837537862 -42.412537789
173.837539365 -42.411637548
173.837540869 -42.410737306
173.837542372 -42.409837065
173.837543876 -42.408936822
173.837545380 -42.408036580
173.837546883 -42.407136337
173.837548388 -42.406236095
173.837549891 -42.405335852
173.837551395 -42.404435609
173.837552899 -42.403535365
173.837554404 -42.402635122
173.837555907 -42.401734878
173.837557412 -42.400834634
173.837558917 -42.399934389
173.837560422 -42.399034145
173.837561929 -42.398133900
173.837563437 -42.397233656
173.837564948 -42.396333412
173.837566457 -42.395433168
173.837567967 -42.394532923
173.837569476 -42.393632679
173.837570987 -42.392732434
173.837572496 -42.391832189
173.837574006 -42.390931943
173.837575517 -42.390031698
173.837577027 -42.389131451
173.837578538 -42.388231206
173.837580048 -42.387330959
173.837581560 -42.386430712
173.837583070 -42.385530465
173.837584582 -42.384630218
173.837586093 -42.383729970
173.837587604 -42.382829723
173.837589116 -42.381929475
173.837590627 -42.381029227
173.837592139 -42.380128978
173.837593651 -42.379228730
173.837595163 -42.378328481
173.837596675 -42.377428232
173.837598188 -42.376527982
173.837599700 -42.375627733
173.837601212 -42.374727483
173.837602725 -42.373827233
173.837604237 -42.372926982
173.837605750 -42.372026732
173.837607262 -42.371126481
173.837608776 -42.370226230
173.837610288 -42.369325979
173.837611801 -42.368425728
173.837613315 -42.367525475
173.837614827 -42.366625224
173.837616342 -42.365724971
173.837617855 -42.364824719
173.837619369 -42.363924466
173.837620882 -42.363024213
173.837622397 -42.362123960
173.837623911 -42.361223707
173.837625424 -42.360323453
173.837626939 -42.359423199
173.837628453 -42.358522944
173.837629969 -42.357622690
173.837631483 -42.356722435
173.837632998 -42.355822181
173.837634513 -42.354921925
173.837636029 -42.354021670
173.837637543 -42.353121414
173.837639058 -42.352221159
173.837640574 -42.351320902
173.837642089 -42.350420646
173.837643606 -42.349520389
173.837645121 -42.348620133
173.837646638 -42.347719875
173.837648153 -42.346819618
173.837649670 -42.345919360
173.837651186 -42.345019103
173.837652702 -42.344118844
173.837654219 -42.343218586
173.837655735 -42.342318327
173.837657252 -42.341418069
173.837658768 -42.340517809
173.837660286 -42.339617551
173.837661802 -42.338717291
173.837663320 -42.337817031
173.837664837 -42.336916771
173.837666353 -42.336016511
173.837667871 -42.335116250
173.837669388 -42.334215990
173.837670907 -42.333315729
173.837672424 -42.332415468
173.837673943 -42.331515206
173.837675460 -42.330614945
173.837676978 -42.329714683
173.837678497 -42.328814421
173.837680014 -42.327914158
173.837681534 -42.327013896
173.837683052 -42.326113632
173.837684571 -42.325213370
173.837686089 -42.324313106
173.837687609 -42.323412843
173.837689128 -42.322512579
173.837690646 -42.321612315
173.837692166 -42.320712050
173.837693685 -42.319811786
173.837695205 -42.318911521
173.837696725 -42.318011256
173.837698245 -42.317110990
173.837699764 -42.316210725
173.837701285 -42.315310459
173.837702805 -42.314410193
173.837704324 -42.313509927
173.837705845 -42.312609661
173.837707365 -42.311709394
173.837708886 -42.310809127
173.837710406 -42.309908859
173.837711928 -42.309008592
173.837713448 -42.308108324
173.837714970 -42.307208057
173.837716490 -42.306307788
173.837718011 -42.305407520
173.837719533 -42.304507251
173.837721053 -42.303606983
173.837722576 -42.302706713
173.837724097 -42.301806445
173.837725619 -42.300906175
173.837727140 -42.300005905
173.837728663 -42.299105635
173.837730186 -42.298205366
173.837731730 -42.297305105
173.837733276 -42.296404845
173.837734821 -42.295504584
173.837736366 -42.294604323
173.837737911 -42.293704061
173.837739457 -42.292803800
173.837741002 -42.291903538
173.837742548 -42.291003277
173.837744094 -42.290103014
173.837745640 -42.289202752
173.837747186 -42.288302489
173.837748732 -42.287402226
173.837750279 -42.286501963
173.837751825 -42.285601700
173.837753372 -42.284701436
173.837754918 -42.283801172
173.837756464 -42.282900908
173.837758011 -42.282000644
173.837759558 -42.281100379
173.837761105 -42.280200114
173.837762652 -42.279299849
173.837764200 -42.278399584
173.837765746 -42.277499318
173.837767294 -42.276599053
173.837768841 -42.275698786
173.837770388 -42.274798521
173.837771937 -42.273898254
173.837773484 -42.272997987
173.837775033 -42.272097720
173.837776580 -42.271197453
173.837778129 -42.270297185
173.837779677 -42.269396917
173.837781226 -42.268496650
173.837782773 -42.267596381
173.837784321 -42.266696113
173.837785871 -42.265795844
173.837787419 -42.264895576
173.837788969 -42.263995306
173.837790517 -42.263095037
173.837792067 -42.262194767
173.837793615 -42.261294498
173.837795165 -42.260394227
173.837796714 -42.259493958
173.837798263 -42.258593687
173.837799813 -42.257693416
173.837801363 -42.256793145
173.837802913 -42.255892874
173.837804463 -42.254992602
173.837806013 -42.254092331
173.837807563 -42.253192058
173.837809113 -42.252291787
173.836614345 -42.252293309
173.835402689 -42.252307550
173.834191032 -42.252321777
173.832979374 -42.252335992
173.831767715 -42.252350194
173.830556056 -42.252364384
173.829344396 -42.252378560
173.828132736 -42.252392724
173.826921074 -42.252406876
173.825709412 -42.252421014
173.824497749 -42.252435140
173.823286086 -42.252449253
173.822074422 -42.252463354
173.820862758 -42.252477442
173.819651092 -42.252491517
173.818439426 -42.252505580
173.817227759 -42.252519629