172.00608867 -41.43122124
172.00552457 -41.43107156
172.00496048 -41.43092187
172.00439639 -41.43077219
172.00383231 -41.43062250
172.00326822 -41.43047280
172.00270414 -41.43032311
172.00214006 -41.43017341
172.00157598 -41.43002371
172.00101191 -41.42987400
172.00044784 -41.42972430
171.99988377 -41.42957459
171.99931971 -41.42942488
171.99875564 -41.42927516
171.99819158 -41.42912544
171.99762753 -41.42897572
171.99706347 -41.42882600
171.99649942 -41.42867627
171.99593537 -41.42852655
171.99537133 -41.42837681
171.99480728 -41.42822708
171.99424324 -41.42807734
171.99367920 -41.42792760
171.99311517 -41.42777786
171.99255114 -41.42762811
171.99198711 -41.42747837
171.99142308 -41.42732862
171.99085905 -41.42717886
171.99029503 -41.42702911
171.98973101 -41.42687935
171.98916700 -41.42672959
171.98860298 -41.42657982
171.98803897 -41.42643005
171.98747496 -41.42628028
171.98691096 -41.42613051
171.98634695 -41.42598073
171.98578295 -41.42583096
171.98521896 -41.42568118
171.98465496 -41.42553139
171.98409097 -41.42538160
171.98352698 -41.42523182
171.98296299 -41.42508202
171.98239901 -41.42493223
171.98183502 -41.42478243
171.98127105 -41.42463263
171.98070707 -41.42448283
171.98014310 -41.42433302
171.97957913 -41.42418321
171.97901516 -41.42403340
171.97845119 -41.42388359
171.97788723 -41.42373377
171.97732327 -41.42358395
171.97675931 -41.42343413
171.97619536 -41.42328430
171.97563140 -41.42313447
171.97506745 -41.42298464
171.97450351 -41.42283481
171.97393956 -41.42268497
171.97337562 -41.42253513
171.97281168 -41.42238529
171.97224775 -41.42223545
171.97168381 -41.42208560
171.97111988 -41.42193575
171.97055596 -41.42178590
171.96999203 -41.42163604
171.96942811 -41.42148618
171.96886419 -41.42133632
171.96830027 -41.42118646
171.96773636 -41.42103659
171.96717244 -41.42088672
171.96660854 -41.42073685
171.96604463 -41.42058698
171.96548073 -41.42043710
171.96491682 -41.42028722
171.96435293 -41.42013733
171.96378903 -41.41998745
171.96322514 -41.41983756
171.96266125 -41.41968767
171.96209736 -41.41953777
171.96153347 -41.41938788
171.96096959 -41.41923798
171.96040571 -41.41908808
171.95984184 -41.41893817
171.95927796 -41.41878826
171.95871409 -41.41863835
171.95815022 -41.41848844
171.95758636 -41.41833852
171.95702249 -41.41818860
171.95645863 -41.41803868
171.95589477 -41.41788876
171.95533092 -41.41773883
171.95476707 -41.41758890
171.95420322 -41.41743897
171.95363937 -41.41728903
171.95307553 -41.41713909
171.95251168 -41.41698915
171.95194784 -41.41683921
171.95138401 -41.41668926
171.95082017 -41.41653931
171.95025634 -41.41638936
171.94969251 -41.41623941
171.94912869 -41.41608945
171.94856487 -41.41593949
171.94800105 -41.41578952
171.94743723 -41.41563956
171.94687341 -41.41548959
171.94630960 -41.41533962
171.94574579 -41.41518964
171.94518198 -41.41503967
171.94461818 -41.41488969
171.94405438 -41.41473971
171.94349058 -41.41458972
171.94292678 -41.41443973
171.94236299 -41.41428974
171.94179920 -41.41413975
171.94123541 -41.41398975
171.94067163 -41.41383975
171.94010784 -41.41368975
171.93954407 -41.41353975
171.93898029 -41.41338974
171.93841651 -41.41323973
171.93785274 -41.41308972
171.93728897 -41.41293970
171.93672521 -41.41278968
171.93616144 -41.41263966
171.93559768 -41.41248964
171.93503392 -41.41233961
171.93447017 -41.41218958
171.93390641 -41.41203955
171.93334266 -41.41188952
171.93277892 -41.41173948
171.93221517 -41.41158944
171.93165143 -41.41143940
171.93108769 -41.41128935
171.93052395 -41.41113930
171.92996022 -41.41098925
171.92939649 -41.41083920
171.92883276 -41.41068914
171.92826903 -41.41053908
171.92770531 -41.41038902
171.92714159 -41.41023895
171.92657787 -41.41008889
171.92601416 -41.40993882
171.92545044 -41.40978874
171.92488673 -41.40963867
171.92432303 -41.40948859
171.92375932 -41.40933850
171.92319562 -41.40918842
171.92263192 -41.40903833
171.92206823 -41.40888824
171.92150453 -41.40873815
171.92094084 -41.40858806
171.92037715 -41.40843796
171.91981347 -41.40828786
171.91924978 -41.40813775
171.91868610 -41.40798765
171.91812243 -41.40783754
171.91755875 -41.40768743
171.91699508 -41.40753731
171.91643141 -41.40738719
171.91586774 -41.40723707
171.91530408 -41.40708695
171.91474042 -41.40693683
171.91417676 -41.40678670
171.91361310 -41.40663657
171.91304945 -41.40648643
171.91248580 -41.40633630
171.91192215 -41.40618616
171.91135851 -41.40603601
171.91079487 -41.40588587
171.91023123 -41.40573572
171.90966759 -41.40558557
171.90910395 -41.40543542
171.90854032 -41.40528526
171.90797669 -41.40513510
171.90741307 -41.40498494
171.90684944 -41.40483478
171.90628582 -41.40468461
171.90572220 -41.40453444
171.90515859 -41.40438427
171.90459498 -41.40423409
171.90403137 -41.40408392
171.90346776 -41.40393373
171.90290415 -41.40378355
171.90234055 -41.40363337
171.90177695 -41.40348318
171.90121336 -41.40333298
171.90064976 -41.40318279
171.90008617 -41.40303259
171.89952258 -41.40288239
171.89895900 -41.40273219
171.89839542 -41.40258198
171.89783184 -41.40243177
171.89726826 -41.40228156
171.89670469 -41.40213135
171.89614111 -41.40198113
171.89557755 -41.40183091
171.89501398 -41.40168069
171.89445042 -41.40153046
171.89388686 -41.40138023
171.89332330 -41.40123000
171.89293928 -41.40100514
171.89307069 -41.40056601
171.89320209 -41.40012689
171.89333349 -41.39968776
171.89346489 -41.39924864
171.89359628 -41.39880951
171.89372768 -41.39837039
171.89385907 -41.39793126
171.89399046 -41.39749214
171.89412184 -41.39705301
171.89425323 -41.39661389
171.89438461 -41.39617476
171.89451600 -41.39573564
171.89464737 -41.39529651
171.89477875 -41.39485739
171.89491013 -41.39441826
171.89504150 -41.39397913
171.89517287 -41.39354001
171.89530425 -41.39310088
171.89543561 -41.39266175
171.89556698 -41.39222262
171.89569835 -41.39178350
171.89582971 -41.39134437
171.89596107 -41.39090524
171.89609243 -41.39046611
171.89622379 -41.39002699
171.89635514 -41.38958786
171.89648650 -41.38914873
171.89661785 -41.38870960
171.89674920 -41.38827047
171.89688055 -41.38783134
171.89701189 -41.38739222
171.89714324 -41.38695309
171.89727458 -41.38651396
171.89740592 -41.38607483
171.89753726 -41.38563570
171.89766860 -41.38519657
171.89779993 -41.38475744
171.89793126 -41.38431831
171.89806259 -41.38387918
171.89819392 -41.38344005
171.89832525 -41.38300092
171.89845658 -41.38256179
171.89858790 -41.38212265
171.89871922 -41.38168352
171.89885054 -41.38124439
171.89898186 -41.38080526
171.89911318 -41.38036613
171.89924449 -41.37992700
171.89937580 -41.37948786
171.89950711 -41.37904873
171.89963842 -41.37860960
171.89976973 -41.37817047
171.89990104 -41.37773133
171.90003234 -41.37729220
171.90016364 -41.37685307
171.90029494 -41.37641393
171.90042624 -41.37597480
171.90055753 -41.37553567
171.90068883 -41.37509653
171.90082012 -41.37465740
171.90095141 -41.37421826
171.90108270 -41.37377913
171.90121398 -41.37334000
171.90134527 -41.37290086
171.90147655 -41.37246173
171.90160783 -41.37202259
171.90173911 -41.37158345
171.90187039 -41.37114432
171.90200166 -41.37070518
171.90213294 -41.37026605
171.90226421 -41.36982691
171.90239548 -41.36938778
171.90252675 -41.36894864
171.90265801 -41.36850950
171.90278927 -41.36807037
171.90292054 -41.36763123
171.90305180 -41.36719209
171.90318306 -41.36675295
171.90331431 -41.36631382
171.90344557 -41.36587468
171.90357682 -41.36543554
171.90370807 -41.36499640
171.90383932 -41.36455726
171.90397057 -41.36411813
171.90410181 -41.36367899
171.90423306 -41.36323985
171.90436430 -41.36280071
171.90449554 -41.36236157
171.90462677 -41.36192243
171.90475801 -41.36148329
171.90488924 -41.36104415
171.90502048 -41.36060501
171.90515171 -41.36016587
171.90528293 -41.35972673
171.90541416 -41.35928759
171.90554539 -41.35884845
171.90567661 -41.35840931
171.90580783 -41.35797017
171.90593905 -41.35753103
171.90607027 -41.35709189
171.90620148 -41.35665275
171.90633270 -41.35621361
171.90646391 -41.35577447
171.90659512 -41.35533532
171.90672632 -41.35489618
171.90685753 -41.35445704
171.90698874 -41.35401790
171.90711994 -41.35357875
171.90725114 -41.35313961
171.90738234 -41.35270047
171.90751353 -41.35226133
171.90764473 -41.35182218
171.90777592 -41.35138304
171.90790711 -41.35094390
171.90803830 -41.35050475
171.90816949 -41.35006561
171.90830067 -41.34962646
171.90843186 -41.34918732
171.90856304 -41.34874818
171.90869422 -41.34830903
171.90882540 -41.34786989
171.90895657 -41.34743074
171.90908775 -41.34699160
171.90921892 -41.34655245
171.90935009 -41.34611330
171.90948126 -41.34567416
171.90961242 -41.34523501
171.90974359 -41.34479587
171.90987475 -41.34435672
171.91000591 -41.34391757
171.91013707 -41.34347843
171.91026823 -41.34303928
171.91039939 -41.34260014
171.91053054 -41.34216099
171.91066169 -41.34172184
171.91079284 -41.34128269
171.91092399 -41.34084355
171.91105514 -41.34040440
171.91118628 -41.33996525
171.91131742 -41.33952610
171.91144856 -41.33908695
171.91157970 -41.33864781
171.91171084 -41.33820866
171.91184197 -41.33776951
171.91197311 -41.33733036
171.91210424 -41.33689121
171.91223537 -41.33645206
171.91236650 -41.33601291
171.91249762 -41.33557376
171.91262874 -41.33513461
171.91275987 -41.33469546
171.91289099 -41.33425631
171.91302210 -41.33381716
171.91315322 -41.33337801
171.91328434 -41.33293886
171.91341545 -41.33249971
171.91354656 -41.33206056
171.91367767 -41.33162141
171.91380877 -41.33118226
171.91393988 -41.33074310
171.91407098 -41.33030395
171.91420208 -41.32986480
171.91433318 -41.32942565
171.91446428 -41.32898650
171.91459538 -41.32854734
171.91472647 -41.32810819
171.91485756 -41.32766904
171.91498865 -41.32722989
171.91511974 -41.32679073
171.91525083 -41.32635158
171.91538191 -41.32591243
171.91551299 -41.32547327
171.91564408 -41.32503412
171.91577515 -41.32459496
171.91590623 -41.32415581
171.91603731 -41.32371666
171.91616838 -41.32327750
171.91629945 -41.32283835
171.91643052 -41.32239919
171.91656159 -41.32196004
171.91669265 -41.32152088
171.91682372 -41.32108173
171.91695478 -41.32064257
171.91708584 -41.32020341
171.91721690 -41.31976426
171.91734796 -41.31932510
171.91747901 -41.31888595
171.91761006 -41.31844679
171.91774111 -41.31800763
171.91787216 -41.31756848
171.91800321 -41.31712932
171.91813426 -41.31669016
171.91826530 -41.31625101
171.91839634 -41.31581185
171.91852738 -41.31537269
171.91865842 -41.31493353
171.91878945 -41.31449437
171.91892049 -41.31405522
171.91905152 -41.31361606
171.91918255 -41.31317690
171.91931358 -41.31273774
171.91944461 -41.31229858
171.91957563 -41.31185942
171.91970665 -41.31142026
171.91983767 -41.31098110
171.91996869 -41.31054194
171.92009971 -41.31010278
171.92023073 -41.30966363
171.92036174 -41.30922446
171.92049275 -41.30878530
171.92062376 -41.30834614
171.92075477 -41.30790698
171.92088578 -41.30746782
171.92101678 -41.30702866
171.92114778 -41.30658950
171.92127878 -41.30615034
171.92140978 -41.30571118
171.92154078 -41.30527202
171.92167177 -41.30483285
171.92180277 -41.30439369
171.92193376 -41.30395453
171.92206475 -41.30351537
171.92219573 -41.30307621
171.92232672 -41.30263704
171.92245770 -41.30219788
171.92258869 -41.30175872
171.92271967 -41.30131955
171.92285064 -41.30088039
171.92298162 -41.30044123
171.92311260 -41.30000206
171.92324357 -41.29956290
171.92337454 -41.29912374
171.92350551 -41.29868457
171.92363647 -41.29824541
171.92376744 -41.29780624
171.92389840 -41.29736708
171.92402936 -41.29692791
171.92416032 -41.29648875
171.92429128 -41.29604958
171.92442223 -41.29561042
171.92455319 -41.29517125
171.92468414 -41.29473209
171.92481509 -41.29429292
171.92494604 -41.29385375
171.92507698 -41.29341459
171.92520793 -41.29297542
171.92533887 -41.29253625
171.92546981 -41.29209709
171.92560075 -41.29165792
171.92573169 -41.29121875
171.92586262 -41.29077959
171.92599356 -41.29034042
171.92612449 -41.28990125
171.92625542 -41.28946208
171.92638634 -41.28902292
171.92651727 -41.28858375
171.92664819 -41.28814458
171.92677912 -41.28770541
171.92691004 -41.28726624
171.92704095 -41.28682707
171.92717187 -41.28638790
171.92730279 -41.28594874
171.92743370 -41.28550957
171.92756461 -41.28507040
171.92769552 -41.28463123
171.92782643 -41.28419206
171.92795733 -41.28375289
171.92808823 -41.28331372
171.92821913 -41.28287455
171.92835003 -41.28243538
171.92848093 -41.28199620
171.92861183 -41.28155703
171.92874272 -41.28111786
171.92887361 -41.28067869
171.92900450 -41.28023952
171.92913539 -41.27980035
171.92926628 -41.27936118
171.92939716 -41.27892200
171.92952805 -41.27848283
171.92965893 -41.27804366
171.92978981 -41.27760449
171.92992069 -41.27716531
171.93005156 -41.27672614
171.93018243 -41.27628697
171.93031330 -41.27584780
171.93044417 -41.27540862
171.93057504 -41.27496945
171.93070591 -41.27453028
171.93083677 -41.27409110
171.93096764 -41.27365193
171.93109850 -41.27321275
171.93122935 -41.27277358
171.93136021 -41.27233440
171.93149107 -41.27189523
171.93162192 -41.27145605
171.93175277 -41.27101688
171.93188362 -41.27057770
171.93201447 -41.27013853
171.93214531 -41.26969935
171.93227616 -41.26926018
171.93240700 -41.26882100
171.93253784 -41.26838183
171.93266868 -41.26794265
171.93279951 -41.26750347
171.93293035 -41.26706430
171.93306118 -41.26662512
171.93319201 -41.26618594
171.93332284 -41.26574677
171.93345367 -41.26530759
171.93358449 -41.26486841
171.93371531 -41.26442923
171.93384614 -41.26399005
171.93397695 -41.26355088
171.93410777 -41.26311170
171.93423859 -41.26267252
171.93436940 -41.26223334
171.93450021 -41.26179416
171.93463102 -41.26135498
171.93476183 -41.26091580
171.93489264 -41.26047663
171.93502344 -41.26003745
171.93515425 -41.25959827
171.93528505 -41.25915909
171.93541585 -41.25871991
171.93554664 -41.25828073
171.93567744 -41.25784155
171.93580823 -41.25740237
171.93593902 -41.25696319
171.93606981 -41.25652400
171.93620060 -41.25608482
171.93633139 -41.25564564
171.93646217 -41.25520646
171.93659295 -41.25476728
171.93672373 -41.25432810
171.93685451 -41.25388892
171.93698529 -41.25344973
171.93711606 -41.25301055
171.93724684 -41.25257137
171.93737761 -41.25213219
171.93750838 -41.25169301
171.93763914 -41.25125382
171.93776991 -41.25081464
171.93790067 -41.25037546
171.93803143 -41.24993627
171.93816219 -41.24949709
171.93829295 -41.24905790
171.93842371 -41.24861872
171.93855446 -41.24817954
171.93868522 -41.24774035
171.93881597 -41.24730117
171.93894671 -41.24686198
171.93907746 -41.24642280
171.93920821 -41.24598361
171.93933895 -41.24554443
171.93946969 -41.24510524
171.93960043 -41.24466606
171.93973117 -41.24422687
171.93986190 -41.24378769
171.93999264 -41.24334850
171.94012337 -41.24290931
171.94025410 -41.24247013
171.94038483 -41.24203094
171.94051555 -41.24159175
171.94064628 -41.24115257
171.94077700 -41.24071338
171.94090772 -41.24027419
171.94103844 -41.23983501
171.94116916 -41.23939582
171.94129987 -41.23895663
171.94143059 -41.23851744
171.94156130 -41.23807825
171.94169201 -41.23763907
171.94182272 -41.23719988
171.94195342 -41.23676069
171.94208413 -41.23632150
171.94221483 -41.23588231
171.94234553 -41.23544312
171.94247623 -41.23500393
171.94260692 -41.23456474
171.94273762 -41.23412555
171.94286831 -41.23368636
171.94299900 -41.23324717
171.94312969 -41.23280798
171.94326038 -41.23236879
171.94339106 -41.23192960
171.94352175 -41.23149041
171.94365243 -41.23105122
171.94378311 -41.23061203
171.94391379 -41.23017284
171.94404446 -41.22973365
171.94417514 -41.22929446
171.94430581 -41.22885526
171.94443648 -41.22841607
171.94456715 -41.22797688
171.94469782 -41.22753769
171.94482848 -41.22709850
171.94495914 -41.22665930
171.94508981 -41.22622011
171.94522046 -41.22578092
171.94535112 -41.22534172
171.94548178 -41.22490253
171.94561243 -41.22446334
171.94574308 -41.22402414
171.94587373 -41.22358495
171.94600438 -41.22314576
171.94613503 -41.22270656
171.94626567 -41.22226737
171.94639632 -41.22182817
171.94652696 -41.22138898
171.94665760 -41.22094978
171.94678823 -41.22051059
171.94691887 -41.22007139
171.94704950 -41.21963220
171.94718013 -41.21919300
171.94731076 -41.21875381
171.94744139 -41.21831461
171.94757202 -41.21787541
171.94770264 -41.21743622
171.94783326 -41.21699702
171.94796388 -41.21655782
171.94809450 -41.21611863
171.94822512 -41.21567943
171.94835573 -41.21524023
171.94848635 -41.21480104
171.94861696 -41.21436184
171.94874757 -41.21392264
171.94887817 -41.21348344
171.94900878 -41.21304425
171.94913938 -41.21260505
171.94926999 -41.21216585
171.94940059 -41.21172665
171.94953118 -41.21128745
171.94966178 -41.21084825
171.94979237 -41.21040905
171.94992297 -41.20996986
171.95005356 -41.20953066
171.95018415 -41.20909146
171.95031473 -41.20865226
171.95044532 -41.20821306
171.95057590 -41.20777386
171.95070648 -41.20733466
171.95083706 -41.20689546
171.95096764 -41.20645626
171.95109822 -41.20601705
171.95122879 -41.20557785
171.95135936 -41.20513865
171.95148993 -41.20469945
171.95162050 -41.20426025
171.95175107 -41.20382105
171.95188163 -41.20338185
171.95201219 -41.20294264
171.95214276 -41.20250344
171.95227331 -41.20206424
171.95240387 -41.20162504
171.95253443 -41.20118584
171.95266498 -41.20074663
171.95279553 -41.20030743
171.95292608 -41.19986823
171.95305663 -41.19942902
171.95318717 -41.19898982
171.95331772 -41.19855062
171.95344826 -41.19811141
171.95357880 -41.19767221
171.95370934 -41.19723300
171.95383988 -41.19679380
171.95397041 -41.19635459
171.95410095 -41.19591539
171.95423148 -41.19547618
171.95436201 -41.19503698
171.95449254 -41.19459777
171.95462306 -41.19415856
171.95475359 -41.19371936
171.95488411 -41.19328015
171.95501463 -41.19284095
171.95514515 -41.19240174
171.95527566 -41.19196253
171.95540618 -41.19152333
171.95553669 -41.19108412
171.95566720 -41.19064491
171.95579771 -41.19020570
171.95592822 -41.18976650
171.95605873 -41.18932729
171.95618923 -41.18888808
171.95631973 -41.18844887
171.95645023 -41.18800966
171.95658073 -41.18757046
171.95671122 -41.18713125
171.95684172 -41.18669204
171.95697221 -41.18625283
171.95710270 -41.18581362
171.95723319 -41.18537441
171.95736368 -41.18493520
171.95749416 -41.18449599
171.95762465 -41.18405678
171.95775513 -41.18361757
171.95788561 -41.18317836
171.95801609 -41.18273915
171.95814656 -41.18229994
171.95827704 -41.18186073
171.95840751 -41.18142152
171.95853798 -41.18098231
171.95866845 -41.18054310
171.95879891 -41.18010388
171.95892938 -41.17966467
171.95905984 -41.17922546
171.95919030 -41.17878625
171.95932076 -41.17834704
171.95945122 -41.17790782
171.95958167 -41.17746861
171.95971213 -41.17702940
171.95984258 -41.17659019
171.95997303 -41.17615097
171.96010348 -41.17571176
171.96023392 -41.17527255
171.96036437 -41.17483333
171.96049481 -41.17439412
171.96062525 -41.17395491
171.96075569 -41.17351569
171.96088613 -41.17307648
171.96101656 -41.17263726
171.96114700 -41.17219805
171.96127743 -41.17175883
171.96140786 -41.17131962
171.96153828 -41.17088040
171.96166871 -41.17044119
171.96179913 -41.17000197
171.96192956 -41.16956276
171.96205998 -41.16912354
171.96219040 -41.16868433
171.96232081 -41.16824511
171.96245123 -41.16780589
171.96258164 -41.16736668
171.96271205 -41.16692746
171.96284246 -41.16648824
171.96297287 -41.16604903
171.96310327 -41.16560981
171.96323368 -41.16517059
171.96336408 -41.16473137
171.96349448 -41.16429216
171.96362488 -41.16385294
171.96375527 -41.16341372
171.96388567 -41.16297450
171.96401606 -41.16253528
171.96414645 -41.16209607
171.96427684 -41.16165685
171.96440722 -41.16121763
171.96453761 -41.16077841
171.96466799 -41.16033919
171.96479837 -41.15989997
171.96492875 -41.15946075
171.96505913 -41.15902153
171.96518951 -41.15858231
171.96531988 -41.15814309
171.96545025 -41.15770387
171.96558062 -41.15726465
171.96571099 -41.15682543
171.96584136 -41.15638621
171.96597172 -41.15594699
171.96610208 -41.15550777
171.96623245 -41.15506855
171.96636280 -41.15462933
171.96649316 -41.15419010
171.96662352 -41.15375088
171.96675387 -41.15331166
171.96688422 -41.15287244
171.96701457 -41.15243322
171.96714492 -41.15199399
171.96727527 -41.15155477
171.96740561 -41.15111555
171.96753595 -41.15067632
171.96766629 -41.15023710
171.96779663 -41.14979788
171.96792697 -41.14935865
171.96805730 -41.14891943
171.96818764 -41.14848021
171.96831797 -41.14804098
171.96844830 -41.14760176
171.96857863 -41.14716253
171.96870895 -41.14672331
171.96883927 -41.14628408
171.96896960 -41.14584486
171.96909992 -41.14540563
171.96923024 -41.14496641
171.96936055 -41.14452718
171.96949087 -41.14408796
171.96962118 -41.14364873
171.96975149 -41.14320951
171.96988180 -41.14277028
171.97001211 -41.14233105
171.97014241 -41.14189183
171.97027272 -41.14145260
171.97040302 -41.14101337
171.97053332 -41.14057415
171.97066362 -41.14013492
171.97079391 -41.13969569
171.97092421 -41.13925646
171.97105450 -41.13881724
171.97118479 -41.13837801
171.97131508 -41.13793878
171.97144536 -41.13749955
171.97157565 -41.13706032
171.97170593 -41.13662110
171.97183621 -41.13618187
171.97196649 -41.13574264
171.97209677 -41.13530341
171.97222705 -41.13486418
171.97235732 -41.13442495
171.97248759 -41.13398572
171.97261786 -41.13354649
171.97274813 -41.13310726
171.97287840 -41.13266803
171.97300866 -41.13222880
171.97313892 -41.13178957
171.97326918 -41.13135034
171.97339944 -41.13091111
171.97352970 -41.13047188
171.97365996 -41.13003265
171.97379021 -41.12959341
171.97392046 -41.12915418
171.97405071 -41.12871495
171.97418096 -41.12827572
171.97431121 -41.12783649
171.97444145 -41.12739725
171.97457169 -41.12695802
171.97470193 -41.12651879
171.97483217 -41.12607956
171.97496241 -41.12564032
171.97509264 -41.12520109
171.97522288 -41.12476186
171.97535311 -41.12432263
171.97548334 -41.12388339
171.97561356 -41.12344416
171.97574379 -41.12300492
171.97587402 -41.12256569
171.97600424 -41.12212646
171.97613446 -41.12168722
171.97626468 -41.12124799
171.97639489 -41.12080875
171.97652511 -41.12036952
171.97665532 -41.11993028
171.97678553 -41.11949105
171.97691574 -41.11905181
171.97704595 -41.11861257
171.97717615 -41.11817334
171.97730636 -41.11773410
171.97743656 -41.11729487
171.97756676 -41.11685563
171.97769696 -41.11641639
171.97782715 -41.11597716
171.97795735 -41.11553792
171.97808754 -41.11509868
171.97821773 -41.11465945
171.97834792 -41.11422021
171.97847811 -41.11378097
171.97860829 -41.11334173
171.97873847 -41.11290249
171.97886865 -41.11246326
171.97899884 -41.11202402
171.97912901 -41.11158478
171.97925919 -41.11114554
171.97938936 -41.11070630
171.97951953 -41.11026706
171.97964970 -41.10982782
171.97977987 -41.10938859
171.97991004 -41.10894935
171.98004021 -41.10851011
171.98017037 -41.10807087
171.98030053 -41.10763163
171.98043069 -41.10719239
171.98056085 -41.10675315
171.98069100 -41.10631391
171.98082115 -41.10587466
171.98095131 -41.10543542
171.98108146 -41.10499618
171.98121161 -41.10455694
171.98134175 -41.10411770
171.98147190 -41.10367846
171.98160204 -41.10323922
171.98173218 -41.10279997
171.98186232 -41.10236073
171.98199246 -41.10192149
171.98212259 -41.10148225
171.98225272 -41.10104301
171.98238285 -41.10060376
171.98251298 -41.10016452
171.98282166 -41.09990982
171.98341449 -41.09994881
171.98400733 -41.09998780
171.98460016 -41.10002678
171.98519299 -41.10006576
171.98578583 -41.10010474
171.98637867 -41.10014372
171.98697150 -41.10018269
171.98756434 -41.10022166
171.98815718 -41.10026063
171.98875002 -41.10029960
171.98934286 -41.10033856
171.98993570 -41.10037751
171.99052855 -41.10041647
171.99112139 -41.10045542
171.99171423 -41.10049437
171.99230708 -41.10053332
171.99289993 -41.10057226
171.99349277 -41.10061120
171.99408562 -41.10065013
171.99467847 -41.10068907
171.99527132 -41.10072800
171.99586417 -41.10076693
171.99645702 -41.10080585
171.99704987 -41.10084477
171.99764272 -41.10088369
171.99823557 -41.10092260
171.99882843 -41.10096152
171.99942128 -41.10100042
172.00001414 -41.10103933
172.00060699 -41.10107823
172.00119985 -41.10111713
172.00179271 -41.10115603
172.00238557 -41.10119492
172.00297842 -41.10123381
172.00357129 -41.10127270
172.00416415 -41.10131158
172.00475701 -41.10135047
172.00534987 -41.10138934
172.00594273 -41.10142822
172.00653560 -41.10146709
172.00712846 -41.10150596
172.00772133 -41.10154483
172.00831419 -41.10158369
172.00890706 -41.10162255
172.00949993 -41.10166140
172.01009280 -41.10170026
172.01068567 -41.10173911
172.01127854 -41.10177796
172.01187141 -41.10181680
172.01246428 -41.10185564
172.01305715 -41.10189448
172.01365003 -41.10193331
172.01424290 -41.10197215
172.01483578 -41.10201098
172.01542865 -41.10204980
172.01602153 -41.10208862
172.01661441 -41.10212744
172.01720729 -41.10216626
172.01780017 -41.10220507
172.01839305 -41.10224388
172.01898593 -41.10228269
172.01957881 -41.10232150
172.02017169 -41.10236030
172.02076458 -41.10239909
172.02135746 -41.10243789
172.02195034 -41.10247668
172.02254323 -41.10251547
172.02313612 -41.10255426
172.02372900 -41.10259304
172.02432189 -41.10263182
172.02491478 -41.10267059
172.02550767 -41.10270937
172.02610056 -41.10274814
172.02669345 -41.10278691
172.02728635 -41.10282567
172.02787924 -41.10286443
172.02847213 -41.10290319
172.02906503 -41.10294194
172.02965792 -41.10298070
172.03025082 -41.10301944
172.03084371 -41.10305819
172.03143661 -41.10309693
172.03202951 -41.10313567
172.03262241 -41.10317441
172.03321531 -41.10321314
172.03380821 -41.10325187
172.03440111 -41.10329060
172.03499402 -41.10332932
172.03558692 -41.10336804
172.03617982 -41.10340676
172.03677273 -41.10344548
172.03736563 -41.10348419
172.03795854 -41.10352290
172.03855145 -41.10356160
172.03914436 -41.10360031
172.03973727 -41.10363901
172.04033018 -41.10367770
172.04092309 -41.10371640
172.04151600 -41.10375509
172.04210891 -41.10379377
172.04270182 -41.10383246
172.04329474 -41.10387114
172.04388765 -41.10390982
172.04448057 -41.10394849
172.04507348 -41.10398716
172.04566640 -41.10402583
172.04625932 -41.10406450
172.04685224 -41.10410316
172.04744515 -41.10414182
172.04803808 -41.10418048
172.04863100 -41.10421913
172.04922392 -41.10425778
172.04981684 -41.10429643
172.05040976 -41.10433507
172.05100269 -41.10437371
172.05159561 -41.10441235
172.05218854 -41.10445098
172.05278147 -41.10448962
172.05337439 -41.10452824
172.05396732 -41.10456687
172.05456025 -41.10460549
172.05515318 -41.10464411
172.05574611 -41.10468273
172.05633904 -41.10472134
172.05693197 -41.10475995
172.05752491 -41.10479856
172.05811784 -41.10483716
172.05871077 -41.10487576
172.05930371 -41.10491436
172.05989665 -41.10495296
172.06048958 -41.10499155
172.06108252 -41.10503014
172.06167546 -41.10506872
172.06226840 -41.10510730
172.06286134 -41.10514588
172.06345428 -41.10518446
172.06404722 -41.10522303
172.06464016 -41.10526160
172.06523311 -41.10530017
172.06582605 -41.10533873
172.06641900 -41.10537730
172.06701194 -41.10541585
172.06760489 -41.10545441
172.06819784 -41.10549296
172.06879079 -41.10553151
172.06938373 -41.10557005
172.06997668 -41.10560860
172.07056963 -41.10564714
172.07116258 -41.10568567
172.07175554 -41.10572421
172.07234849 -41.10576273
172.07294144 -41.10580126
172.07353440 -41.10583979
172.07412735 -41.10587831
172.07472031 -41.10591682
172.07531327 -41.10595534
172.07590622 -41.10599385
172.07649918 -41.10603236
172.07709214 -41.10607086
172.07768510 -41.10610937
172.07827806 -41.10614787
172.07887102 -41.10618636
172.07946399 -41.10622486
172.08005695 -41.10626335
172.08064991 -41.10630183
172.08124288 -41.10634032
172.08183584 -41.10637880
172.08242881 -41.10641728
172.08302178 -41.10645575
172.08361475 -41.10649422
172.08420772 -41.10653269
172.08480068 -41.10657116
172.08539365 -41.10660962
172.08598663 -41.10664808
172.08657960 -41.10668653
172.08717257 -41.10672499
172.08776554 -41.10676344
172.08835852 -41.10680188
172.08895149 -41.10684033
172.08954447 -41.10687877
172.09013745 -41.10691721
172.09073042 -41.10695564
172.09132340 -41.10699407
172.09191638 -41.10703250
172.09250936 -41.10707093
172.09310234 -41.10710935
172.09369532 -41.10714777
172.09428831 -41.10718618
172.09488129 -41.10722460
172.09547427 -41.10726301
172.09606726 -41.10730141
172.09666024 -41.10733982
172.09725323 -41.10737822
172.09784622 -41.10741662
172.09841565 -41.10745349