174.083133271 -41.933995931
174.084335726 -41.934019664
174.085541417 -41.934008863
174.086747108 -41.933998048
174.087952799 -41.933987220
174.089158489 -41.933976381
174.090364177 -41.933965529
174.091569866 -41.933954665
174.092775554 -41.933943787
174.093981242 -41.933932897
174.095186929 -41.933921995
174.096392615 -41.933911080
174.097598301 -41.933900152
174.098803987 -41.933889213
174.100009671 -41.933878260
174.101215353 -41.933867289
174.102421034 -41.933856306
174.103626714 -41.933845309
174.104832394 -41.933834300
174.106038074 -41.933823279
174.107243752 -41.933812244
174.108449430 -41.933801197
174.109655108 -41.933790139
174.110860784 -41.933779066
174.112066461 -41.933767982
174.113272137 -41.933756886
174.114477812 -41.933745776
174.115683487 -41.933734653
174.116889161 -41.933723519
174.118094835 -41.933712372
174.119300508 -41.933701212
174.120506181 -41.933690040
174.121711852 -41.933678855
174.122917523 -41.933667658
174.124123194 -41.933656448
174.125328896 -41.933647378
174.126534637 -41.933642224
174.127740387 -41.933638062
174.128946137 -41.933633887
174.130151886 -41.933629698
174.131357637 -41.933625498
174.132563385 -41.933621285
174.133769134 -41.933617060
174.134974882 -41.933612821
174.136180630 -41.933608571
174.137386378 -41.933604308
174.138592125 -41.933600032
174.139797873 -41.933595744
174.141003620 -41.933591443
174.142209366 -41.933587130
174.143415112 -41.933582804
174.144620858 -41.933578466
174.145826603 -41.933574115
174.147032349 -41.933569751
174.148238094 -41.933565375
174.149443839 -41.933560986
174.150649583 -41.933556585
174.151855327 -41.933552171
174.153061070 -41.933547745
174.154266813 -41.933543306
174.155472557 -41.933538854
174.156678300 -41.933534390
174.157884042 -41.933529914
174.159089784 -41.933525425
174.160295526 -41.933520923
174.161501267 -41.933516409
174.162707008 -41.933511882
174.163912750 -41.933507342
174.165118490 -41.933502791
174.166324230 -41.933498226
174.167529970 -41.933493650
174.168735709 -41.933489059
174.169941448 -41.933484457
174.171147187 -41.933479843
174.172352927 -41.933475215
174.173558665 -41.933470576
174.174764402 -41.933465923
174.175970140 -41.933461259
174.177175877 -41.933456581
174.178381613 -41.933451891
174.179587351 -41.933447189
174.180793087 -41.933442473
174.181998823 -41.933437746
174.183204558 -41.933433006
174.184410293 -41.933428254
174.185616028 -41.933423488
174.186821762 -41.933418710
174.188027497 -41.933413920
174.189233231 -41.933409117
174.190438964 -41.933404301
174.191644697 -41.933399474
174.192850430 -41.933394633
174.194056162 -41.933389780
174.195261894 -41.933384914
174.196467627 -41.933380036
174.197673359 -41.933375146
174.198879090 -41.933370242
174.200084820 -41.933365326
174.201290549 -41.933360399
174.202496278 -41.933355459
174.203702007 -41.933350507
174.204907735 -41.933345543
174.206113462 -41.933340566
174.207319190 -41.933335575
174.208524916 -41.933330573
174.209730643 -41.933325559
174.210936369 -41.933320531
174.212142096 -41.933315491
174.213347821 -41.933310439
174.214553546 -41.933305374
174.215759271 -41.933300296
174.216964995 -41.933295206
174.218170719 -41.933290104
174.219376443 -41.933284988
174.220582168 -41.933279860
174.221787890 -41.933274720
174.222993613 -41.933269568
174.224199335 -41.933264402
174.225405057 -41.933259224
174.226610779 -41.933254034
174.227816500 -41.933248830
174.229022222 -41.933243615
174.230227942 -41.933238387
174.231433662 -41.933233147
174.232639382 -41.933227893
174.233845101 -41.933222627
174.235050820 -41.933217349
174.236256540 -41.933212058
174.237462258 -41.933206755
174.238667976 -41.933201439
174.239873694 -41.933196111
174.241079411 -41.933190769
174.242285127 -41.933185416
174.243490844 -41.933180050
174.244696561 -41.933174670
174.245902277 -41.933169279
174.247107992 -41.933163876
174.248313707 -41.933158460
174.249519422 -41.933153030
174.250725136 -41.933147589
174.251930849 -41.933142135
174.253136564 -41.933136668
174.254342277 -41.933131190
174.255547990 -41.933125698
174.256753702 -41.933120195
174.257959414 -41.933114677
174.259165125 -41.933109148
174.260370838 -41.933103607
174.261576548 -41.933098053
174.262782259 -41.933092486
174.263987969 -41.933086906
174.265193678 -41.933081315
174.266399388 -41.933075710
174.267605096 -41.933070093
174.268810806 -41.933064464
174.270016514 -41.933058822
174.271222222 -41.933053167
174.272427929 -41.933047500
174.273633636 -41.933041820
174.274839343 -41.933036127
174.276045049 -41.933030423
174.277250756 -41.933024706
174.278456461 -41.933018976
174.279662166 -41.933013233
174.280867871 -41.933007478
174.282073575 -41.933001711
174.283279279 -41.932995930
174.284484982 -41.932990138
174.285690686 -41.932984333
174.286896389 -41.932978516
174.288102091 -41.932972685
174.289307793 -41.932966842
174.290513494 -41.932960987
174.291719195 -41.932955119
174.292924897 -41.932949239
174.294130597 -41.932943347
174.295336297 -41.932937441
174.296541997 -41.932931523
174.297747696 -41.932925593
174.298953394 -41.932919650
174.300159093 -41.932913694
174.301364789 -41.932907726
174.302570485 -41.932901745
174.303776179 -41.932895753
174.304981874 -41.932889746
174.306187568 -41.932883728
174.307393261 -41.932877698
174.308598954 -41.932871654
174.309804648 -41.932865598
174.311010341 -41.932859530
174.312216033 -41.932853449
174.313421724 -41.932847355
174.314627415 -41.932841249
174.315833106 -41.932835131
174.317038797 -41.932828999
174.318244487 -41.932822856
174.319450177 -41.932816700
174.320655866 -41.932810531
174.321861554 -41.932804349
174.323067242 -41.932798156
174.324272930 -41.932791949
174.325478619 -41.932785730
174.326684306 -41.932779499
174.327889992 -41.932773255
174.329095678 -41.932766999
174.330301364 -41.932760730
174.331507049 -41.932754448
174.332712734 -41.932748155
174.333918420 -41.932741848
174.335124104 -41.932735529
174.336329788 -41.932729197
174.337535471 -41.932722853
174.338741154 -41.932716496
174.339946836 -41.932710127
174.341152518 -41.932703745
174.342358200 -41.932697351
174.343563881 -41.932690944
174.344769562 -41.932684525
174.345975242 -41.932678093
174.347180922 -41.932671648
174.348386601 -41.932665191
174.349592282 -41.932658722
174.350797960 -41.932652240
174.352003638 -41.932645745
174.353209316 -41.932639238
174.354414993 -41.932632718
174.355620670 -41.932626185
174.356826346 -41.932619641
174.358032023 -41.932613084
174.359237699 -41.932606514
174.360443374 -41.932599931
174.361649048 -41.932593337
174.362514796 -41.932073868
174.362513973 -41.931173554
174.362513151 -41.930273240
174.362512329 -41.929372925
174.362511507 -41.928472611
174.362510686 -41.927572296
174.362509864 -41.926671980
174.362509043 -41.925771665
174.362508222 -41.924871350
174.362507402 -41.923971033
174.362506581 -41.923070717
174.362505760 -41.922170400
174.362504940 -41.921270084
174.362504120 -41.920369766
174.362503300 -41.919469449
174.362502481 -41.918569131
174.362501662 -41.917668814
174.362500843 -41.916768495
174.362500024 -41.915868177
174.362499205 -41.914967859
174.362498387 -41.914067540
174.362497568 -41.913167220
174.362496750 -41.912266901
174.362495932 -41.911366582
174.362495114 -41.910466261
174.362494297 -41.909565941
174.362493480 -41.908665620
174.362492663 -41.907765300
174.362491847 -41.906864979
174.362491030 -41.905964657
174.362490214 -41.905064335
174.362489397 -41.904164014
174.362488581 -41.903263691
174.362487765 -41.902363369
174.362486950 -41.901463046
174.362486135 -41.900562723
174.362485319 -41.899662400
174.362484504 -41.898762076
174.362483688 -41.897861751
174.362482870 -41.896961424
174.362482053 -41.896061097
174.362481234 -41.895160769
174.362480417 -41.894260442
174.362479600 -41.893360114
174.362478783 -41.892459785
174.362477967 -41.891559457
174.362477150 -41.890659129
174.362476334 -41.889758799
174.362475518 -41.888858470
174.362474703 -41.887958140
174.362473887 -41.887057811
174.362473072 -41.886157481
174.362472255 -41.885257150
174.362471440 -41.884356820
174.362470626 -41.883456489
174.362469811 -41.882556158
174.362468997 -41.881655826
174.362468183 -41.880755495
174.362467369 -41.879855163
174.362466555 -41.878954831
174.362465742 -41.878054498
174.362464929 -41.877154166
174.362464114 -41.876253833
174.362463301 -41.875353499
174.362462489 -41.874453166
174.362461676 -41.873552832
174.362460864 -41.872652498
174.362460052 -41.871752163
174.362459240 -41.870851829
174.362458428 -41.869951494
174.362457616 -41.869051159
174.362456805 -41.868150823
174.362455993 -41.867250488
174.362455182 -41.866350152
174.362454371 -41.865449816
174.362453560 -41.864549479
174.362452750 -41.863649143
174.362451940 -41.862748806
174.362451130 -41.861848468
174.362450320 -41.860948130
174.362449511 -41.860047793
174.362448701 -41.859147455
174.362447891 -41.858247116
174.362447082 -41.857346778
174.362446273 -41.856446440
174.362445465 -41.855546100
174.362444657 -41.854645761
174.362443849 -41.853745422
174.362443041 -41.852845082
174.362442233 -41.851944741
174.362441425 -41.851044401
174.362440618 -41.850144061
174.362439810 -41.849243720
174.362439003 -41.848343378
174.362438196 -41.847443037
174.362437390 -41.846542696
174.362436583 -41.845642354
174.362435777 -41.844742011
174.362434971 -41.843841669
174.362434165 -41.842941326
174.362433360 -41.842040983
174.362432555 -41.841140640
174.362431748 -41.840240297
174.362430943 -41.839339952
174.362430138 -41.838439608
174.362429334 -41.837539263
174.362428529 -41.836638919
174.362427725 -41.835738574
174.362426921 -41.834838229
174.362426118 -41.833937883
174.362425314 -41.833037538
174.362424511 -41.832137192
174.362423706 -41.831236846
174.362422903 -41.830336499
174.362422100 -41.829436153
174.362421298 -41.828535806
174.362420495 -41.827635458
174.362419693 -41.826735110
174.362418891 -41.825834763
174.362418089 -41.824934415
174.362417288 -41.824034067
174.362416486 -41.823133719
174.362415684 -41.822233370
174.362414883 -41.821333021
174.362414082 -41.820432671
174.362413281 -41.819532322
174.362412481 -41.818631972
174.362411681 -41.817731622
174.362410881 -41.816831271
174.362410081 -41.815930921
174.362409281 -41.815030570
174.362408481 -41.814130219
174.362407681 -41.813229868
174.362406882 -41.812329517
174.362406083 -41.811429164
174.362405284 -41.810528812
174.362404486 -41.809628460
174.362403687 -41.808728107
174.362402889 -41.807827754
174.362402091 -41.806927400
174.362401293 -41.806027047
174.362400496 -41.805126693
174.362399698 -41.804226339
174.362398900 -41.803325984
174.362398103 -41.802425630
174.362397306 -41.801525275
174.362396509 -41.800624920
174.362395713 -41.799724564
174.362394918 -41.798824210
174.362394121 -41.797923853
174.362393322 -41.797023494
174.362392523 -41.796123134
174.362391725 -41.795222776
174.362390925 -41.794322416
174.362390127 -41.793422056
174.362389329 -41.792521696
174.362388531 -41.791621336
174.362387734 -41.790720975
174.362386936 -41.789820614
174.362386139 -41.788920253
174.362385342 -41.788019891
174.362384545 -41.787119530
174.362383748 -41.786219167
174.362382951 -41.785318806
174.362382155 -41.784418443
174.362381358 -41.783518080
174.362380562 -41.782617717
174.362379767 -41.781717355
174.362378971 -41.780816991
174.362378176 -41.779916627
174.362377381 -41.779016263
174.362376586 -41.778115899
174.362375791 -41.777215534
174.362374995 -41.776315169
174.362374201 -41.775414804
174.362373406 -41.774514439
174.362372612 -41.773614073
174.362371818 -41.772713707
174.362371025 -41.771813341
174.362370231 -41.770912974
174.362369438 -41.770012608
174.362368645 -41.769112240
174.362367852 -41.768211874
174.362367058 -41.767311506
174.362366265 -41.766411138
174.362365473 -41.765510770
174.362364681 -41.764610403
174.362363889 -41.763710034
174.362363097 -41.762809665
174.362362305 -41.761909297
174.362361514 -41.761008927
174.362360722 -41.760108558
174.362359931 -41.759208188
174.362359139 -41.758307818
174.362358348 -41.757407448
174.362357558 -41.756507077
174.362356767 -41.755606706
174.362355977 -41.754706336
174.362355187 -41.753805965
174.362354397 -41.752905593
174.362353608 -41.752005221
174.362352818 -41.751104850
174.362352029 -41.750204477
174.362351239 -41.749304104
174.362350450 -41.748403732
174.362349662 -41.747503359
174.362348873 -41.746602986
174.362348085 -41.745702612
174.362347297 -41.744802239
174.362346509 -41.743901865
174.362345722 -41.743001491
174.362344934 -41.742101116
174.362344147 -41.741200742
174.362343359 -41.740300367
174.362342572 -41.739399991
174.362341785 -41.738499616
174.362340998 -41.737599241
174.362340212 -41.736698865
174.362339426 -41.735798488
174.362338640 -41.734898112
174.362337854 -41.733997736
174.362337068 -41.733097358
174.362336283 -41.732196981
174.362335496 -41.731296604
174.362334711 -41.730396226
174.362333926 -41.729495848
174.362333142 -41.728595470
174.362332357 -41.727695092
174.362331573 -41.726794713
174.362330788 -41.725894334
174.362330004 -41.724993954
174.362329221 -41.724093576
174.362328437 -41.723193196
174.362327653 -41.722292816
174.362326869 -41.721392435
174.362326086 -41.720492055
174.362325303 -41.719591675
174.362324520 -41.718691293
174.362323737 -41.717790913
174.362322955 -41.716890531
174.362322172 -41.715990149
174.362321390 -41.715089766
174.362320608 -41.714189384
174.362319827 -41.713289002
174.362319044 -41.712388618
174.362318262 -41.711488235
174.362317481 -41.710587852
174.362316700 -41.709687468
174.362315919 -41.708787084
174.362315138 -41.707886700
174.362314358 -41.706986316
174.362313577 -41.706085931
174.362312797 -41.705185546
174.362312017 -41.704285162
174.362311236 -41.703384776
174.362310457 -41.702484390
174.362309677 -41.701584004
174.362308898 -41.700683619
174.362308119 -41.699783232
174.362307341 -41.698882844
174.362306562 -41.697982456
174.362305779 -41.697082064
174.362304996 -41.696181672
174.362304214 -41.695281280
174.362303430 -41.694380887
174.362302648 -41.693480495
174.362301866 -41.692580102
174.362301085 -41.691679708
174.362300303 -41.690779314
174.362299522 -41.689878921
174.362298740 -41.688978527
174.362297959 -41.688078133
174.362297178 -41.687177739
174.362296398 -41.686277344
174.362295616 -41.685376948
174.362294835 -41.684476553
174.362294055 -41.683576157
174.362293275 -41.682675761
174.362292495 -41.681775365
174.362291715 -41.680874968
174.362290936 -41.679974572
174.362290156 -41.679074175
174.362289377 -41.678173778
174.362288598 -41.677273380
174.362287818 -41.676372983
174.362287039 -41.675472585
174.362286261 -41.674572186
174.362285482 -41.673671789
174.362284704 -41.672771390
174.362283926 -41.671870990
174.362283148 -41.670970591
174.362282371 -41.670070192
174.362281593 -41.669169792
174.362280816 -41.668269392
174.362280037 -41.667368992
174.362279260 -41.666468592
174.362278483 -41.665568191
174.362277707 -41.664667790
174.362276930 -41.663767389
174.362276154 -41.662866988
174.362275378 -41.661966586
174.362274602 -41.661066184
174.362273826 -41.660165782
174.362273050 -41.659265380
174.362272273 -41.658364977
174.362271498 -41.657464574
174.362270723 -41.656564172
174.362269948 -41.655663768
174.362269173 -41.654763364
174.362268398 -41.653862960
174.362267624 -41.652962556
174.362266849 -41.652062151
174.362266075 -41.651161746
174.362265301 -41.650261341
174.362264526 -41.649360936
174.362263752 -41.648460530
174.362262979 -41.647560124
174.362262205 -41.646659718
174.362261432 -41.645759312
174.362260659 -41.644858905
174.362259886 -41.643958498
174.362259113 -41.643058092
174.362258341 -41.642157684
174.362257568 -41.641257277
174.362256796 -41.640356869
174.362256023 -41.639456461
174.362255251 -41.638556053
174.362254479 -41.637655644
174.362253707 -41.636755235
174.362252936 -41.635854827
174.362252165 -41.634954417
174.362251394 -41.634054008
174.362250623 -41.633153598
174.362249852 -41.632253188
174.362249081 -41.631352778
174.362248310 -41.630452367
174.362247539 -41.629551957
174.362246769 -41.628651546
174.362245999 -41.627751135
174.362245229 -41.626850723
174.362244460 -41.625950312
174.362243690 -41.625049900
174.362242921 -41.624149487
174.362242151 -41.623249074
174.362241382 -41.622348661
174.362240612 -41.621448248
174.362239843 -41.620547834
174.362239074 -41.619647420
174.362238306 -41.618747006
174.362237537 -41.617846592
174.362236769 -41.616946177
174.362236001 -41.616045762
174.362235233 -41.615145348
174.362234465 -41.614244932
174.362233698 -41.613344516
174.362232929 -41.612444101
174.362232162 -41.611543685
174.362231395 -41.610643268
174.362230628 -41.609742852
174.362229861 -41.608842436
174.362229094 -41.607942018
174.362228328 -41.607041601
174.362227561 -41.606141183
174.362226795 -41.605240766
174.362226029 -41.604340348
174.362225262 -41.603439930
174.362224496 -41.602539511
174.362223731 -41.601639093
174.362222965 -41.600738674
174.362222200 -41.599838254
174.362221435 -41.598937835
174.362220670 -41.598037414
174.362219903 -41.597136993
174.362219137 -41.596236571
174.362218371 -41.595336150
174.362217604 -41.594435727
174.362216838 -41.593535305
174.362216072 -41.592634882
174.362215307 -41.591734459
174.362214541 -41.590834036
174.362213776 -41.589933612
174.362213011 -41.589033188
174.362212246 -41.588132764
174.362211481 -41.587232340
174.362210716 -41.586331915
174.362209951 -41.585431490
174.362209186 -41.584531066
174.362208422 -41.583630640
174.362207658 -41.582730214
174.362206894 -41.581829789
174.362206131 -41.580929363
174.362205367 -41.580028936
174.362204604 -41.579128510
174.362203841 -41.578228084
174.362203077 -41.577327656
174.362202313 -41.576427229
174.362201551 -41.575526801
174.362200788 -41.574626374
174.362200025 -41.573725946
174.362199263 -41.572825518
174.362198501 -41.571925089
174.362197739 -41.571024661
174.362196977 -41.570124232
174.362196215 -41.569223803
174.362195454 -41.568323374
174.362194691 -41.567422944
174.362193930 -41.566522514
174.362193169 -41.565622084
174.362192408 -41.564721654
174.362191647 -41.563821223
174.362190886 -41.562920792
174.362190126 -41.562020361
174.362189365 -41.561119930
174.362188605 -41.560219498
174.362187845 -41.559319066
174.362187085 -41.558418633
174.362186324 -41.557518201
174.362185564 -41.556617768
174.362184805 -41.555717335
174.362184045 -41.554816902
174.362183286 -41.553916469
174.362182527 -41.553016035
174.362181768 -41.552115601
174.362181009 -41.551215167
174.362180250 -41.550314733
174.362179492 -41.549414298
174.362178732 -41.548513863
174.362177974 -41.547613428
174.362177216 -41.546712993
174.362176458 -41.545812557
174.362175700 -41.544912121
174.362174943 -41.544011685
174.362174185 -41.543111249
174.362173428 -41.542210812
174.362172671 -41.541310375
174.362171914 -41.540409939
174.362171156 -41.539509501
174.362170399 -41.538609063
174.362169642 -41.537708626
174.362168886 -41.536808188
174.362168130 -41.535907750
174.362167373 -41.535007311
174.362166617 -41.534106873
174.362165862 -41.533206434
174.362165106 -41.532305994
174.362164350 -41.531405555
174.362163594 -41.530505115
174.362162838 -41.529604675
174.362162083 -41.528704234
174.362161328 -41.527803793
174.362160573 -41.526903353
174.362159818 -41.526002912
174.362159063 -41.525102470
174.362158309 -41.524202029
174.362157555 -41.523301587
174.362156800 -41.522401145
174.362156045 -41.521500702
174.362155291 -41.520600260
174.362154537 -41.519699817
174.362153784 -41.518799374
174.362153030 -41.517898931
174.362152277 -41.516998488
174.362151524 -41.516098044
174.362150771 -41.515197600
174.362150018 -41.514297155
174.362149265 -41.513396711
174.362148511 -41.512496266
174.362147758 -41.511595821
174.362147006 -41.510695376
174.362146254 -41.509794931
174.362145502 -41.508894485
174.362144750 -41.507994039
174.362143998 -41.507093594
174.362143246 -41.506193147
174.362142495 -41.505292700
174.362141744 -41.504392253
174.362140991 -41.503491807
174.362140240 -41.502591359
174.362139489 -41.501690911
174.362138738 -41.500790463
174.362137988 -41.499890016
174.362137237 -41.498989566
174.362136487 -41.498089117
174.362135736 -41.497188666
174.362134985 -41.496288216
174.362134235 -41.495387765
174.362133483 -41.494487314
174.362132732 -41.493586863
174.362131982 -41.492686412
174.362131232 -41.491785960
174.362130482 -41.490885507
174.362129732 -41.489985056
174.362128983 -41.489084603
174.362128233 -41.488184150
174.362127484 -41.487283697
174.362126735 -41.486383245
174.362125984 -41.485482791
174.362125235 -41.484582337
174.362124486 -41.483681883
174.362123738 -41.482781430
174.362122989 -41.481880975
174.362122241 -41.480980520
174.362121492 -41.480080065
174.362120744 -41.479179611
174.362119996 -41.478279156
174.362119248 -41.477378700
174.362118501 -41.476478245
174.362117752 -41.475577789
174.362117004 -41.474677332
174.362116257 -41.473776875
174.362115510 -41.472876419
174.362114763 -41.471975962
174.362114016 -41.471075505
174.362113269 -41.470175047
174.362112522 -41.469274590
174.362111776 -41.468374132
174.362111029 -41.467473674
174.362110281 -41.466573215
174.362109535 -41.465672757
174.362108789 -41.464772298
174.362108043 -41.463871838
174.362107297 -41.462971380
174.362106551 -41.462070920
174.362105805 -41.461170459
174.362105060 -41.460269999
174.362104314 -41.459369539
174.362103569 -41.458469078
174.362102823 -41.457568617
174.362102078 -41.456668156
174.362101333 -41.455767695
174.362100588 -41.454867234
174.362099843 -41.453966772
174.362099099 -41.453066309
174.362098355 -41.452165848
174.362097610 -41.451265385
174.362096866 -41.450364922
174.362096122 -41.449464459
174.362095377 -41.448563996
174.362094634 -41.447663533
174.362093890 -41.446763069
174.362093147 -41.445862606
174.362092403 -41.444962141
174.362091660 -41.444061677
174.362090917 -41.443161212
174.362090174 -41.442260748
174.362089431 -41.441360283
174.362088689 -41.440459817
174.362087945 -41.439559351
174.362087203 -41.438658886
174.362086460 -41.437758420
174.362085718 -41.436857953
174.362084976 -41.435957487
174.362084234 -41.435057020
174.362083492 -41.434156553
174.362082750 -41.433256086
174.362082008 -41.432355619
174.362081266 -41.431455151
174.362080524 -41.430554683
174.362079782 -41.429654214
174.362079041 -41.428753746
174.362078300 -41.427853277
174.362077559 -41.426952808
174.362076818 -41.426052339
174.362076077 -41.425151870
174.362075336 -41.424251400
174.362074596 -41.423350930
174.362073856 -41.422450460
174.362073114 -41.421549990
174.362072374 -41.420649520
174.362071634 -41.419749049
174.362070894 -41.418848578
174.362070154 -41.417948107
174.362069415 -41.417047635
174.362068675 -41.416147163
174.362067936 -41.415246692
174.362067197 -41.414346220
174.362066458 -41.413445747
174.362065717 -41.412545274
174.362064979 -41.411644802
174.362064240 -41.410744329
174.362063501 -41.409843855
174.362062763 -41.408943381
174.362062024 -41.408042908
174.362061286 -41.407142434
174.362060548 -41.406241960
174.362059810 -41.405341484
174.362059072 -41.404441009
174.362058333 -41.403540533
174.362057596 -41.402640057
174.362056858 -41.401739582
174.362056121 -41.400839105
174.362055384 -41.399938628
174.362054646 -41.399038152
174.362053909 -41.398137675
174.362053174 -41.397237197
174.362052438 -41.396336719
174.362051703 -41.395436241
174.362050967 -41.394535763
174.362050231 -41.393635284
174.362049496 -41.392734805
174.362048761 -41.391834325
174.362048026 -41.390933846
174.362047291 -41.390033367
174.362046557 -41.389132886
174.362045822 -41.388232407
174.362045088 -41.387331926
174.362044354 -41.386431446
174.362043620 -41.385530965
174.362042884 -41.384630484
174.362042150 -41.383730003
174.362041417 -41.382829521
174.362040683 -41.381929039
174.362039950 -41.381028558
174.362039216 -41.380128076
174.362038483 -41.379227593
174.362037750 -41.378327110
174.362037017 -41.377426628
174.362036284 -41.376526145
174.362035550 -41.375625661
174.362034818 -41.374725176
174.362034088 -41.373824690
174.362033357 -41.372924203
174.362032627 -41.372023715
174.362031897 -41.371123228
174.362031168 -41.370222740
174.362030438 -41.369322251
174.362029708 -41.368421763
174.362028979 -41.367521275
174.362028248 -41.366620786
174.362027519 -41.365720297
174.362026790 -41.364819807
174.362026061 -41.363919318
174.362025332 -41.363018828
174.362024603 -41.362118338
174.362023875 -41.361217848
174.362023146 -41.360317358
174.362022418 -41.359416867
174.362021689 -41.358516376
174.361957692 -41.357651786
174.360797691 -41.357464656
174.359602573 -41.357465947
174.358407453 -41.357467227
174.357212333 -41.357468494
174.356017213 -41.357469749
174.354822092 -41.357470991
174.353626972 -41.357472220
174.352431851 -41.357473439
174.351236731 -41.357474644
174.350041610 -41.357475837
174.348846489 -41.357477017
174.347651367 -41.357478185
174.346456247 -41.357479341
174.345261126 -41.357480485
174.344066004 -41.357481616
174.342870883 -41.357482735
174.341675761 -41.357483842
174.340480639 -41.357484936
174.339285517 -41.357486018
174.338090394 -41.357487088
174.336895272 -41.357488145
174.335700150 -41.357489190
174.334505027 -41.357490223
174.333309904 -41.357491243
174.332114783 -41.357492251
174.330919660 -41.357493247
174.329724536 -41.357494230
174.328529413 -41.357495201
174.327334290 -41.357496160
174.326139166 -41.357497106
174.324944043 -41.357498040
174.323748919 -41.357498963
174.322553795 -41.357499874
174.321358671 -41.357500772
174.320163546 -41.357501657
174.318968422 -41.357502531
174.317773299 -41.357503392
174.316578174 -41.357504241
174.315383050 -41.357505078
174.314187925 -41.357505902
174.312992800 -41.357506713
174.311797675 -41.357507513
174.310602549 -41.357508300
174.309407424 -41.357509075
174.308212299 -41.357509838
174.307017173 -41.357510588
174.305822048 -41.357511325
174.304626923 -41.357512051
174.303431797 -41.357512765
174.302236671 -41.357513465
174.301041545 -41.357514154
174.299846419 -41.357514830
174.298651292 -41.357515493
174.297456165 -41.357516143
174.296261037 -41.357516782
174.295065910 -41.357517408
174.293870783 -41.357518022
174.292675655 -41.357518623
174.291480527 -41.357519212
174.290285401 -41.357519789
174.289090273 -41.357520354
174.287895145 -41.357520906
174.286700017 -41.357521446
174.285504888 -41.357521975
174.284309760 -41.357522492
174.283114631 -41.357522996
174.281919502 -41.357523488
174.280724374 -41.357523968
174.279529245 -41.357524435
174.278334116 -41.357524889
174.277138987 -41.357525332
174.275943859 -41.357525762
174.274748729 -41.357526180
174.273553600 -41.357526586
174.272358471 -41.357526979
174.271163341 -41.357527360
174.269968211 -41.357527728
174.268773082 -41.357528084
174.267577952 -41.357528429
174.266382822 -41.357528760
174.265187692 -41.357529079
174.263992562 -41.357529386
174.262797433 -41.357529680
174.261602303 -41.357529962
174.260407172 -41.357530233
174.259212042 -41.357530490
174.258016911 -41.357530735
174.256821781 -41.357530968
174.255626650 -41.357531188
174.254431519 -41.357531396
174.253236388 -41.357531593
174.252041257 -41.357531776
174.250846126 -41.357531947
174.249650996 -41.357532105
174.248455869 -41.357532246
174.247260741 -41.357532376
174.246065613 -41.357532492
174.244870484 -41.357532596
174.243675356 -41.357532688
174.242480227 -41.357532768
174.241285099 -41.357532835
174.240089970 -41.357532891
174.238894841 -41.357532933
174.237699712 -41.357532964
174.236504583 -41.357532981
174.235309454 -41.357532987
174.234114327 -41.357532980
174.232919198 -41.357532962
174.231724068 -41.357532931
174.230528939 -41.357532887
174.229333810 -41.357532831
174.228138680 -41.357532762
174.226943551 -41.357532681
174.225748421 -41.357532589
174.224553292 -41.357532484
174.223358162 -41.357532366
174.222163032 -41.357532236
174.220967902 -41.357532093
174.219772774 -41.357531938
174.218577644 -41.357531772
174.217382514 -41.357531592
174.216187384 -41.357531400
174.214992254 -41.357531196
174.213797123 -41.357530980
174.212601993 -41.357530751
174.211406862 -41.357530512
174.210211732 -41.357530261
174.209016601 -41.357529997
174.207821470 -41.357529721
174.206626340 -41.357529433
174.205431209 -41.357529132
174.204236078 -41.357528819
174.203040947 -41.357528494
174.201845816 -41.357528156
174.200650685 -41.357527806
174.199455554 -41.357527443
174.198260423 -41.357527069
174.197065292 -41.357526681
174.195870161 -41.357526281
174.194675030 -41.357525869
174.193479899 -41.357525444
174.192284769 -41.357525008
174.191089638 -41.357524559
174.189894506 -41.357524097
174.188699375 -41.357523624
174.187504244 -41.357523137
174.186309112 -41.357522639
174.185113981 -41.357522128
174.183918850 -41.357521605
174.182723718 -41.357521069
174.181528587 -41.357520521
174.180333455 -41.357519961
174.179138323 -41.357519388
174.177943193 -41.357518803
174.176748061 -41.357518207
174.175552929 -41.357517597
174.174357797 -41.357516976
174.173162665 -41.357516343
174.171967533 -41.357515698
174.170772401 -41.357515041
174.169577269 -41.357514372
174.168382137 -41.357513691
174.167187004 -41.357512996
174.165991872 -41.357512290
174.164796741 -41.357511571
174.163601609 -41.357510839
174.162406476 -41.357510097
174.161211344 -41.357509341
174.160016211 -41.357508572
174.158821079 -41.357507792
174.157625946 -41.357506999
174.156430814 -41.357506193
174.155235681 -41.357505376
174.154040549 -41.357504546
174.152845416 -41.357503704
174.151650283 -41.357502849
174.150455152 -41.357501982
174.149260019 -41.357501103
174.148064886 -41.357500212
174.146869754 -41.357499308
174.145674621 -41.357498391
174.144479488 -41.357497462
174.143284355 -41.357496521
174.142089222 -41.357495568
174.140894090 -41.357494603
174.139698957 -41.357493624
174.138503824 -41.357492634
174.137308691 -41.357491631
174.136113559 -41.357490618
174.134918426 -41.357489594
174.133723292 -41.357488556
174.132528159 -41.357487506
174.131333026 -41.357486444
174.130137892 -41.357485369
174.128942759 -41.357484282
174.127747626 -41.357483183
174.126552492 -41.357482072
174.125357359 -41.357480947
174.124162226 -41.357479811
174.122967093 -41.357478662
174.121771960 -41.357477501
174.120576827 -41.357476328
174.119381693 -41.357475142
174.118186560 -41.357473944
174.116991426 -41.357472734
174.115796293 -41.357471511
174.114601160 -41.357470276
174.113406026 -41.357469029
174.112210893 -41.357467769
174.111015759 -41.357466497
174.109820626 -41.357465212
174.108625494 -41.357463915
174.107430360 -41.357462606
174.106235227 -41.357461285
174.105040093 -41.357459951
174.103844960 -41.357458604
174.102649826 -41.357457246
174.101454693 -41.357455875
174.100259559 -41.357454492
174.099064425 -41.357453100
174.097869290 -41.357451695
174.096674155 -41.357450278
174.095479020 -41.357448848
174.094283886 -41.357447406
174.093088751 -41.357445953
174.091893616 -41.357444486
174.090698482 -41.357443007