176.943633 -39.330044
176.944965 -39.329433
176.945992 -39.329344
176.947002 -39.329487
176.948074 -39.329140
176.949147 -39.328794
176.950219 -39.328447
176.951292 -39.328101
176.952364 -39.327754
176.953436 -39.327408
176.954509 -39.327061
176.955581 -39.326715
176.956654 -39.326368
176.957726 -39.326022
176.958798 -39.325675
176.959871 -39.325329
176.960943 -39.324982
176.962015 -39.324635
176.963088 -39.324289
176.964160 -39.323942
176.965232 -39.323596
176.966304 -39.323249
176.967377 -39.322902
176.968449 -39.322556
176.969521 -39.322209
176.970594 -39.321862
176.971666 -39.321516
176.972738 -39.321169
176.973810 -39.320822
176.974882 -39.320476
176.975955 -39.320129
176.976400 -39.320963
176.976846 -39.321797
176.977292 -39.322631
176.977737 -39.323465
176.978183 -39.324299
176.978629 -39.325133
176.979074 -39.325967
176.979520 -39.326801
176.979966 -39.327635
176.980412 -39.328469
176.980857 -39.329303
176.981303 -39.330137
176.981749 -39.330971
176.982195 -39.331805
176.982640 -39.332639
176.983086 -39.333473
176.983532 -39.334307
176.983978 -39.335141
176.984424 -39.335975
176.984870 -39.336809
176.985316 -39.337643
176.985761 -39.338477
176.986207 -39.339311
176.986653 -39.340145
176.987099 -39.340979
176.987545 -39.341813
176.987991 -39.342647
176.988437 -39.343481
176.988883 -39.344315
176.989329 -39.345149
176.989775 -39.345983
176.990221 -39.346817
176.990667 -39.347651
176.991113 -39.348485
176.991559 -39.349319
176.992005 -39.350153
176.992451 -39.350987
176.992897 -39.351821
176.993343 -39.352655
176.993789 -39.353489
176.994235 -39.354323
176.994681 -39.355157
176.995127 -39.355991
176.995573 -39.356825
176.996020 -39.357659
176.996466 -39.358492
176.996912 -39.359326
176.997358 -39.360160
176.997804 -39.360994
176.998250 -39.361828
176.998697 -39.362662
176.999143 -39.363496
176.999589 -39.364330
177.000035 -39.365164
177.000481 -39.365998
177.000928 -39.366832
177.001374 -39.367666
177.001820 -39.368500
177.002266 -39.369334
177.002713 -39.370167
177.003159 -39.371001
177.003605 -39.371835
177.004052 -39.372669
177.004498 -39.373503
177.004944 -39.374337
177.005391 -39.375171
177.005837 -39.376005
177.006283 -39.376839
177.006730 -39.377673
177.007176 -39.378506
177.007623 -39.379340
177.008069 -39.380174
177.008515 -39.381008
177.008962 -39.381842
177.009408 -39.382676
177.009855 -39.383510
177.010301 -39.384344
177.010748 -39.385177
177.011194 -39.386011
177.011641 -39.386845
177.012087 -39.387679
177.012534 -39.388513
177.012980 -39.389347
177.013427 -39.390181
177.013873 -39.391015
177.014320 -39.391848
177.014766 -39.392682
177.015213 -39.393516
177.015660 -39.394350
177.016106 -39.395184
177.016553 -39.396018
177.016999 -39.396852
177.017446 -39.397685
177.017893 -39.398519
177.018339 -39.399353
177.018786 -39.400187
177.019233 -39.401021
177.019679 -39.401855
177.020126 -39.402688
177.020573 -39.403522
177.021020 -39.404356
177.021466 -39.405190
177.021913 -39.406024
177.022360 -39.406858
177.022807 -39.407691
177.023253 -39.408525
177.023700 -39.409359
177.024147 -39.410193
177.024594 -39.411027
177.025041 -39.411860
177.025487 -39.412694
177.025934 -39.413528
177.026381 -39.414362
177.026828 -39.415196
177.027275 -39.416029
177.027722 -39.416863
177.028169 -39.417697
177.028615 -39.418531
177.029062 -39.419365
177.029509 -39.420198
177.029956 -39.421032
177.030403 -39.421866
177.030850 -39.422700
177.031297 -39.423533
177.031744 -39.424367
177.032191 -39.425201
177.032638 -39.426035
177.033085 -39.426869
177.033532 -39.427702
177.033979 -39.428536
177.034426 -39.429370
177.034873 -39.430204
177.035320 -39.431037
177.035767 -39.431871
177.036214 -39.432705
177.036662 -39.433539
177.037109 -39.434372
177.037556 -39.435206
177.038003 -39.436040
177.038450 -39.436874
177.038897 -39.437707
177.039344 -39.438541
177.039792 -39.439375
177.040239 -39.440209
177.040686 -39.441042
177.041133 -39.441876
177.041580 -39.442710
177.042028 -39.443544
177.042475 -39.444377
177.042922 -39.445211
177.043369 -39.446045
177.043817 -39.446878
177.044264 -39.447712
177.044711 -39.448546
177.045158 -39.449380
177.045606 -39.450213
177.046053 -39.451047
177.046500 -39.451881
177.046948 -39.452714
177.047395 -39.453548
177.047842 -39.454382
177.048290 -39.455216
177.048737 -39.456049
177.049185 -39.456883
177.049632 -39.457717
177.050079 -39.458550
177.050527 -39.459384
177.050974 -39.460218
177.051422 -39.461051
177.051869 -39.461885
177.052317 -39.462719
177.052764 -39.463552
177.053212 -39.464386
177.053659 -39.465220
177.054107 -39.466053
177.054554 -39.466887
177.055002 -39.467721
177.055449 -39.468554
177.055897 -39.469388
177.056344 -39.470222
177.056792 -39.471055
177.057240 -39.471889
177.057687 -39.472723
177.058135 -39.473556
177.058582 -39.474390
177.059030 -39.475224
177.059478 -39.476057
177.059925 -39.476891
177.060373 -39.477725
177.060821 -39.478558
177.061268 -39.479392
177.061716 -39.480226
177.062164 -39.481059
177.062611 -39.481893
177.063059 -39.482726
177.063507 -39.483560
177.063955 -39.484394
177.064402 -39.485227
177.064850 -39.486061
177.065298 -39.486895
177.065746 -39.487728
177.066194 -39.488562
177.066641 -39.489395
177.067089 -39.490229
177.067537 -39.491063
177.067985 -39.491896
177.068433 -39.492730
177.068881 -39.493563
177.069329 -39.494397
177.069776 -39.495231
177.070224 -39.496064
177.070672 -39.496898
177.071120 -39.497731
177.071568 -39.498565
177.072016 -39.499399
177.072464 -39.500232
177.072912 -39.501066
177.073360 -39.501899
177.073808 -39.502733
177.074256 -39.503566
177.074704 -39.504400
177.075152 -39.505234
177.075600 -39.506067
177.076048 -39.506901
177.076496 -39.507734
177.076944 -39.508568
177.077392 -39.509401
177.077840 -39.510235
177.078288 -39.511069
177.078737 -39.511902
177.079185 -39.512736
177.079633 -39.513569
177.080081 -39.514403
177.080529 -39.515236
177.080977 -39.516070
177.081425 -39.516903
177.081874 -39.517737
177.082322 -39.518570
177.082770 -39.519404
177.083218 -39.520238
177.083666 -39.521071
177.084115 -39.521905
177.084563 -39.522738
177.085011 -39.523572
177.085459 -39.524405
177.085908 -39.525239
177.086356 -39.526072
177.086804 -39.526906
177.087253 -39.527739
177.087701 -39.528573
177.088149 -39.529406
177.088598 -39.530240
177.089046 -39.531073
177.089494 -39.531907
177.089943 -39.532740
177.090391 -39.533574
177.090840 -39.534407
177.091288 -39.535241
177.091736 -39.536074
177.092185 -39.536908
177.092633 -39.537741
177.093082 -39.538575
177.093530 -39.539408
177.093979 -39.540242
177.094427 -39.541075
177.094876 -39.541909
177.095324 -39.542742
177.095773 -39.543576
177.096221 -39.544409
177.096670 -39.545243
177.097118 -39.546076
177.097567 -39.546909
177.098015 -39.547743
177.098464 -39.548576
177.098913 -39.549410
177.099361 -39.550243
177.099810 -39.551077
177.100258 -39.551910
177.100707 -39.552744
177.101156 -39.553577
177.101604 -39.554411
177.102053 -39.555244
177.102502 -39.556077
177.102950 -39.556911
177.103399 -39.557744
177.103848 -39.558578
177.104297 -39.559411
177.104745 -39.560245
177.105194 -39.561078
177.105643 -39.561912
177.106092 -39.562745
177.106540 -39.563578
177.106989 -39.564412
177.107438 -39.565245
177.107887 -39.566079
177.108336 -39.566912
177.108784 -39.567745
177.109233 -39.568579
177.109682 -39.569412
177.110131 -39.570246
177.110580 -39.571079
177.111029 -39.571913
177.111478 -39.572746
177.111927 -39.573579
177.112376 -39.574413
177.112824 -39.575246
177.113273 -39.576079
177.113722 -39.576913
177.114171 -39.577746
177.114620 -39.578580
177.115069 -39.579413
177.115518 -39.580246
177.115967 -39.581080
177.116416 -39.581913
177.116865 -39.582747
177.117314 -39.583580
177.117763 -39.584413
177.118212 -39.585247
177.118662 -39.586080
177.119111 -39.586913
177.119560 -39.587747
177.120009 -39.588580
177.120458 -39.589413
177.120907 -39.590247
177.121356 -39.591080
177.121805 -39.591914
177.122254 -39.592747
177.122704 -39.593580
177.123153 -39.594414
177.123602 -39.595247
177.124051 -39.596080
177.124500 -39.596914
177.124950 -39.597747
177.125399 -39.598580
177.125848 -39.599414
177.126297 -39.600247
177.126747 -39.601080
177.127196 -39.601914
177.127645 -39.602747
177.128095 -39.603580
177.128544 -39.604414
177.128993 -39.605247
177.129443 -39.606080
177.129892 -39.606914
177.130341 -39.607747
177.130791 -39.608580
177.131240 -39.609413
177.131689 -39.610247
177.132139 -39.611080
177.132588 -39.611913
177.133038 -39.612747
177.133487 -39.613580
177.133936 -39.614413
177.134386 -39.615247
177.134835 -39.616080
177.135285 -39.616913
177.135734 -39.617746
177.136184 -39.618580
177.136633 -39.619413
177.137083 -39.620246
177.137532 -39.621080
177.137982 -39.621913
177.138431 -39.622746
177.138881 -39.623579
177.137782 -39.623924
177.136684 -39.624269
177.135585 -39.624614
177.134486 -39.624958
177.133387 -39.625303
177.132289 -39.625648
177.131190 -39.625992
177.130091 -39.626337
177.128992 -39.626682
177.127894 -39.627026
177.126795 -39.627371
177.125696 -39.627715
177.124597 -39.628060
177.123498 -39.628405
177.122400 -39.628749
177.121301 -39.629094
177.120202 -39.629438
177.119103 -39.629783
177.118004 -39.630128
177.116905 -39.630472
177.115806 -39.630817
177.114707 -39.631161
177.113608 -39.631506
177.112509 -39.631850
177.111411 -39.632195
177.110312 -39.632539
177.109213 -39.632884
177.108114 -39.633228
177.107015 -39.633572
177.105916 -39.633917
177.104817 -39.634261
177.103718 -39.634606
177.102619 -39.634950
177.101519 -39.635295
177.100420 -39.635639
177.099321 -39.635983
177.098222 -39.636328
177.097123 -39.636672
177.096024 -39.637016
177.094925 -39.637361
177.093826 -39.637705
177.092727 -39.638049
177.091628 -39.638394
177.090528 -39.638738
177.089429 -39.639082
177.088330 -39.639427
177.087231 -39.639771
177.086132 -39.640115
177.085032 -39.640459
177.083933 -39.640804
177.082834 -39.641148
