173.522219257 -41.102287948
173.521217921 -41.101800887
173.520216600 -41.101313817
173.519215295 -41.100826739
173.518214003 -41.100339652
173.517212727 -41.099852556
173.516211465 -41.099365451
173.515210218 -41.098878338
173.514208986 -41.098391216
173.513207770 -41.097904086
173.512206568 -41.097416948
173.511205381 -41.096929802
173.510204209 -41.096442646
173.509203051 -41.095955482
173.508201909 -41.095468309
173.507200782 -41.094981128
173.506199669 -41.094493938
173.505198571 -41.094006739
173.504197487 -41.093519531
173.503196419 -41.093032315
173.502195365 -41.092545090
173.501194327 -41.092057857
173.500193303 -41.091570614
173.499192295 -41.091083364
173.498191301 -41.090596104
173.497190322 -41.090108836
173.496189358 -41.089621558
173.495188410 -41.089134273
173.494187475 -41.088646979
173.493186556 -41.088159676
173.492185651 -41.087672364
173.491184761 -41.087185044
173.490183886 -41.086697715
173.489183027 -41.086210377
173.488182181 -41.085723030
173.487181350 -41.085235676
173.486180535 -41.084748312
173.485179734 -41.084260939
173.484178947 -41.083773558
173.483178177 -41.083286169
173.482177421 -41.082798770
173.481176679 -41.082311363
173.480175952 -41.081823947
173.479175240 -41.081336523
173.478174543 -41.080849090
173.477173861 -41.080361648
173.476173194 -41.079874197
173.475172541 -41.079386739
173.474171903 -41.078899271
173.473171280 -41.078411794
173.472170672 -41.077924308
173.471170079 -41.077436815
173.470169501 -41.076949313
173.469168937 -41.076461801
173.468168388 -41.075974281
173.467167854 -41.075486753
173.466167335 -41.074999216
173.465166831 -41.074511670
173.464166342 -41.074024115
173.463165867 -41.073536552
173.462165407 -41.073048980
173.461164961 -41.072561399
173.460164531 -41.072073810
173.459164117 -41.071586213
173.458163716 -41.071098606
173.457163330 -41.070610990
173.456162959 -41.070123366
173.455162603 -41.069635734
173.454162262 -41.069148093
173.453161936 -41.068660442
173.452161625 -41.068172784
173.451161328 -41.067685117
173.450161046 -41.067197441
173.449160778 -41.066709756
173.448160526 -41.066222062
173.447160290 -41.065734361
173.446160067 -41.065246650
173.445159859 -41.064758931
173.444159666 -41.064271203
173.443159488 -41.063783467
173.442159324 -41.063295721
173.441159177 -41.062807967
173.440159043 -41.062320205
173.439158924 -41.061832434
173.438158820 -41.061344654
173.437158731 -41.060856865
173.436158657 -41.060369068
173.435158598 -41.059881263
173.434158554 -41.059393448
173.433158524 -41.058905625
173.432158509 -41.058417793
173.431158509 -41.057929953
173.430158523 -41.057442104
173.429158554 -41.056954246
173.428158598 -41.056466380
173.427158657 -41.055978505
173.426158731 -41.055490622
173.425158820 -41.055002729
173.424158924 -41.054514828
173.423159042 -41.054026919
173.422159177 -41.053539000
173.421159325 -41.053051073
173.420159488 -41.052563137
173.419159665 -41.052075194
173.418159858 -41.051587240
173.417160065 -41.051099279
173.416160289 -41.050611308
173.415160526 -41.050123330
173.414160778 -41.049635342
173.413161045 -41.049147346
173.412161326 -41.048659341
173.411161623 -41.048171328
173.410161935 -41.047683306
173.409162261 -41.047195275
173.408162602 -41.046707235
173.407162958 -41.046219188
173.406163328 -41.045731131
173.405163714 -41.045243065
173.404164115 -41.044754991
173.403164530 -41.044266909
173.402164960 -41.043778818
173.401165405 -41.043290718
173.400165864 -41.042802609
173.399166338 -41.042314492
173.398166828 -41.041826365
173.397167332 -41.041338230
173.396167850 -41.040850086
173.395168383 -41.040361934
173.394168931 -41.039873773
173.393169494 -41.039385603
173.392170073 -41.038897424
173.391170666 -41.038409238
173.390171273 -41.037921042
173.389171896 -41.037432838
173.388172533 -41.036944625
173.387173185 -41.036456404
173.386173853 -41.035968173
173.385174535 -41.035479934
173.384175231 -41.034991686
173.383175943 -41.034503430
173.382176669 -41.034015165
173.381177410 -41.033526891
173.380178167 -41.033038609
173.379178938 -41.032550319
173.378179724 -41.032062019
173.377180525 -41.031573710
173.376181340 -41.031085393
173.375182170 -41.030597069
173.374183017 -41.030108734
173.373183877 -41.029620391
173.372184752 -41.029132040
173.371185642 -41.028643681
173.370186546 -41.028155312
173.369187466 -41.027666934
173.368188401 -41.027178548
173.367189351 -41.026690154
173.366190315 -41.026201751
173.365191294 -41.025713339
173.364192287 -41.025224918
173.363193296 -41.024736489
173.362194321 -41.024248051
173.361195359 -41.023759605
173.360196412 -41.023271150
173.359197480 -41.022782687
173.358198563 -41.022294214
173.357199661 -41.021805733
173.356200775 -41.021317243
173.355201902 -41.020828745
173.354203045 -41.020340238
173.353204202 -41.019851723
173.352205374 -41.019363198
173.351206561 -41.018874666
173.350207764 -41.018386125
173.349208980 -41.017897575
173.348210211 -41.017409016
173.347211458 -41.016920450
173.346212719 -41.016431874
173.345213995 -41.015943290
173.344215287 -41.015454697
173.343216592 -41.014966095
173.342217913 -41.014477486
173.341219248 -41.013988867
173.340220598 -41.013500239
173.339221963 -41.013011603
173.338223344 -41.012522959
173.337224739 -41.012034306
173.336226148 -41.011545644
173.335227573 -41.011056973
173.334229012 -41.010568295
173.333230466 -41.010079607
173.332231936 -41.009590910
173.331233420 -41.009102205
173.330234919 -41.008613492
173.329236432 -41.008124770
173.328237961 -41.007636039
173.327239504 -41.007147299
173.326241063 -41.006658552
173.325242636 -41.006169795
173.324244224 -41.005681029
173.323245826 -41.005192255
173.322247444 -41.004703474
173.321249076 -41.004214682
173.320250724 -41.003725882
173.319252386 -41.003237074
173.318254063 -41.002748257
173.317255755 -41.002259432
173.316257461 -41.001770597
173.315259183 -41.001281754
173.314260920 -41.000792903
173.313262671 -41.000304043
173.312264437 -40.999815174
173.311266218 -40.999326297
173.310268013 -40.998837412
173.309269823 -40.998348518
173.308271648 -40.997859618
173.307273487 -40.997370711
173.306275341 -40.996881796
173.305277209 -40.996392871
173.304279092 -40.995903938
173.303280990 -40.995414996
173.302282904 -40.994926047
173.301284832 -40.994437088
173.300286774 -40.993948120
173.299288732 -40.993459144
173.298290704 -40.992970159
173.297292691 -40.992481165
173.296294694 -40.991992163
173.295296710 -40.991503151
173.294298742 -40.991014133
173.293300788 -40.990525104
173.292302849 -40.990036067
173.291304925 -40.989547021
173.290307017 -40.989057968
173.289309123 -40.988568905
173.288311243 -40.988079834
173.287313378 -40.987590754
173.286315528 -40.987101666
173.285317693 -40.986612569
173.284319873 -40.986123463
173.283322068 -40.985634349
173.282324277 -40.985145227
173.281326501 -40.984656095
173.280328740 -40.984166955
173.279330994 -40.983677806
173.278333262 -40.983188650
173.277335547 -40.982699484
173.276337845 -40.982210309
173.275340158 -40.981721126
173.274342486 -40.981231935
173.273344828 -40.980742735
173.272347186 -40.980253526
173.271349559 -40.979764308
173.270351946 -40.979275083
173.269354348 -40.978785848
173.268356765 -40.978296605
173.267359196 -40.977807353
173.266361642 -40.977318093
173.265364105 -40.976828824
173.264366581 -40.976339546
173.263369071 -40.975850260
173.262371577 -40.975360966
173.261374097 -40.974871662
173.260376632 -40.974382350
173.259379184 -40.973893029
173.258381748 -40.973403701
173.257384328 -40.972914363
173.256386922 -40.972425017
173.255389532 -40.971935662
173.254392156 -40.971446299
173.253394796 -40.970956927
173.252397450 -40.970467546
173.251400118 -40.969978157
173.250402801 -40.969488759
173.249405500 -40.968999353
173.248408213 -40.968509938
173.247410942 -40.968020514
173.246413684 -40.967531083
173.245416442 -40.967041642
173.244419214 -40.966552193
173.243422001 -40.966062735
173.242424803 -40.965573269
173.241427621 -40.965083794
173.240430453 -40.964594310
173.239433299 -40.964104818
173.238436161 -40.963615318
173.237439037 -40.963125809
173.236441927 -40.962636291
173.235444834 -40.962146764
173.234447755 -40.961657230
173.233450690 -40.961167686
173.232453640 -40.960678133
173.231456605 -40.960188572
173.230459585 -40.959699004
173.229462581 -40.959209426
173.228465590 -40.958719839
173.227468614 -40.958230244
173.226471653 -40.957740641
173.225474707 -40.957251028
173.224477776 -40.956761407
173.223480861 -40.956271778
173.222483959 -40.955782141
173.221487072 -40.955292494
173.220490200 -40.954802839
173.219493343 -40.954313175
173.218496500 -40.953823503
173.217499674 -40.953333822
173.216502861 -40.952844133
173.215506063 -40.952354435
173.214509280 -40.951864729
173.213512512 -40.951375014
173.212515758 -40.950885290
173.211519021 -40.950395558
173.210522297 -40.949905818
173.209525588 -40.949416068
173.208528893 -40.948926310
173.207532214 -40.948436544
173.206535549 -40.947946769
173.205538901 -40.947456986
173.204542266 -40.946967193
173.203545646 -40.946477392
173.202549040 -40.945987584
173.201552450 -40.945497766
173.200555874 -40.945007939
173.199559313 -40.944518104
173.198562765 -40.944028260
173.197566232 -40.943538408
173.196569713 -40.943048546
173.195573210 -40.942558676
173.194576721 -40.942068798
173.193580248 -40.941578911
173.192583789 -40.941089015
173.191587344 -40.940599111
173.190590915 -40.940109199
173.189594500 -40.939619278
173.188598100 -40.939129348
173.187601716 -40.938639409
173.186605346 -40.938149463
173.185608991 -40.937659507
173.184612650 -40.937169543
173.183616324 -40.936679570
173.182620013 -40.936189590
173.181623718 -40.935699600
173.180627437 -40.935209601
173.179631171 -40.934719594
173.178634919 -40.934229580
173.177638682 -40.933739556
173.176642460 -40.933249523
173.175646254 -40.932759482
173.174650062 -40.932269433
173.173653884 -40.931779374
173.172657722 -40.931289307
173.171661574 -40.930799232
173.170665441 -40.930309149
173.169669324 -40.929819056
173.168673220 -40.929328955
173.167677132 -40.928838845
173.166681058 -40.928348728
173.165684999 -40.927858601
173.164688955 -40.927368466
173.163692927 -40.926878322
173.162696912 -40.926388170
173.161700912 -40.925898009
173.160704928 -40.925407839
173.159708958 -40.924917661
173.158713002 -40.924427475
173.157717063 -40.923937280
173.156721138 -40.923447076
173.155725227 -40.922956864
173.154729331 -40.922466644
173.153733450 -40.921976414
173.152737584 -40.921486176
173.151741734 -40.920995930
173.150745897 -40.920505675
173.149750075 -40.920015412
173.148754268 -40.919525139
173.147758476 -40.919034859
173.146762699 -40.918544570
173.145766936 -40.918054272
173.144771190 -40.917563966
173.143775457 -40.917073651
173.142779739 -40.916583328
173.141784036 -40.916092996
173.140788348 -40.915602656
173.139792674 -40.915112306
173.138797017 -40.914621950
173.137801373 -40.914131583
173.136805744 -40.913641209
173.135810129 -40.913150825
173.134814530 -40.912660434
173.133818945 -40.912170034
173.132823377 -40.911679625
173.131827822 -40.911189208
173.130832282 -40.910698782
173.129836757 -40.910208348
173.128841246 -40.909717905
173.127845751 -40.909227453
173.126850271 -40.908736994
173.125854805 -40.908246525
173.124859354 -40.907756048
173.123863917 -40.907265562
173.122868496 -40.906775069
173.121873089 -40.906284566
173.120877698 -40.905794054
173.119882321 -40.905303534
173.118886959 -40.904813007
173.117891611 -40.904322470
173.116896278 -40.903831924
173.115900960 -40.903341370
173.114905658 -40.902850808
173.113910370 -40.902360237
173.112915097 -40.901869657
173.111919838 -40.901379069
173.110924594 -40.900888473
173.109929365 -40.900397868
173.108934152 -40.899907254
173.107938953 -40.899416632
173.106943768 -40.898926002
173.105948599 -40.898435363
173.104953445 -40.897944716
173.103958307 -40.897454062
173.102963185 -40.896963400
173.101968076 -40.896472730
173.100972982 -40.895982051
173.099977902 -40.895491362
173.098982833 -40.895000662
173.097987779 -40.894509955
173.096992741 -40.894019238
173.095997716 -40.893528512
173.095002706 -40.893037778
173.094007711 -40.892547036
173.093012731 -40.892056285
173.092017766 -40.891565525
173.091022817 -40.891074757
173.090027881 -40.890583981
173.089032960 -40.890093196
173.088038054 -40.889602403
173.087043163 -40.889111600
173.086048287 -40.888620791
173.085053427 -40.888129971
173.084058580 -40.887639144
173.083063748 -40.887148307
173.082068932 -40.886657464
173.081074130 -40.886166610
173.080079342 -40.885675749
173.079084571 -40.885184878
173.078089814 -40.884694000
173.077095071 -40.884203113
173.076100343 -40.883712217
173.075105630 -40.883221313
173.074110932 -40.882730401
173.073116250 -40.882239480
173.072121581 -40.881748550
173.071126928 -40.881257612
173.070132289 -40.880766666
173.069137665 -40.880275710
173.068143056 -40.879784746
173.067148463 -40.879293774
173.066148725 -40.878826306