175.289454404 -37.016810726
175.290545999 -37.016596678
175.291637589 -37.016382622
175.292729172 -37.016168555
175.293820747 -37.015954478
175.294912318 -37.015740390
175.296003882 -37.015526293
175.297095440 -37.015312185
175.298186991 -37.015098067
175.299278537 -37.014883939
175.300370076 -37.014669801
175.301461613 -37.014455651
175.302553143 -37.014241490
175.303644665 -37.014027320
175.304736183 -37.013813140
175.305827694 -37.013598950
175.306919199 -37.013384749
175.308010698 -37.013170538
175.309102189 -37.012956317
175.310193676 -37.012742085
175.311285156 -37.012527844
175.312376630 -37.012313593
175.313468098 -37.012099331
175.314559559 -37.011885059
175.315651014 -37.011670777
175.316742463 -37.011456485
175.317833906 -37.011242183
175.318925343 -37.011027870
175.320016773 -37.010813547
175.321108197 -37.010599215
175.322199615 -37.010384872
175.323291027 -37.010170518
175.324382432 -37.009956155
175.325473831 -37.009741782
175.326565224 -37.009527397
175.327656611 -37.009313004
175.328747992 -37.009098600
175.329839366 -37.008884186
175.330930734 -37.008669761
175.332022097 -37.008455327
175.333113453 -37.008240883
175.334204802 -37.008026428
175.335296145 -37.007811963
175.336387482 -37.007597488
175.337478813 -37.007383003
175.338570138 -37.007168507
175.339661457 -37.006954001
175.340752768 -37.006739486
175.341844074 -37.006524960
175.342935374 -37.006310424
175.344026668 -37.006095878
175.345117956 -37.005881322
175.346209236 -37.005666755
175.347300511 -37.005452178
175.348391780 -37.005237591
175.349483043 -37.005022995
175.350574299 -37.004808387
175.351665548 -37.004593770
175.352756792 -37.004379143
175.353848030 -37.004164505
175.354939262 -37.003949857
175.356030486 -37.003735199
175.357121705 -37.003520531
175.358212918 -37.003305853
175.359304124 -37.003091164
175.360395325 -37.002876466
175.361486518 -37.002661758
175.362577706 -37.002447039
175.363668887 -37.002232309
175.364760063 -37.002017570
175.365851232 -37.001802821
175.366942394 -37.001588061
175.368033551 -37.001373292
175.369124701 -37.001158512
175.370215846 -37.000943723
175.371306984 -37.000728922
175.372398115 -37.000514112
175.373489240 -37.000299292
175.374580360 -37.000084461
175.375671473 -36.999869620
175.376762580 -36.999654769
175.377853679 -36.999439909
175.378944774 -36.999225037
175.380035862 -36.999010156
175.381126944 -36.998795265
175.382218018 -36.998580363
175.383309088 -36.998365451
175.384400151 -36.998150529
175.385491208 -36.997935597
175.386582259 -36.997720655
175.387673302 -36.997505701
175.388764340 -36.997290739
175.389855372 -36.997075766
175.390946398 -36.996860782
175.392037417 -36.996645789
175.393128429 -36.996430786
175.394219436 -36.996215773
175.395310437 -36.996000749
175.396401431 -36.995785715
175.397492420 -36.995570671
175.398583400 -36.995355617
175.399674376 -36.995140552
175.400765347 -36.994925477
175.401856314 -36.994710390
175.402947274 -36.994495294
175.404038227 -36.994280186
175.405129174 -36.994065069
175.406220116 -36.993849942
175.407311051 -36.993634803
175.408401979 -36.993419656
175.409492902 -36.993204498
175.410583818 -36.992989331
175.411674728 -36.992774152
175.412765632 -36.992558964
175.413856529 -36.992343765
175.414947420 -36.992128557
175.416038305 -36.991913338
175.417129184 -36.991698109
175.418220057 -36.991482870
175.419310922 -36.991267620
175.420401782 -36.991052361
175.421492636 -36.990837092
175.422583483 -36.990621812
175.423674325 -36.990406522
175.424765159 -36.990191222
175.425855987 -36.989975912
175.426946810 -36.989760592
175.428037626 -36.989545261
175.429128436 -36.989329921
175.430219239 -36.989114570
175.431310036 -36.988899209
175.432400828 -36.988683838
175.433491612 -36.988468457
175.434582391 -36.988253066
175.435673162 -36.988037664
175.436763929 -36.987822252
175.437854688 -36.987606831
175.438945442 -36.987391399
175.440036188 -36.987175956
175.441126929 -36.986960504
175.442217664 -36.986745042
175.443308393 -36.986529569
175.444399115 -36.986314086
175.445489830 -36.986098594
175.446580540 -36.985883091
175.447671243 -36.985667577
175.448761940 -36.985452054
175.449852631 -36.985236521
175.450943315 -36.985020978
175.452033993 -36.984805423
175.453124665 -36.984589860
175.454215331 -36.984374286
175.455305990 -36.984158702
175.456396642 -36.983943107
175.457487289 -36.983727503
175.458577930 -36.983511889
175.459668565 -36.983296263
175.460759193 -36.983080629
175.461849814 -36.982864984
175.462940429 -36.982649329
175.464031038 -36.982433663
175.465121642 -36.982217988
175.466212237 -36.982002302
175.467302828 -36.981786607
175.468393412 -36.981570900
175.469483990 -36.981355185
175.470574561 -36.981139459
175.471665126 -36.980923722
175.472755685 -36.980707975
175.473846238 -36.980492219
175.474936784 -36.980276453
175.476027324 -36.980060675
175.477117857 -36.979844888
175.478208385 -36.979629091
175.479298906 -36.979413284
175.480389421 -36.979197466
175.481479930 -36.978981639
175.482570431 -36.978765801
175.483660928 -36.978549953
175.484751418 -36.978334095
175.485841901 -36.978118227
175.486932379 -36.977902349
175.488022849 -36.977686460
175.489113313 -36.977470561
175.490203772 -36.977254653
175.491294224 -36.977038734
175.492384669 -36.976822804
175.493475109 -36.976606865
175.494565542 -36.976390916
175.495655969 -36.976174957
175.496746390 -36.975958987
175.497836803 -36.975743007
175.498927211 -36.975527018
175.499321338 -36.975448945
