175.204187 -41.529026
175.203646 -41.529837
175.203104 -41.530648
175.202563 -41.531459
175.202022 -41.532270
175.201480 -41.533081
175.200939 -41.533892
175.200397 -41.534703
175.199856 -41.535514
175.199315 -41.536325
175.198773 -41.537136
175.198232 -41.537947
175.197690 -41.538758
175.197149 -41.539569
175.196608 -41.540380
175.196066 -41.541191
175.195525 -41.542002
175.194983 -41.542813
175.194442 -41.543624
175.193900 -41.544435
175.193358 -41.545246
175.192817 -41.546057
175.192275 -41.546868
175.191734 -41.547679
175.191192 -41.548490
175.190651 -41.549301
175.190109 -41.550112
175.189567 -41.550923
175.189026 -41.551734
175.188484 -41.552545
175.187942 -41.553356
175.187401 -41.554167
175.186859 -41.554978
175.186317 -41.555789
175.185776 -41.556600
175.185234 -41.557411
175.184692 -41.558222
175.184150 -41.559033
175.183608 -41.559844
175.183067 -41.560655
175.182525 -41.561466
175.181983 -41.562277
175.181441 -41.563088
175.180899 -41.563899
175.180358 -41.564709
175.179816 -41.565520
175.179274 -41.566331
175.178732 -41.567142
175.178190 -41.567953
175.177648 -41.568764
175.177106 -41.569575
175.176564 -41.570386
175.176022 -41.571197
175.175480 -41.572008
175.174938 -41.572819
175.174396 -41.573629
175.173854 -41.574440
175.173312 -41.575251
175.172770 -41.576062
175.172228 -41.576873
175.171686 -41.577684
175.171144 -41.578495
175.170602 -41.579306
175.170060 -41.580117
175.169518 -41.580927
175.168975 -41.581738
175.168433 -41.582549
175.167891 -41.583360
175.167349 -41.584171
175.166807 -41.584982
175.166265 -41.585793
175.165722 -41.586604
175.165180 -41.587414
175.164638 -41.588225
175.164096 -41.589036
175.163553 -41.589847
175.163011 -41.590658
175.162469 -41.591469
175.161926 -41.592279
175.161384 -41.593090
175.160842 -41.593901
175.160300 -41.594712
175.159757 -41.595523
175.159215 -41.596334
175.158672 -41.597144
175.158130 -41.597955
175.157588 -41.598766
175.157045 -41.599577
175.156503 -41.600388
175.155960 -41.601199
175.155418 -41.602009
175.154875 -41.602820
175.154333 -41.603631
175.153790 -41.604442
175.153248 -41.605253
175.152705 -41.606063
175.152163 -41.606874
175.151620 -41.607685
175.151078 -41.608496
175.150535 -41.609307
175.149992 -41.610117
175.149450 -41.610928
175.148907 -41.611739
175.148365 -41.612550
175.147822 -41.613360
175.147279 -41.614171
175.146737 -41.614982
175.146194 -41.615793
175.145651 -41.616604
175.145108 -41.617414
175.144566 -41.618225
175.144023 -41.619036
175.143480 -41.619847
175.142937 -41.620657
175.142395 -41.621468
175.141852 -41.622279
175.141309 -41.623090
175.140766 -41.623900
175.140223 -41.624711
175.139680 -41.625522
175.139138 -41.626332
175.138595 -41.627143
175.138052 -41.627954
175.137509 -41.628765
175.136966 -41.629575
175.135899 -41.629161
175.134831 -41.628747
175.133764 -41.628333
175.132697 -41.627919
175.131630 -41.627505
175.130562 -41.627091
175.129495 -41.626677
175.128428 -41.626263
175.127361 -41.625849
175.126293 -41.625435
175.125226 -41.625021
175.124159 -41.624607
175.123092 -41.624193
175.122025 -41.623778
175.120958 -41.623364
175.119890 -41.622950
175.118823 -41.622536
175.117756 -41.622122
175.116689 -41.621708
175.115622 -41.621293
175.114555 -41.620879
175.113488 -41.620465
175.112421 -41.620051
175.111354 -41.619636
175.110287 -41.619222
175.109220 -41.618808
175.108153 -41.618394
175.107086 -41.617979
175.106019 -41.617565
175.104952 -41.617151
175.103885 -41.616737
175.102818 -41.616322
175.101751 -41.615908
175.100685 -41.615494
175.099618 -41.615079
175.098551 -41.614665
175.097484 -41.614251
175.096417 -41.613836
175.095350 -41.613422
175.094284 -41.613007
175.093217 -41.612593
175.092150 -41.612179
175.091083 -41.611764
175.090016 -41.611350
175.088950 -41.610935
175.087883 -41.610521
175.086816 -41.610106
175.085750 -41.609692
175.084683 -41.609277
175.083616 -41.608863
175.082550 -41.608448
175.081483 -41.608034
175.080416 -41.607619
175.079350 -41.607205
175.078283 -41.606790
175.077217 -41.606376
175.076150 -41.605961
175.075083 -41.605547
175.074017 -41.605132
175.072950 -41.604717
175.071884 -41.604303
175.070817 -41.603888
175.069751 -41.603474
175.068684 -41.603059
175.067618 -41.602644
175.066551 -41.602230
175.065485 -41.601815
175.064419 -41.601400
175.063352 -41.600986
175.062286 -41.600571
175.061219 -41.600156
175.060153 -41.599741
175.059087 -41.599327
175.058020 -41.598912
175.056954 -41.598497
175.055888 -41.598082
175.054821 -41.597668
175.053755 -41.597253
175.052689 -41.596838
175.051622 -41.596423
175.050556 -41.596009
175.049490 -41.595594
175.048424 -41.595179
175.047358 -41.594764
175.046291 -41.594349
175.045225 -41.593934
175.044159 -41.593520
175.043093 -41.593105
175.042027 -41.592690
175.040960 -41.592275
175.039894 -41.591860
175.038828 -41.591445
175.037762 -41.591030
175.036696 -41.590615
175.035630 -41.590200
175.034564 -41.589785
175.033498 -41.589370
175.032432 -41.588955
175.031366 -41.588540
175.030300 -41.588125
175.029234 -41.587710
175.028168 -41.587295
175.027102 -41.586880
175.026036 -41.586465
175.024970 -41.586050
175.023904 -41.585635
175.022838 -41.585220
175.021772 -41.584805
175.020706 -41.584390
175.019641 -41.583975
175.018575 -41.583560
175.017509 -41.583145
175.016443 -41.582730
175.015377 -41.582314
175.014311 -41.581899
175.013246 -41.581484
175.012180 -41.581069
175.011114 -41.580654
175.010048 -41.580239
175.008983 -41.579823
175.007917 -41.579408
175.006851 -41.578993
175.005786 -41.578578
175.004720 -41.578162
175.003654 -41.577747
175.002589 -41.577332
175.001523 -41.576917
175.000457 -41.576501
174.999392 -41.576086
174.998326 -41.575671
174.997261 -41.575256
174.996195 -41.574840
174.995129 -41.574425
174.994064 -41.574010
174.992998 -41.573594
174.991933 -41.573179
174.990867 -41.572764
174.989802 -41.572348
174.988736 -41.571933
174.987671 -41.571517
174.986605 -41.571102
174.985540 -41.570687
174.984475 -41.570271
174.983409 -41.569856
174.982344 -41.569440
174.981278 -41.569025
174.980213 -41.568609
174.979148 -41.568194
174.978082 -41.567778
174.977017 -41.567363
174.975952 -41.566947
174.974886 -41.566532
174.973821 -41.566116
174.972756 -41.565701
174.971690 -41.565285
174.970625 -41.564870
174.969560 -41.564454
174.968495 -41.564039
174.967429 -41.563623
174.966364 -41.563207
174.965299 -41.562792
174.964234 -41.562376
174.963169 -41.561961
174.962104 -41.561545
174.961038 -41.561129
174.959973 -41.560714
174.958908 -41.560298
174.957843 -41.559882
174.956778 -41.559467
174.955713 -41.559051
174.954648 -41.558635
174.953583 -41.558219
174.952518 -41.557804
174.951453 -41.557388
174.950388 -41.556972
174.949323 -41.556557
174.948258 -41.556141
174.947193 -41.555725
174.946128 -41.555309
174.945063 -41.554893
174.943998 -41.554478
174.942933 -41.554062
174.941868 -41.553646
174.940803 -41.553230
174.939739 -41.552814
174.938674 -41.552398
174.937609 -41.551983
174.936544 -41.551567
174.935479 -41.551151
174.934414 -41.550735
174.933350 -41.550319
174.932285 -41.549903
174.931220 -41.549487
174.930155 -41.549071
174.929091 -41.548655
174.928026 -41.548239
174.926961 -41.547823
174.925897 -41.547407
174.924832 -41.546991
174.923767 -41.546575
174.922703 -41.546159
174.921638 -41.545743
174.920573 -41.545327
174.919509 -41.544911
174.918444 -41.544495
174.917380 -41.544079
174.916315 -41.543663
174.915250 -41.543247
174.914186 -41.542831
174.913121 -41.542415
174.912057 -41.541999
174.910992 -41.541583
174.909928 -41.541167
174.908863 -41.540751
174.907799 -41.540334
174.906734 -41.539918
174.905670 -41.539502
174.904606 -41.539086
174.903541 -41.538670
174.902477 -41.538254
174.901412 -41.537837
174.900348 -41.537421
174.899284 -41.537005
174.898219 -41.536589
174.897155 -41.536172
174.896091 -41.535756
174.895026 -41.535340
174.893962 -41.534924
174.892898 -41.534507
174.891833 -41.534091
174.890769 -41.533675
174.889705 -41.533258
174.888641 -41.532842
174.887577 -41.532426
174.886512 -41.532009
174.885448 -41.531593
174.884384 -41.531177
174.883320 -41.530760
174.882256 -41.530344
174.881192 -41.529928
174.880127 -41.529511
174.879063 -41.529095
174.877999 -41.528678
174.876935 -41.528262
174.875871 -41.527846
174.874807 -41.527429
174.873743 -41.527013
174.872679 -41.526596
174.871615 -41.526180
174.870551 -41.525763
174.869487 -41.525347
174.868423 -41.524930
174.867359 -41.524514
174.866295 -41.524097
174.865231 -41.523681
174.864167 -41.523264
174.863103 -41.522847
174.862040 -41.522431
174.860976 -41.522014
174.859912 -41.521598
174.858848 -41.521181
174.857784 -41.520765
174.856720 -41.520348
174.855656 -41.519931
174.854593 -41.519515
174.853529 -41.519098
174.852465 -41.518681
174.851401 -41.518265
174.850338 -41.517848
174.849274 -41.517431
174.848210 -41.517015
174.847146 -41.516598
174.847781 -41.515830
174.848416 -41.515061
174.849050 -41.514293
174.849685 -41.513524
174.850320 -41.512756
174.850954 -41.511988
174.851589 -41.511219
174.852223 -41.510451
174.852858 -41.509682
174.853492 -41.508914
174.854127 -41.508146
174.854761 -41.507377
174.855396 -41.506609
174.856030 -41.505840
174.856665 -41.505072
174.857299 -41.504304
174.857933 -41.503535
174.858568 -41.502767
174.859202 -41.501998
174.859837 -41.501230
174.860471 -41.500461
174.861105 -41.499693
174.861740 -41.498924
174.862374 -41.498156
174.863008 -41.497388
174.863642 -41.496619
174.864277 -41.495851
174.864911 -41.495082
174.865545 -41.494314
174.866179 -41.493545
174.866814 -41.492777
174.867448 -41.492008
174.868082 -41.491240
174.868716 -41.490471
174.869350 -41.489703
174.869984 -41.488934
174.870618 -41.488166
174.871252 -41.487397
174.871887 -41.486629
174.872521 -41.485860
174.873155 -41.485092
174.873789 -41.484323
174.874423 -41.483555
174.875057 -41.482786
174.875691 -41.482018
174.876325 -41.481249
174.876959 -41.480481
174.877593 -41.479712
174.878227 -41.478944
174.878860 -41.478175
174.879494 -41.477406
174.880128 -41.476638
174.880762 -41.475869
174.881396 -41.475101
174.882030 -41.474332
174.882664 -41.473564
174.883298 -41.472795
174.883931 -41.472027
174.884565 -41.471258
174.885199 -41.470489
174.885833 -41.469721
174.886466 -41.468952
174.887100 -41.468184
174.887734 -41.467415
174.888368 -41.466646
174.889001 -41.465878
174.889635 -41.465109
174.890269 -41.464341
174.890902 -41.463572
174.891536 -41.462803
174.892169 -41.462035
174.892803 -41.461266
174.893437 -41.460498
174.894070 -41.459729
174.894704 -41.458960
174.895337 -41.458192
174.895971 -41.457423
174.896604 -41.456654
174.897238 -41.455886
174.897871 -41.455117
174.898505 -41.454348
174.899138 -41.453580
174.899772 -41.452811
174.900405 -41.452042
174.901038 -41.451274
174.901672 -41.450505
174.902305 -41.449736
174.902939 -41.448968
174.903572 -41.448199
174.904205 -41.447430
174.904839 -41.446662
174.905472 -41.445893
174.906105 -41.445124
174.906738 -41.444356
174.907372 -41.443587
174.908005 -41.442818
174.908638 -41.442050
174.909271 -41.441281
174.909905 -41.440512
174.910538 -41.439743
174.911171 -41.438975
174.911804 -41.438206
174.912437 -41.437437
174.913070 -41.436668
174.913703 -41.435900
174.914336 -41.435131
174.914970 -41.434362
174.915603 -41.433593
174.916236 -41.432825
