174.914815793 -41.437477338
174.914842603 -41.438377508
174.914869414 -41.439277677
174.914896225 -41.440177846
174.914923038 -41.441078014
174.914949852 -41.441978182
174.914976667 -41.442878350
174.915003482 -41.443778518
174.915030299 -41.444678685
174.915057116 -41.445578852
174.915083935 -41.446479018
174.915110754 -41.447379185
174.915137575 -41.448279351
174.915164396 -41.449179517
174.915191219 -41.450079683
174.915218042 -41.450979848
174.915244866 -41.451880013
174.915271690 -41.452780177
174.915298516 -41.453680341
174.915325343 -41.454580505
174.915352171 -41.455480669
174.914230394 -41.455554237
174.913033846 -41.455573986
174.911837297 -41.455593722
174.910640747 -41.455613446
174.909444197 -41.455633158
174.908247645 -41.455652857
174.907051092 -41.455672543
174.905854539 -41.455692218
174.904657984 -41.455711881
174.903461429 -41.455731531
174.902264873 -41.455751169
174.901068316 -41.455770794
174.899871758 -41.455790408
174.898675199 -41.455810008
174.897478639 -41.455829597
174.896282078 -41.455849174
174.895085517 -41.455868738
174.893888954 -41.455888290
174.892692391 -41.455907829
174.891495826 -41.455927356
174.890299261 -41.455946871
174.889102695 -41.455966374
174.887906128 -41.455985864
174.886709559 -41.456005342
174.885512990 -41.456024808
174.884316420 -41.456044262
174.883119850 -41.456063702
174.881923278 -41.456083131
174.880726705 -41.456102548
174.879530131 -41.456121952
174.878333557 -41.456141344
174.877136981 -41.456160724
174.875940405 -41.456180091
174.874743828 -41.456199446
174.873547249 -41.456218789
174.872350670 -41.456238120
174.871154090 -41.456257438
174.869957509 -41.456276744
174.868760928 -41.456296038
174.867564345 -41.456315318
174.866367761 -41.456334587
174.865171177 -41.456353844
174.863974591 -41.456373088
174.862778005 -41.456392321
174.861581418 -41.456411540
174.860384829 -41.456430747
174.859188240 -41.456449942
174.857991650 -41.456469125
174.856795060 -41.456488296
174.855598468 -41.456507454
174.854401875 -41.456526600
174.853205282 -41.456545734
174.852008687 -41.456564854
174.850812092 -41.456583963
174.849615495 -41.456603060
174.848418898 -41.456622145
174.847222300 -41.456641217
174.846025701 -41.456660277
174.844829101 -41.456679324
174.843632500 -41.456698359
174.842435899 -41.456717382
174.841239296 -41.456736393
174.840042693 -41.456755391
174.838846088 -41.456774377
174.837649483 -41.456793351
174.836452877 -41.456812312
174.835256270 -41.456831261
174.834059662 -41.456850198
174.832863053 -41.456869122
174.831666443 -41.456888035
174.830469833 -41.456906935
174.829273221 -41.456925822
174.828076609 -41.456944697
174.826879996 -41.456963560
174.825683381 -41.456982411
174.824486766 -41.457001249
174.823290151 -41.457020075
174.822093534 -41.457038889
174.820896916 -41.457057690
174.819700298 -41.457076479
174.818503678 -41.457095256
174.817307058 -41.457114020
174.816110437 -41.457132773
174.814913815 -41.457151512
174.813717192 -41.457170240
174.812520568 -41.457188955
174.811323943 -41.457207658
174.810127317 -41.457226348
174.808930691 -41.457245027
174.807734063 -41.457263693
174.806537435 -41.457282347
174.805340806 -41.457300988
174.804144175 -41.457319617
174.802947544 -41.457338234
174.801750913 -41.457356838
174.800554280 -41.457375431
174.799357651 -41.457394004
174.798161024 -41.457412563
174.796964397 -41.457431108
174.795767768 -41.457449642
174.794571138 -41.457468164
174.793374508 -41.457486673
174.792177877 -41.457505170
174.790981244 -41.457523655
174.789784611 -41.457542127
174.788587977 -41.457560586
174.787391343 -41.457579034
174.786194707 -41.457597470
174.784998071 -41.457615893
174.783801433 -41.457634304
174.782604795 -41.457652702
174.781408156 -41.457671088
174.780211516 -41.457689461
174.779014875 -41.457707823
174.777818233 -41.457726172
174.776621591 -41.457744509
174.775424948 -41.457762834
174.774228303 -41.457781146
174.773031658 -41.457799446
174.771835012 -41.457817734
174.770638365 -41.457836009
174.769441717 -41.457854272
174.768245068 -41.457872523
174.767048418 -41.457890762
174.765851768 -41.457908987
174.764655117 -41.457927201
174.763458464 -41.457945403
174.762261811 -41.457963592
174.761065157 -41.457981769
174.759868503 -41.457999934
174.758671847 -41.458018087
174.757475190 -41.458036226
174.756278533 -41.458054354
174.755081875 -41.458072469
174.753885216 -41.458090572
174.752688556 -41.458108663
174.751491895 -41.458126742
174.750295233 -41.458144807
174.749098571 -41.458162861
174.747901908 -41.458180902
174.746705243 -41.458198932
174.745508578 -41.458216949
174.744311913 -41.458234953
174.743115246 -41.458252946
174.741918578 -41.458270925
174.740721910 -41.458288892
174.739525241 -41.458306848
174.738328570 -41.458324791
174.737131899 -41.458342722
174.735935227 -41.458360641
174.734738554 -41.458378546
174.733541880 -41.458396440
174.732345205 -41.458414322
174.731148529 -41.458432191
174.729951853 -41.458450048
174.728755176 -41.458467893
174.727558497 -41.458485726
174.726361818 -41.458503545
174.725165139 -41.458521353
174.723968458 -41.458539148
174.722771777 -41.458556932
174.721575094 -41.458574703
174.720378411 -41.458592461
174.719181727 -41.458610207
174.717985042 -41.458627940
174.716788356 -41.458645662
174.715591670 -41.458663371
174.714394982 -41.458681068
174.713198294 -41.458698753
174.712001605 -41.458716425
174.710804915 -41.458734084
174.709608225 -41.458751732
174.708411533 -41.458769367
174.707214841 -41.458786990
174.706018148 -41.458804601
174.704821454 -41.458822199
174.703624759 -41.458839785
174.702428063 -41.458857358
174.701231367 -41.458874919
174.700034670 -41.458892468
174.698837971 -41.458910005
174.697641271 -41.458927529
174.696444570 -41.458945041
174.695247869 -41.458962540
174.694051167 -41.458980028
174.692854464 -41.458997503
174.691657760 -41.459014965
174.690461055 -41.459032416
174.689264350 -41.459049854
174.688067643 -41.459067280
174.686870936 -41.459084692
174.685674228 -41.459102093
174.684477520 -41.459119482
174.683280810 -41.459136859
174.682084100 -41.459154223
174.681337117 -41.458732626
174.681224283 -41.457841118
174.681201221 -41.456940866
174.681178160 -41.456040614
174.681155100 -41.455140362
174.681132042 -41.454240109
174.681108983 -41.453339857
174.681085925 -41.452439603
174.681062868 -41.451539350
174.681039813 -41.450639097
174.681016757 -41.449738843
174.680993703 -41.448838589
174.680970649 -41.447938334
174.680947596 -41.447038079
174.680924545 -41.446137825
174.680901493 -41.445237569
174.680878442 -41.444337314
174.680855393 -41.443437058
174.680832345 -41.442536802
174.680809297 -41.441636545
174.680786249 -41.440736289
174.680763203 -41.439836032
174.680740158 -41.438935775
174.680717113 -41.438035517
174.680694070 -41.437135260
174.680671027 -41.436235001
174.680647985 -41.435334743
174.680624946 -41.434434484
174.680601906 -41.433534226
174.680578866 -41.432633966
174.680555828 -41.431733707
174.680532791 -41.430833447
174.680509754 -41.429933187
174.680486718 -41.429032927
174.680463683 -41.428132666
174.680440650 -41.427232405
174.680417616 -41.426332144
174.680394583 -41.425431883
174.680371551 -41.424531621
174.680348520 -41.423631359
174.680325491 -41.422731097
174.680302461 -41.421830834
174.680279432 -41.420930571
174.680256404 -41.420030308
174.680233378 -41.419130045
174.680210351 -41.418229781
174.680187326 -41.417329517
174.680164301 -41.416429253
174.680141277 -41.415528989
174.680118255 -41.414628724
174.680095232 -41.413728459
174.680072211 -41.412828193
174.680049190 -41.411927928
174.680026171 -41.411027662
174.680003152 -41.410127396
174.679980133 -41.409227129
174.679957116 -41.408326862
174.679934100 -41.407426595
174.679911084 -41.406526328
174.679888069 -41.405626060
174.679865055 -41.404725792
174.679842042 -41.403825524
174.679819031 -41.402925256
174.679796020 -41.402024987
174.679773010 -41.401124718
174.679750000 -41.400224448
174.679726994 -41.399324178
174.679703988 -41.398423908
174.679680992 -41.397523629
174.679657997 -41.396623348
174.679635004 -41.395723067
174.679612012 -41.394822786
174.679589021 -41.393922504
174.679566029 -41.393022223
174.679543039 -41.392121941
174.679520051 -41.391221658
174.679497062 -41.390321376
174.679474074 -41.389421093
174.679451087 -41.388520809
174.679428102 -41.387620526
174.679405116 -41.386720242
174.679382131 -41.385819958
174.679359147 -41.384919674
174.679336164 -41.384019390
174.679313182 -41.383119105
174.679290201 -41.382218820
174.679267220 -41.381318535
174.679244239 -41.380418249
174.679221261 -41.379517963
174.679198283 -41.378617677
174.679175305 -41.377717391
174.679152328 -41.376817104
174.679129353 -41.375916817
174.679106377 -41.375016530
174.679083403 -41.374116243
174.679060430 -41.373215955
174.679037457 -41.372315667
174.679014487 -41.371415378
174.678991516 -41.370515089
174.678968545 -41.369614801
174.678945576 -41.368714512
174.678922608 -41.367814222
174.678899640 -41.366913933
174.678876673 -41.366013643
174.678853706 -41.365113353
174.678830741 -41.364213063
174.678807777 -41.363312772
174.678784813 -41.362412481
174.678761849 -41.361512190
174.678738887 -41.360611899
174.678715926 -41.359711607
174.678692965 -41.358811315
174.678670005 -41.357911023
174.678647046 -41.357010731
174.678624088 -41.356110438
174.678601130 -41.355210145
174.678578173 -41.354309852
174.678555217 -41.353409559
174.678532262 -41.352509265
174.678509308 -41.351608972
174.678486354 -41.350708678
174.678463401 -41.349808384
174.678440449 -41.348908089
174.678417498 -41.348007795
174.678394548 -41.347107500
174.678371598 -41.346207204
174.678348648 -41.345306909
174.678325700 -41.344406613
174.678302754 -41.343506317
174.678279807 -41.342606021
174.678256861 -41.341705724
174.678248921 -41.341394156
