174.878874502 -41.406054915
174.879047620 -41.406235691
174.879240698 -41.406407561
174.879433778 -41.406579430
174.879626858 -41.406751299
174.879819941 -41.406923168
174.880013024 -41.407095036
174.880206107 -41.407266904
174.880409751 -41.407431613
174.880619646 -41.407591913
174.880830462 -41.407751534
174.881041280 -41.407911156
174.881252099 -41.408070777
174.881462919 -41.408230398
174.881673740 -41.408390018
174.881884561 -41.408549638
174.882048339 -41.408734302
174.882177958 -41.408937151
174.882307579 -41.409139999
174.882437200 -41.409342848
174.882566821 -41.409545697
174.882696444 -41.409748544
174.882826067 -41.409951393
174.882955691 -41.410154240
174.883085316 -41.410357089
174.883214942 -41.410559936
174.883344568 -41.410762784
174.883474195 -41.410965631
174.883603823 -41.411168478
174.883733453 -41.411371325
174.883863082 -41.411574172
174.883992712 -41.411777018
174.884122343 -41.411979865
174.884251976 -41.412182711
174.884381609 -41.412385557
174.884511242 -41.412588403
174.884640876 -41.412791248
174.884770513 -41.412994094
174.884900148 -41.413196940
174.885029785 -41.413399785
174.885159424 -41.413602630
174.885289062 -41.413805475
174.885418701 -41.414008320
174.885548341 -41.414211165
174.885677983 -41.414414009
174.885807624 -41.414616854
174.885937266 -41.414819697
174.886066909 -41.415022541
174.886196554 -41.415225385
174.886326199 -41.415428229
174.886455845 -41.415631072
174.886585491 -41.415833915
174.886715139 -41.416036759
174.886844787 -41.416239602
174.886974436 -41.416442445
174.887104086 -41.416645287
174.887233737 -41.416848130
174.887363388 -41.417050972
174.887493040 -41.417253815
174.887622694 -41.417456656
174.887752347 -41.417659498
174.887882002 -41.417862340
174.888011657 -41.418065181
174.888141314 -41.418268022
174.888270971 -41.418470863
174.888400628 -41.418673705
174.888530287 -41.418876545
174.888659947 -41.419079386
174.888789607 -41.419282226
174.888919268 -41.419485067
174.889048930 -41.419687907
174.889178593 -41.419890747
174.889308257 -41.420093587
174.889437921 -41.420296427
174.889567587 -41.420499266
174.889697252 -41.420702105
174.889826919 -41.420904944
174.889956586 -41.421107783
174.890086256 -41.421310622
174.890215924 -41.421513460
174.890345594 -41.421716299
174.890475265 -41.421919137
174.890604937 -41.422121976
174.890734609 -41.422324814
174.890864282 -41.422527652
174.890993956 -41.422730489
174.891123632 -41.422933327
174.891253307 -41.423136164
174.891382983 -41.423339002
174.891512660 -41.423541838
174.891642339 -41.423744675
174.891772018 -41.423947512
174.891901697 -41.424150348
174.892031378 -41.424353185
174.892161059 -41.424556021
174.892290741 -41.424758857
174.892420424 -41.424961693
174.892550108 -41.425164529
174.892679792 -41.425367364
174.892809477 -41.425570200
174.892939163 -41.425773034
174.893068851 -41.425975870
174.893198538 -41.426178704
174.893328227 -41.426381539
174.893457916 -41.426584374
174.893587607 -41.426787208
174.893717297 -41.426990042
174.893846989 -41.427192876
174.893976682 -41.427395710
174.894106375 -41.427598544
174.894236069 -41.427801378
174.894365764 -41.428004211
174.894495461 -41.428207044
174.894625157 -41.428409877
174.894754854 -41.428612710
174.894884552 -41.428815543
174.895014252 -41.429018376
174.895143951 -41.429221208
174.895273652 -41.429424040
174.895403353 -41.429626872
174.895533056 -41.429829704
174.895662759 -41.430032536
174.895792462 -41.430235367
174.895922167 -41.430438199
174.896051873 -41.430641030
174.896181579 -41.430843861
174.896311286 -41.431046692
174.896440994 -41.431249523
174.896570703 -41.431452353
174.896700412 -41.431655184
174.896830122 -41.431858014
174.896959834 -41.432060844
174.897089546 -41.432263674
174.897219258 -41.432466503
174.897348971 -41.432669333
174.897478686 -41.432872162
174.897608401 -41.433074992
174.897738117 -41.433277821
174.897867833 -41.433480650
174.897997552 -41.433683479
174.898127270 -41.433886308
174.898256989 -41.434089136
174.898386708 -41.434291964
174.898516430 -41.434494792
174.898646151 -41.434697621
174.898775873 -41.434900448
174.898905597 -41.435103275
174.899035321 -41.435306103
174.899165046 -41.435508930
174.899294771 -41.435711758
174.899424498 -41.435914584
174.899554225 -41.436117411
174.899683953 -41.436320238
174.899813681 -41.436523064
174.899943412 -41.436725890
174.900073142 -41.436928717
174.900202873 -41.437131542
174.900332605 -41.437334369
174.900462339 -41.437537194
174.900592072 -41.437740020
174.900721806 -41.437942845
174.900851542 -41.438145670
174.900981277 -41.438348495
174.901111014 -41.438551320
174.901240751 -41.438754145
174.901370490 -41.438956969
174.901500229 -41.439159794
174.901629969 -41.439362618
174.901759709 -41.439565442
174.901889452 -41.439768266
174.902019194 -41.439971090
174.902148937 -41.440173913
174.902278680 -41.440376737
174.902408426 -41.440579560
174.902538171 -41.440782383
174.902667918 -41.440985206
174.902797665 -41.441188028
174.902927413 -41.441390851
174.903057162 -41.441593673
174.903186911 -41.441796496
174.903316663 -41.441999318
174.903446414 -41.442202140
174.903576165 -41.442404962
174.903705918 -41.442607784
174.903835673 -41.442810605
174.903965427 -41.443013426
174.904095182 -41.443216247
174.904224938 -41.443419069
174.904354695 -41.443621889
174.904484453 -41.443824709
174.904614211 -41.444027530
174.904743970 -41.444230350
174.904873731 -41.444433170
174.905003492 -41.444635990
174.905133253 -41.444838810
174.905263016 -41.445041629
174.905392780 -41.445244449
174.905522544 -41.445447268
174.905652309 -41.445650088
174.905782075 -41.445852906
174.905911842 -41.446055726
174.906041609 -41.446258544
174.906171377 -41.446461362
174.906301147 -41.446664181
174.906430916 -41.446866998
174.906560686 -41.447069817
174.906690458 -41.447272634
174.906820231 -41.447475452
174.906950004 -41.447678269
174.907079777 -41.447881087
174.907209551 -41.448083904
174.907339328 -41.448286721
174.907469104 -41.448489538
174.907598881 -41.448692355
174.907728660 -41.448895171
174.907858438 -41.449097988
174.907988217 -41.449300803
174.908117997 -41.449503619
174.908247779 -41.449706435
174.908377561 -41.449909250
174.908507343 -41.450112066
174.908637127 -41.450314881
174.908766912 -41.450517697
174.908896697 -41.450720511
174.909026483 -41.450923327
174.909156269 -41.451126141
174.909286058 -41.451328956
174.909415846 -41.451531770
174.909545635 -41.451734584
174.909675424 -41.451937398
174.909805216 -41.452140211
174.909935008 -41.452343026
174.910064800 -41.452545839
174.910194594 -41.452748652
174.910324388 -41.452951465
174.910454182 -41.453154279
174.910583978 -41.453357091
174.910713775 -41.453559904
174.910843572 -41.453762716
174.910973370 -41.453965529
174.911103169 -41.454168341
174.911232969 -41.454371153
174.911362769 -41.454573965
174.911492571 -41.454776777
174.911622372 -41.454979588
174.911752176 -41.455182399
174.911881980 -41.455385211
174.912011784 -41.455588021
174.912011784 -41.455588021
174.911226292 -41.455600970
174.910029746 -41.455620684
174.908833198 -41.455640385
174.907636649 -41.455660075
174.906440100 -41.455679752
174.905243549 -41.455699417
174.904046998 -41.455719070
174.902850446 -41.455738710
174.901653893 -41.455758339
174.900457338 -41.455777954
174.899260784 -41.455797557
174.898064228 -41.455817148
174.896867671 -41.455836728
174.895671114 -41.455856294
174.894474556 -41.455875849
174.893277996 -41.455895391
174.892081436 -41.455914921
174.890884875 -41.455934438
174.889688313 -41.455953943
174.888491750 -41.455973435
174.887295186 -41.455992916
174.886098622 -41.456012384
174.884902057 -41.456031839
174.883705491 -41.456051283
174.882508925 -41.456070714
174.881312357 -41.456090132
174.880115788 -41.456109539
174.878919219 -41.456128932
174.877722648 -41.456148314
174.876526077 -41.456167683
174.875329505 -41.456187040
174.874132931 -41.456206385
174.872936357 -41.456225718
174.871739782 -41.456245038
174.870543206 -41.456264346
174.869346629 -41.456283642
174.868150052 -41.456302924
174.866953473 -41.456322195
174.865756894 -41.456341454
174.864560313 -41.456360700
174.863363732 -41.456379935
174.862167149 -41.456399156
174.860970566 -41.456418366
174.859773982 -41.456437563
174.858577397 -41.456456748
174.857380811 -41.456475920
174.856184225 -41.456495080
174.854987637 -41.456514228
174.853791048 -41.456533364
174.852594459 -41.456552487
174.851397869 -41.456571598
174.850201277 -41.456590697
174.849004686 -41.456609782
174.847808094 -41.456628853
174.846611501 -41.456647913
174.845414908 -41.456666960
174.844218313 -41.456685995
174.843021718 -41.456705018
174.841825121 -41.456724029
174.840628524 -41.456743027
174.839431926 -41.456762013
174.838235327 -41.456780986
174.837038727 -41.456799947
174.835842126 -41.456818896
174.834645524 -41.456837832
174.833448922 -41.456856757
174.832252318 -41.456875669
174.831055714 -41.456894569
174.829859109 -41.456913456
174.828662503 -41.456932331
174.827465896 -41.456951193
174.826269288 -41.456970044
174.825072679 -41.456988882
174.823876069 -41.457007708
174.822679459 -41.457026522
174.821482847 -41.457045323
174.820286235 -41.457064112
174.819089622 -41.457082889
174.817893008 -41.457101653
174.816696393 -41.457120404
174.815499777 -41.457139144
174.814303160 -41.457157871
174.813106542 -41.457176586
174.811909924 -41.457195289
174.810713306 -41.457213979
174.809516687 -41.457232656
174.808320066 -41.457251321
174.807123445 -41.457269973
174.805926823 -41.457288614
174.804730201 -41.457307242
174.803533577 -41.457325858
174.802336952 -41.457344461
174.801140327 -41.457363053
174.799943702 -41.457381630
174.798747083 -41.457400187
174.797550463 -41.457418733
174.796353842 -41.457437265
174.795157220 -41.457455785
174.793960597 -41.457474294
174.792763973 -41.457492790
174.791567349 -41.457511273
174.790370724 -41.457529745
174.789174098 -41.457548204
174.787977471 -41.457566651
174.786780843 -41.457585084
174.785584214 -41.457603506
174.784387584 -41.457621916
174.783190954 -41.457640314
174.781994322 -41.457658699
174.780797690 -41.457677072
174.779601057 -41.457695432
174.778404423 -41.457713781
174.777207788 -41.457732117
174.776011153 -41.457750439
174.774814516 -41.457768751
174.773617880 -41.457787049
174.772421243 -41.457805334
174.771224605 -41.457823608
174.770027966 -41.457841869
174.768831326 -41.457860118
174.767634685 -41.457878354
174.766438044 -41.457896578
174.765241402 -41.457914789
174.764044758 -41.457932989
174.762848114 -41.457951176
174.761651469 -41.457969351
174.760454824 -41.457987513
174.759258177 -41.458005663
174.758061530 -41.458023801
174.756864881 -41.458041927
174.755668232 -41.458060039
174.754471582 -41.458078140
174.753274931 -41.458096229
174.752078280 -41.458114305
174.750881627 -41.458132369
174.749684974 -41.458150421
174.748488320 -41.458168461
174.747291665 -41.458186488
174.746095009 -41.458204502
174.744898352 -41.458222504
174.743701695 -41.458240494
174.742505036 -41.458258472
174.741308377 -41.458276437
174.740111717 -41.458294391
174.738915056 -41.458312331
174.737718394 -41.458330260
174.736521732 -41.458348175
174.735325070 -41.458366077
174.734128407 -41.458383967
174.732931743 -41.458401845
174.731735078 -41.458419711
174.730538412 -41.458437564
174.729341746 -41.458455405
174.728145078 -41.458473234
174.726948410 -41.458491051
174.725751741 -41.458508855
174.724555071 -41.458526645
174.723358401 -41.458544425
174.722161729 -41.458562192
174.720965057 -41.458579947
174.719768383 -41.458597689
174.718571710 -41.458615420
174.717375035 -41.458633137
174.716178359 -41.458650843
174.714981683 -41.458668535
174.713785005 -41.458686216
174.712588327 -41.458703885
174.711391648 -41.458721541
174.710194968 -41.458739185
174.708998288 -41.458756817
174.707801606 -41.458774436
174.706604924 -41.458792043
174.705408241 -41.458809637
174.704211557 -41.458827219
174.703014873 -41.458844789
174.701818187 -41.458862347
174.700621501 -41.458879892
174.699424814 -41.458897424
174.698228127 -41.458914943
174.697031439 -41.458932449
174.695834751 -41.458949943
174.694638061 -41.458967424
174.693441371 -41.458984893
174.692244680 -41.459002350
174.691047988 -41.459019795
174.689851295 -41.459037227
174.688654602 -41.459054647
174.687457907 -41.459072055
174.686261212 -41.459089450
174.685064516 -41.459106833
174.683867819 -41.459124203
174.682671122 -41.459141562
174.681474423 -41.459158908
174.681237733 -41.458425684
174.681214678 -41.457525435
174.681191623 -41.456625185
174.681168569 -41.455724935
174.681145517 -41.454824685
174.681122465 -41.453924435
174.681099413 -41.453024184
174.681076363 -41.452123933
174.681053313 -41.451223682
174.681030265 -41.450323430
174.681007217 -41.449423178
174.680984169 -41.448522926
174.680961122 -41.447622674
174.680938078 -41.446722421
174.680915033 -41.445822168
174.680891988 -41.444921915
174.680868945 -41.444021661
174.680845903 -41.443121408
174.680822862 -41.442221153
174.680799821 -41.441320899
174.680776780 -41.440420645
174.680753741 -41.439520390
174.680730703 -41.438620135
174.680707665 -41.437719879
174.680684627 -41.436819624
174.680661589 -41.435919369
174.680638553 -41.435019114
174.680615517 -41.434118858
174.680592482 -41.433218602
174.680569447 -41.432318346
174.680546413 -41.431418089
174.680523381 -41.430517832
174.680500349 -41.429617575
174.680477317 -41.428717318
174.680454287 -41.427817060
174.680431258 -41.426916803
174.680408229 -41.426016544
174.680385201 -41.425116286
174.680362173 -41.424216027
174.680339148 -41.423315768
174.680316122 -41.422415509
174.680293097 -41.421515250
174.680270072 -41.420614990
174.680247049 -41.419714730
174.680224027 -41.418814470
174.680201005 -41.417914209
174.680177984 -41.417013948
174.680154964 -41.416113687
174.680131945 -41.415213426
174.680108927 -41.414313164
174.680085909 -41.413412902
174.680062892 -41.412512640
174.680039876 -41.411612377
174.680016861 -41.410712115
174.679993846 -41.409811852
174.679970832 -41.408911589
174.679947819 -41.408011325
174.679924808 -41.407111061
174.679901796 -41.406210797
174.679878784 -41.405310533
174.679855773 -41.404410269
174.679832764 -41.403510005
174.679809754 -41.402609741
174.679786746 -41.401709476
174.679763738 -41.400809211
174.679740731 -41.399908945
174.679717730 -41.399008679
174.679694731 -41.398108411
174.679671740 -41.397208134
174.679648750 -41.396307857
174.679625762 -41.395407580
174.679602774 -41.394507302
174.679579786 -41.393607025
174.679556800 -41.392706747
174.679533815 -41.391806468
174.679510830 -41.390906190
174.679487846 -41.390005911
174.679464862 -41.389105632
174.679441879 -41.388205353
174.679418898 -41.387305073
174.679395917 -41.386404793
174.679372937 -41.385504513
174.679349957 -41.384604233
174.679326979 -41.383703952
174.679304001 -41.382803671
174.679281024 -41.381903390
174.679258048 -41.381003108
174.679235072 -41.380102827
174.679212098 -41.379202545
174.679189124 -41.378302262
174.679166151 -41.377401980
174.679143178 -41.376501697
174.679120207 -41.375601414
174.679097236 -41.374701130
174.679074266 -41.373800844
174.679051296 -41.372900557
174.679028328 -41.372000270
174.679005359 -41.371099983
174.678982392 -41.370199696
174.678959425 -41.369299409
174.678936459 -41.368399121
174.678913495 -41.367498833
174.678890531 -41.366598545
174.678867567 -41.365698256
174.678844604 -41.364797967
174.678821643 -41.363897678
174.678798682 -41.362997389
174.678775721 -41.362097099
174.678752762 -41.361196809
174.678729804 -41.360296519
174.678706846 -41.359396229
174.678683888 -41.358495938
174.678660932 -41.357595647
174.678637976 -41.356695356
174.678615022 -41.355795065
174.678592068 -41.354894773
174.678569114 -41.353994481
174.678546161 -41.353094189
174.678523211 -41.352193896
174.678500259 -41.351293603
174.678477309 -41.350393310
174.678454359 -41.349493017
174.678431411 -41.348592724
174.678408464 -41.347692430
174.678385516 -41.346792136
174.678362570 -41.345891841
174.678339624 -41.344991547
174.678316681 -41.344091252
174.678293736 -41.343190957
174.678270792 -41.342290662
174.678247849 -41.341390367