
171.29860445	-42.27627381
171.29860445	-42.27627381
171.29738545	-42.27625451
171.29616645	-42.27623520
171.29494745	-42.27621588
171.29372845	-42.27619654
171.29250946	-42.27617718
171.29129046	-42.27615782
171.29007146	-42.27613844
171.28885247	-42.27611905
171.28763348	-42.27609964
171.28641449	-42.27608023
171.28519550	-42.27606080
171.28397651	-42.27604135
171.28275752	-42.27602189
171.28153853	-42.27600242
171.28031955	-42.27598294
171.27910056	-42.27596344
171.27788158	-42.27594393
171.27666259	-42.27592441
171.27544361	-42.27590488
171.27422463	-42.27588533
171.27300565	-42.27586576
171.27178667	-42.27584619
171.27056769	-42.27582660
171.26934872	-42.27580700
171.26812974	-42.27578738
171.26691076	-42.27576776
171.26569179	-42.27574812
171.26447282	-42.27572846
171.26325385	-42.27570880
171.26203488	-42.27568912
171.26081590	-42.27566942
171.25959694	-42.27564972
171.25837797	-42.27563000
171.25715900	-42.27561026
171.25594004	-42.27559052
171.25472107	-42.27557076
171.25350211	-42.27555099
171.25228315	-42.27553120
171.25106419	-42.27551140
171.24984523	-42.27549159
171.24862627	-42.27547177
171.24740731	-42.27545193
171.24618835	-42.27543208
171.24496940	-42.27541222
171.24375044	-42.27539234
171.24253149	-42.27537245
171.24131253	-42.27535255
171.24009358	-42.27533263
171.23887463	-42.27531270
171.23765568	-42.27529276
171.23643673	-42.27527280
171.23521779	-42.27525283
171.23399884	-42.27523285
171.23277990	-42.27521286
171.23156095	-42.27519285
171.23034201	-42.27517283
171.22912307	-42.27515279
171.22790412	-42.27513274
171.22668518	-42.27511268
171.22546625	-42.27509261
171.22424731	-42.27507252
171.22302837	-42.27505242
171.22180944	-42.27503231
171.22059050	-42.27501218
171.21937157	-42.27499205
171.21815263	-42.27497189
171.21693370	-42.27495173
171.21571477	-42.27493155
171.21449584	-42.27491136
171.21327692	-42.27489115
171.21205799	-42.27487093
171.21083906	-42.27485070
171.20962014	-42.27483046
171.20840121	-42.27481020
171.20718229	-42.27478993
171.20596337	-42.27476965
171.20474445	-42.27474935
171.20352553	-42.27472904
171.20230661	-42.27470872
171.20108769	-42.27468838
171.19986878	-42.27466803
171.19864986	-42.27464767
171.19743095	-42.27462730
171.19621204	-42.27460691
171.19499313	-42.27458651
171.19377422	-42.27456610
171.19255531	-42.27454567
171.19133640	-42.27452524
171.19011749	-42.27450478
171.18889859	-42.27448432
171.18767969	-42.27446384
171.18646078	-42.27444335
171.18524188	-42.27442285
171.18402298	-42.27440233
171.18280408	-42.27438180
171.18158518	-42.27436125
171.18036628	-42.27434070
171.17914739	-42.27432013
171.17792849	-42.27429954
171.17670960	-42.27427895
171.17549070	-42.27425834
171.17427181	-42.27423772
171.17305292	-42.27421708
171.17183403	-42.27419643
171.17061514	-42.27417577
171.16939625	-42.27415509
171.16942207	-42.27325469
171.16944789	-42.27235428
171.16947370	-42.27145387
171.16949951	-42.27055347
171.16952533	-42.26965306
171.16955114	-42.26875265
171.16957695	-42.26785224
171.16960276	-42.26695184
171.16962857	-42.26605143
171.16965438	-42.26515102
171.16968018	-42.26425062
171.16970599	-42.26335021
171.16973179	-42.26244980
171.16975760	-42.26154940
171.16978340	-42.26064899
171.16980920	-42.25974858
171.16983500	-42.25884818
171.16986080	-42.25794777
171.16988660	-42.25704736
171.16991240	-42.25614696
171.16993819	-42.25524655
171.16996399	-42.25434614
171.16998978	-42.25344574
171.17001558	-42.25254533
171.17004137	-42.25164492
171.17006716	-42.25074452
171.17009295	-42.24984411
171.17011874	-42.24894370
171.17014453	-42.24804330
171.17017032	-42.24714289
171.17019610	-42.24624248
171.17022189	-42.24534208
171.17024767	-42.24444167
171.17027345	-42.24354126
171.17029924	-42.24264086
171.17032502	-42.24174045
171.17035080	-42.24084005
171.17037657	-42.23993964
171.17040235	-42.23903923
171.17042813	-42.23813883
171.17045390	-42.23723842
171.17047968	-42.23633802
171.17050545	-42.23543761
171.17053123	-42.23453720
171.17055700	-42.23363680
171.17058277	-42.23273639
171.17060854	-42.23183599
171.17063430	-42.23093558
171.17066007	-42.23003517
171.17068584	-42.22913477
171.17071160	-42.22823436
171.17073737	-42.22733396
171.17076313	-42.22643355
171.17078889	-42.22553315
171.17081465	-42.22463274
171.17084041	-42.22373233
171.17086617	-42.22283193
171.17089193	-42.22193152
171.17091769	-42.22103112
171.17094344	-42.22013071
171.17096920	-42.21923031
171.17099495	-42.21832990
171.17102071	-42.21742950
171.17104646	-42.21652909
171.17107221	-42.21562868
171.17109796	-42.21472828
171.17112370	-42.21382787
171.17114945	-42.21292747
171.17117520	-42.21202706
171.17120094	-42.21112666
171.17122669	-42.21022625
171.17125243	-42.20932585
171.17127817	-42.20842544
171.17130392	-42.20752504
171.17132966	-42.20662463
171.17135539	-42.20572423
171.17138113	-42.20482382
171.17140687	-42.20392342
171.17143261	-42.20302301
171.17145834	-42.20212261
171.17148407	-42.20122220
171.17150981	-42.20032180
171.17153554	-42.19942139
171.17156127	-42.19852099
171.17158700	-42.19762058
171.17161273	-42.19672018
171.17163845	-42.19581978
171.17166418	-42.19491937
171.17168991	-42.19401897
171.17171563	-42.19311857
171.17174135	-42.19221817
171.17176707	-42.19131776
171.17179280	-42.19041736
171.17181852	-42.18951696
171.17184423	-42.18861656
171.17186995	-42.18771615
171.17189567	-42.18681575
171.17192138	-42.18591535
171.17194710	-42.18501495
171.17197281	-42.18411454
171.17199852	-42.18321414
171.17202424	-42.18231374
171.17204995	-42.18141334
171.17207566	-42.18051293
171.17210136	-42.17961253
171.17212707	-42.17871213
171.17215278	-42.17781173
171.17217848	-42.17691132
171.17220419	-42.17601092
171.17222989	-42.17511052
171.17225559	-42.17421012
171.17228129	-42.17330972
171.17230699	-42.17240931
171.17233269	-42.17150891
171.17235839	-42.17060851
171.17238408	-42.16970811
171.17240978	-42.16880770
171.17243547	-42.16790730
171.17246117	-42.16700690
171.17248686	-42.16610650
171.17251255	-42.16520610
171.17253824	-42.16430570
171.17256393	-42.16340529
171.17258962	-42.16250489
171.17261531	-42.16160449
171.17264099	-42.16070409
171.17266668	-42.15980369
171.17269236	-42.15890329
171.17271805	-42.15800288
171.17274373	-42.15710248
171.17276941	-42.15620208
171.17279509	-42.15530168
171.17282077	-42.15440128
171.17284645	-42.15350088
171.17287212	-42.15260048
171.17289780	-42.15170008
171.17292347	-42.15079967
171.17294915	-42.14989927
171.17297482	-42.14899887
171.17300049	-42.14809847
171.17302616	-42.14719807
171.17305183	-42.14629767
171.17307750	-42.14539727
171.17310317	-42.14449687
171.17312883	-42.14359647
171.17315450	-42.14269606
171.17318016	-42.14179566
171.17320583	-42.14089526
171.17323149	-42.13999486
171.17325715	-42.13909446
171.17328281	-42.13819406
171.17330847	-42.13729366
171.17333413	-42.13639326
171.17335978	-42.13549286
171.17338544	-42.13459246
171.17341109	-42.13369206
171.17343674	-42.13279166
171.17346240	-42.13189126
171.17348805	-42.13099085
171.17351370	-42.13009045
171.17353935	-42.12919005
171.17356500	-42.12828965
171.17359064	-42.12738925
171.17361629	-42.12648885
171.17364194	-42.12558845
171.17366758	-42.12468805
171.17369322	-42.12378765
171.17371886	-42.12288725
171.17374451	-42.12198685
171.17377015	-42.12108645
171.17379578	-42.12018605
171.17382142	-42.11928565
171.17384706	-42.11838525
171.17387269	-42.11748485
171.17389833	-42.11658445
171.17392396	-42.11568405
171.17394959	-42.11478365
171.17397522	-42.11388325
171.17400086	-42.11298285
171.17402648	-42.11208245
171.17405211	-42.11118206
171.17407774	-42.11028166
171.17410337	-42.10938126
171.17412899	-42.10848086
171.17415461	-42.10758046
171.17418024	-42.10668006
171.17420586	-42.10577966
171.17423148	-42.10487926
171.17425710	-42.10397886
171.17428272	-42.10307846
171.17430834	-42.10217806
171.17433395	-42.10127766
171.17435957	-42.10037726
171.17438518	-42.09947686
171.17441079	-42.09857646
171.17443641	-42.09767607
171.17446202	-42.09677567
171.17448763	-42.09587527
171.17451323	-42.09497487
171.17453884	-42.09407447
171.17456445	-42.09317407
171.17459005	-42.09227367
171.17461565	-42.09137327
171.17464126	-42.09047288
171.17466686	-42.08957248
171.17469246	-42.08867208
171.17471806	-42.08777168
171.17474366	-42.08687128
171.17476925	-42.08597088
171.17479485	-42.08507049
171.17482045	-42.08417009
171.17484604	-42.08326969
171.17487163	-42.08236929
171.17489723	-42.08146889
171.17492282	-42.08056849
171.17494841	-42.07966810
171.17497400	-42.07876770
171.17499958	-42.07786730
171.17502517	-42.07696690
171.17505076	-42.07606650
171.17507634	-42.07516611
171.17510193	-42.07426571
171.17512751	-42.07336531
171.17515309	-42.07246491
171.17517867	-42.07156451
171.17520425	-42.07066412
171.17522983	-42.06976372
171.17525540	-42.06886332
171.17528098	-42.06796292
171.17530656	-42.06706253
171.17533213	-42.06616213
171.17535770	-42.06526173
171.17538327	-42.06436133
171.17540885	-42.06346094
171.17543442	-42.06256054
171.17545998	-42.06166014
171.17548555	-42.06075974
171.17551112	-42.05985935
171.17553668	-42.05895895
171.17556225	-42.05805855
171.17558781	-42.05715816
171.17561337	-42.05625776
171.17563894	-42.05535736
171.17566450	-42.05445696
171.17569005	-42.05355657
171.17571561	-42.05265617
171.17574117	-42.05175577
171.17576672	-42.05085538
171.17579228	-42.04995498
171.17581783	-42.04905458
171.17584339	-42.04815419
171.17586894	-42.04725379
171.17589449	-42.04635339
171.17592004	-42.04545300
171.17594559	-42.04455260
171.17597113	-42.04365220
171.17599668	-42.04275181
171.17602223	-42.04185141
171.17604777	-42.04095102
171.17607331	-42.04005062
171.17609885	-42.03915022
171.17612440	-42.03824983
171.17614994	-42.03734943
171.17617547	-42.03644904
171.17620101	-42.03554864
171.17622655	-42.03464824
171.17625208	-42.03374785
171.17627762	-42.03284745
171.17630315	-42.03194706
171.17632868	-42.03104666
171.17635422	-42.03014626
171.17637975	-42.02924587
171.17640528	-42.02834547
171.17643080	-42.02744508
171.17645633	-42.02654468
171.17648186	-42.02564429
171.17650738	-42.02474389
171.17653291	-42.02384350
171.17655843	-42.02294310
171.17658395	-42.02204270
171.17660947	-42.02114231
171.17663499	-42.02024191
171.17666051	-42.01934152
171.17668603	-42.01844112
171.17671154	-42.01754073
171.17673706	-42.01664033
171.17676257	-42.01573994
171.17678809	-42.01483954
171.17681360	-42.01393915
171.17683911	-42.01303875
171.17686462	-42.01213836
171.17689013	-42.01123796
171.17691563	-42.01033757
171.17694114	-42.00943717
171.17696665	-42.00853678
171.17699215	-42.00763639
171.17701765	-42.00673599
171.17704316	-42.00583560
171.17706866	-42.00493520
171.17709416	-42.00403481
171.17711966	-42.00313441
171.17714515	-42.00223402
171.17717065	-42.00133362
171.17719615	-42.00043323
171.17722164	-41.99953284
171.17724714	-41.99863244
171.17727263	-41.99773205
171.17729812	-41.99683165
171.17732361	-41.99593126
171.17734910	-41.99503087
171.17737459	-41.99413047
171.17740007	-41.99323008
171.17742556	-41.99232968
171.17745105	-41.99142929
171.17747653	-41.99052890
171.17750201	-41.98962850
171.17752749	-41.98872811
171.17755297	-41.98782772
171.17757845	-41.98692732
171.17760393	-41.98602693
171.17762941	-41.98512653
171.17765489	-41.98422614
171.17768036	-41.98332575
171.17770583	-41.98242535
171.17773131	-41.98152496
171.17775678	-41.98062457
171.17778225	-41.97972418
171.17780772	-41.97882378
171.17783319	-41.97792339
171.17785866	-41.97702300
171.17788412	-41.97612260
171.17790959	-41.97522221
171.17793505	-41.97432182
171.17796051	-41.97342142
171.17798598	-41.97252103
171.17801144	-41.97162064
171.17803690	-41.97072025
171.17806236	-41.96981985
171.17808781	-41.96891946
171.17811327	-41.96801907
171.17813873	-41.96711868
171.17816418	-41.96621828
171.17818964	-41.96531789
171.17821509	-41.96441750
171.17824054	-41.96351711
171.17826599	-41.96261672
171.17829144	-41.96171632
171.17831689	-41.96081593
171.17834233	-41.95991554
171.17836778	-41.95901515
171.17839322	-41.95811475
171.17841867	-41.95721436
171.17844411	-41.95631397
171.17846955	-41.95541358
171.17849499	-41.95451319
171.17852043	-41.95361280
171.17854587	-41.95271240
171.17857131	-41.95181201
171.17859674	-41.95091162
171.17862218	-41.95001123
171.17864761	-41.94911084
171.17867305	-41.94821045
171.17869848	-41.94731006
171.17872391	-41.94640966
171.17874934	-41.94550927
171.17877477	-41.94460888
171.17880020	-41.94370849
171.17882562	-41.94280810
171.17885105	-41.94190771
171.17887647	-41.94100732
171.17890190	-41.94010693
171.17892732	-41.93920654
171.17895274	-41.93830614
171.17897816	-41.93740575
171.17900358	-41.93650536
171.17902900	-41.93560497
171.17905441	-41.93470458
171.17907983	-41.93380419
171.17910524	-41.93290380
171.17913065	-41.93200341
171.17915607	-41.93110302
171.17918148	-41.93020263
171.17920689	-41.92930224
171.17923230	-41.92840185
171.17925771	-41.92750146
171.17928311	-41.92660107
171.17930852	-41.92570068
171.17933392	-41.92480029
171.17935933	-41.92389990
171.17938473	-41.92299951
171.17941013	-41.92209912
171.17943553	-41.92119873
171.17946093	-41.92029834
171.17948633	-41.91939795
171.17951173	-41.91849756
171.17953712	-41.91759717
171.17956252	-41.91669678
171.17958791	-41.91579639
171.17961330	-41.91489600
171.17963870	-41.91399561
171.17966409	-41.91309522
171.17968948	-41.91219483
171.17971486	-41.91129445
171.17974025	-41.91039406
171.17976564	-41.90949367
171.17979102	-41.90859328
171.17981641	-41.90769289
171.17984179	-41.90679250
171.17986717	-41.90589211
171.17989255	-41.90499172
171.17991793	-41.90409133
171.17994331	-41.90319095
171.17996869	-41.90229056
171.17999406	-41.90139017
171.18001944	-41.90048978
171.18004481	-41.89958939
171.18007019	-41.89868900
171.18009556	-41.89778861
171.18012093	-41.89688823
171.18014630	-41.89598784
171.18017167	-41.89508745
171.18019704	-41.89418706
171.18022240	-41.89328668
171.18024777	-41.89238629
171.18027313	-41.89148590
171.18029850	-41.89058551
171.18032386	-41.88968513
171.18034922	-41.88878474
171.18037458	-41.88788435
171.18039994	-41.88698396
171.18042530	-41.88608358
171.18045065	-41.88518319
171.18047601	-41.88428280
171.18050136	-41.88338242
171.18052672	-41.88248203
171.18055207	-41.88158164
171.18057742	-41.88068126
171.18060277	-41.87978087
171.18062812	-41.87888048
171.18065347	-41.87798010
171.18067881	-41.87707971
171.18070416	-41.87617932
171.18072950	-41.87527894
171.18075485	-41.87437855
171.18078019	-41.87347816
171.18080553	-41.87257778
171.18083087	-41.87167739
171.18085621	-41.87077700
171.18088155	-41.86987662
171.18090689	-41.86897623
171.18093222	-41.86807585
171.18095756	-41.86717546
171.18098289	-41.86627507
171.18100822	-41.86537469
171.18103355	-41.86447430
171.18105888	-41.86357392
171.18108421	-41.86267353
171.18110954	-41.86177315
171.18113487	-41.86087276
171.18116019	-41.85997237
171.18118552	-41.85907199
171.18121084	-41.85817160
171.18123617	-41.85727122
171.18126149	-41.85637083
171.18128681	-41.85547045
171.18131213	-41.85457006
171.18133745	-41.85366968
171.18136276	-41.85276929
171.18138808	-41.85186891
171.18141339	-41.85096852
171.18143871	-41.85006814
171.18146402	-41.84916775
171.18148933	-41.84826737
171.18151464	-41.84736698
171.18153995	-41.84646660
171.18156526	-41.84556621
171.18159057	-41.84466583
171.18161587	-41.84376545
171.18164118	-41.84286506
171.18166648	-41.84196468
171.18169178	-41.84106429
171.18171709	-41.84016391
171.18174239	-41.83926353
171.18176769	-41.83836314
171.18179298	-41.83746276
171.18181828	-41.83656237
171.18184358	-41.83566199
171.18186887	-41.83476161
171.18189417	-41.83386122
171.18191946	-41.83296084
171.18194475	-41.83206045
171.18197004	-41.83116007
171.18199533	-41.83025969
171.18202062	-41.82935930
171.18204591	-41.82845892
171.18207119	-41.82755854
171.18209648	-41.82665815
171.18212176	-41.82575777
171.18214705	-41.82485739
171.18217233	-41.82395700
171.18219761	-41.82305662
171.18222289	-41.82215624
171.18224817	-41.82125586
171.18227345	-41.82035547
171.18229872	-41.81945509
171.18232400	-41.81855471
171.18234927	-41.81765433
171.18237454	-41.81675394
171.18239982	-41.81585356
171.18242509	-41.81495318
171.18245036	-41.81405279
171.18247563	-41.81315241
171.18250089	-41.81225203
171.18252616	-41.81135165
171.18255142	-41.81045127
171.18257669	-41.80955088
171.18260195	-41.80865050
171.18262721	-41.80775012
171.18265247	-41.80684974
171.18267773	-41.80594936
171.18270299	-41.80504897
171.18272825	-41.80414859
171.18275351	-41.80324821
171.18277876	-41.80234783
171.18280402	-41.80144745
171.18282927	-41.80054707
171.18285452	-41.79964669
171.18287977	-41.79874630
171.18290502	-41.79784592
171.18293027	-41.79694554
171.18295552	-41.79604516
171.18298076	-41.79514478
171.18300601	-41.79424440
171.18303125	-41.79334402
171.18305650	-41.79244364
171.18308174	-41.79154326
171.18310698	-41.79064288
171.18313222	-41.78974250
171.18315746	-41.78884212
171.18318269	-41.78794174
171.18320793	-41.78704136
171.18323316	-41.78614098
171.18325840	-41.78524060
171.18328363	-41.78434022
171.18330886	-41.78343984
171.18333409	-41.78253946
171.18335932	-41.78163908
171.18338455	-41.78073870
171.18340978	-41.77983832
171.18343501	-41.77893794
171.18346023	-41.77803756
171.18348545	-41.77713718
171.18351068	-41.77623680
171.18353590	-41.77533642
171.18356112	-41.77443604
171.18358634	-41.77353566
171.18361156	-41.77263528
171.18363677	-41.77173491
171.18366199	-41.77083453
171.18368721	-41.76993415
171.18371242	-41.76903377
171.18373763	-41.76813339
171.18376284	-41.76723301
171.18378805	-41.76633263
171.18381326	-41.76543225
171.18383847	-41.76453188
171.18386368	-41.76363150
171.18388889	-41.76273112
171.18391409	-41.76183074
171.18393930	-41.76093036
171.18396450	-41.76002998
171.18398970	-41.75912961
171.18401490	-41.75822923
171.18404010	-41.75732885
171.18406530	-41.75642847
171.18409050	-41.75552809
171.18411569	-41.75462772
171.18414089	-41.75372734
171.18416608	-41.75282696
171.18419127	-41.75192658
171.18421647	-41.75102621
171.18424166	-41.75012583
171.18426685	-41.74922545
171.18429203	-41.74832507
171.18431722	-41.74742470
171.18434241	-41.74652432
171.18436759	-41.74562394
171.18439278	-41.74472357
171.18441796	-41.74382319
171.18444314	-41.74292281
171.18446832	-41.74202244
171.18449350	-41.74112206
171.18451868	-41.74022168
171.18454385	-41.73932131
171.18456903	-41.73842093
171.18459420	-41.73752055
171.18461938	-41.73662018
171.18464455	-41.73571980
171.18466972	-41.73481942
171.18469489	-41.73391905
171.18472006	-41.73301867
171.18474523	-41.73211829
171.18477040	-41.73121792
171.18479556	-41.73031754
171.18482073	-41.72941717
171.18484589	-41.72851679
171.18487105	-41.72761642
171.18489621	-41.72671604
171.18492137	-41.72581566
171.18494653	-41.72491529
171.18497169	-41.72401491
171.18499685	-41.72311454
171.18502200	-41.72221416
171.18504716	-41.72131379
171.18507231	-41.72041341
171.18509747	-41.71951304
171.18512262	-41.71861266
171.18514777	-41.71771229
171.18517292	-41.71681191
171.18519806	-41.71591154
171.18522321	-41.71501116
171.18524836	-41.71411079
171.18527350	-41.71321041
171.18529864	-41.71231004
171.18532379	-41.71140966
171.18534893	-41.71050929
171.18537407	-41.70960892
171.18539921	-41.70870854
171.18542435	-41.70780817
171.18544948	-41.70690779
171.18547462	-41.70600742
171.18549975	-41.70510704
171.18552489	-41.70420667
171.18555002	-41.70330630
171.18557515	-41.70240592
171.18560028	-41.70150555
171.18562541	-41.70060518
171.18565054	-41.69970480
171.18567566	-41.69880443
171.18570079	-41.69790406
171.18572591	-41.69700368
171.18575103	-41.69610331
171.18577616	-41.69520294
171.18580128	-41.69430257
171.18582640	-41.69340219
171.18585151	-41.69250182
171.18587663	-41.69160145
171.18590174	-41.69070108
171.18592686	-41.68980071
171.18595197	-41.68890034
171.18597709	-41.68799996
171.18600220	-41.68709959
171.18602731	-41.68619922
171.18605242	-41.68529885
171.18607752	-41.68439848
171.18610263	-41.68349811
171.18612774	-41.68259774
171.18615284	-41.68169737
171.18617794	-41.68079699
171.18620305	-41.67989662
171.18622815	-41.67899625
171.18625325	-41.67809588
171.18627835	-41.67719551
171.18630344	-41.67629514
171.18632854	-41.67539477
171.18635364	-41.67449440
171.18637873	-41.67359403
171.18640382	-41.67269366
171.18642892	-41.67179329
171.18645401	-41.67089292
171.18647910	-41.66999255
171.18650419	-41.66909218
171.18652927	-41.66819181
171.18655436	-41.66729144
171.18657945	-41.66639107
171.18660453	-41.66549070
171.18662961	-41.66459033
171.18665470	-41.66368996
171.18667978	-41.66278959
171.18670486	-41.66188922
171.18672994	-41.66098885
171.18675501	-41.66008848
171.18678009	-41.65918811
171.18680516	-41.65828774
171.18683024	-41.65738737
171.18685531	-41.65648700
171.18688038	-41.65558664
171.18690545	-41.65468627
171.18693052	-41.65378590
171.18695559	-41.65288553
171.18698066	-41.65198516
171.18700572	-41.65108479
171.18703079	-41.65018442
171.18705585	-41.64928406
171.18708092	-41.64838369
171.18710598	-41.64748332
171.18713104	-41.64658295
171.18715610	-41.64568258
171.18718116	-41.64478221
171.18720621	-41.64388185
171.18723127	-41.64298148
171.18725632	-41.64208111
171.18728138	-41.64118074
171.18730643	-41.64028038
171.18733148	-41.63938001
171.18735653	-41.63847964
171.18738158	-41.63757927
171.18740663	-41.63667891
171.18743168	-41.63577854
171.18745672	-41.63487817
171.18748177	-41.63397780
171.18750681	-41.63307744
171.18753185	-41.63217707
171.18755689	-41.63127670
171.18758194	-41.63037634
171.18760697	-41.62947597
171.18763201	-41.62857560
171.18765705	-41.62767524
171.18768208	-41.62677487
171.18770712	-41.62587450
171.18773215	-41.62497414
171.18775718	-41.62407377
171.18778222	-41.62317340
171.18780725	-41.62227304
171.18783227	-41.62137267
171.18785730	-41.62047230
171.18788233	-41.61957194
171.18790735	-41.61867157
171.18793238	-41.61777121
171.18795740	-41.61687084
171.18798242	-41.61597048
171.18800744	-41.61507011
171.18803246	-41.61416974
171.18805748	-41.61326938
171.18808250	-41.61236901
171.18810751	-41.61146865
171.18813253	-41.61056828
171.18815754	-41.60966792
171.18818256	-41.60876755
171.18820757	-41.60786719
171.18823258	-41.60696682
171.18825759	-41.60606646
171.18828260	-41.60516609
171.18830760	-41.60426573
171.18833261	-41.60336536
171.18835761	-41.60246500
171.18838262	-41.60156463
171.18840762	-41.60066427
171.18843262	-41.59976391
171.18845762	-41.59886354
171.18848262	-41.59796318
171.18850761	-41.59706282
171.18853261	-41.59616245
171.18855760	-41.59526209
171.18858259	-41.59436172
171.18860759	-41.59346136
171.18863258	-41.59256100
171.18865757	-41.59166063
171.18868255	-41.59076027
171.18870754	-41.58985991
171.18873253	-41.58895954
171.18875751	-41.58805918
171.18878250	-41.58715882
171.18880748	-41.58625846
171.18883246	-41.58535809
171.18885744	-41.58445773
171.19005723	-41.58448551
171.19125702	-41.58451328
171.19245681	-41.58454104
171.19365661	-41.58456879
171.19485640	-41.58459652
171.19605620	-41.58462424
171.19725600	-41.58465195
171.19845580	-41.58467964
171.19965560	-41.58470732
171.20085540	-41.58473499
171.20205521	-41.58476265
171.20325501	-41.58479029
171.20445482	-41.58481792
171.20565463	-41.58484554
171.20685444	-41.58487314
171.20805425	-41.58490073
171.20925407	-41.58492831
171.21045388	-41.58495588
171.21165370	-41.58498343
171.21285352	-41.58501098
171.21405334	-41.58503850
171.21525316	-41.58506602
171.21645298	-41.58509352
171.21765281	-41.58512101
171.21885263	-41.58514849
171.22005246	-41.58517595
171.22125229	-41.58520341
171.22245212	-41.58523085
171.22365195	-41.58525827
171.22485178	-41.58528569
171.22605161	-41.58531309
171.22725145	-41.58534047
171.22845129	-41.58536785
171.22965113	-41.58539521
171.23085097	-41.58542256
171.23205081	-41.58544990
171.23325065	-41.58547722
171.23445050	-41.58550454
171.23565034	-41.58553184
171.23685019	-41.58555912
171.23805004	-41.58558639
171.23924989	-41.58561366
171.24044974	-41.58564090
171.24164959	-41.58566814
171.24284945	-41.58569536
171.24404930	-41.58572257
171.24524916	-41.58574977
171.24644902	-41.58577695
171.24764888	-41.58580413
171.24884874	-41.58583128
171.25004861	-41.58585843
171.25124847	-41.58588556
171.25244834	-41.58591268
171.25364821	-41.58593979
171.25484807	-41.58596689
171.25604794	-41.58599397
171.25724782	-41.58602104
171.25844769	-41.58604810
171.25964757	-41.58607514
171.26084744	-41.58610217
171.26204732	-41.58612919
171.26324720	-41.58615620
171.26444708	-41.58618319
171.26564696	-41.58621017
171.26684685	-41.58623714
171.26804673	-41.58626410
171.26924662	-41.58629104
171.27044651	-41.58631797
171.27164639	-41.58634489
171.27284629	-41.58637179
171.27404618	-41.58639868
171.27524607	-41.58642556
171.27644597	-41.58645243
171.27764586	-41.58647928
171.27884576	-41.58650612
171.28004566	-41.58653295
171.28124556	-41.58655977
171.28244546	-41.58658657
171.28364537	-41.58661336
171.28484527	-41.58664014
171.28604518	-41.58666690
171.28724509	-41.58669365
171.28844500	-41.58672039
171.28964491	-41.58674712
171.29084482	-41.58677383
171.29204473	-41.58680053
171.29324465	-41.58682722
171.29444456	-41.58685389
171.29564448	-41.58688056
171.29684440	-41.58690721
171.29804432	-41.58693384
171.29924425	-41.58696047
171.30044417	-41.58698708
171.30164409	-41.58701368
171.30284402	-41.58704026
171.30404395	-41.58706684
171.30524388	-41.58709340
171.30644381	-41.58711995
171.30764374	-41.58714648
171.30884367	-41.58717300
171.31004361	-41.58719952
171.31124354	-41.58722601
171.31244348	-41.58725250
171.31364342	-41.58727897
171.31484336	-41.58730543
171.31604330	-41.58733187
171.31724325	-41.58735831
171.31844319	-41.58738473
171.31964314	-41.58741114
171.32084309	-41.58743753
171.32204304	-41.58746391
171.32324299	-41.58749028
171.32444294	-41.58751664
171.32564289	-41.58754299
171.32684285	-41.58756932
171.32804280	-41.58759564
171.32924276	-41.58762194
171.33044272	-41.58764824
171.33164268	-41.58767452
171.33284264	-41.58770078
171.33404260	-41.58772704
171.33524257	-41.58775328
171.33644253	-41.58777951
171.33764250	-41.58780573
171.33884247	-41.58783193
171.34004244	-41.58785813
171.34124241	-41.58788430
171.34244239	-41.58791047
171.34364236	-41.58793662
171.34484233	-41.58796277
171.34604231	-41.58798889
171.34724229	-41.58801501
171.34844227	-41.58804111
171.34964225	-41.58806720
171.35084223	-41.58809328
171.35204222	-41.58811934
171.35324220	-41.58814540
171.35444219	-41.58817143
171.35564218	-41.58819746
171.35684217	-41.58822347
171.35804216	-41.58824948
171.35924215	-41.58827546
171.36044214	-41.58830144
171.36164214	-41.58832740
171.36284214	-41.58835335
171.36404213	-41.58837929
171.36524213	-41.58840521
171.36644213	-41.58843112
171.36764213	-41.58845702
171.36884214	-41.58848291
171.37004214	-41.58850878
171.37124215	-41.58853464
171.37244216	-41.58856049
171.37364217	-41.58858633
171.37484218	-41.58861215
171.37604219	-41.58863796
171.37724220	-41.58866376
171.37844221	-41.58868954
171.37964223	-41.58871532
171.38084225	-41.58874107
171.38204227	-41.58876682
171.38324229	-41.58879255
171.38444231	-41.58881828
171.38564233	-41.58884398
171.38684235	-41.58886968
171.38804238	-41.58889536
171.38924241	-41.58892103
171.39044243	-41.58894669
171.39164246	-41.58897233
171.39284249	-41.58899797
171.39404253	-41.58902359
171.39524256	-41.58904919
171.39644259	-41.58907479
171.39764263	-41.58910037
171.39884267	-41.58912593
171.40004271	-41.58915149
171.40124275	-41.58917703
171.40244279	-41.58920257
171.40364283	-41.58922808
171.40484288	-41.58925359
171.40604292	-41.58927908
171.40724297	-41.58930456
171.40844302	-41.58933003
171.40964307	-41.58935549
171.41084312	-41.58938093
171.41204317	-41.58940636
171.41324323	-41.58943177
171.41444328	-41.58945718
171.41564334	-41.58948257
171.41684340	-41.58950795
171.41804345	-41.58953331
171.41924352	-41.58955867
171.42044358	-41.58958401
171.42164364	-41.58960934
171.42284371	-41.58963465
171.42404377	-41.58965995
171.42524384	-41.58968524
171.42644391	-41.58971052
171.42764398	-41.58973578
171.42884405	-41.58976104
171.43004412	-41.58978628
171.43124420	-41.58981150
171.43244427	-41.58983671
171.43364435	-41.58986192
171.43484443	-41.58988710
171.43604451	-41.58991228
171.43724459	-41.58993744
171.43844467	-41.58996259
171.43964475	-41.58998773
171.44084484	-41.59001285
171.44204492	-41.59003796
171.44324501	-41.59006306
171.44444510	-41.59008815
171.44564519	-41.59011322
171.44684528	-41.59013828
171.44804537	-41.59016333
171.44924547	-41.59018837
171.45044556	-41.59021339
171.45164566	-41.59023840
171.45284576	-41.59026340
171.45404586	-41.59028838
171.45524596	-41.59031335
171.45644606	-41.59033831
171.45764616	-41.59036326
171.45884627	-41.59038819
171.46004637	-41.59041311
171.46124648	-41.59043802
171.46244659	-41.59046292
171.46364670	-41.59048780
171.46484681	-41.59051267
171.46604693	-41.59053753
171.46724704	-41.59056237
171.46844715	-41.59058720
171.46964727	-41.59061202
171.47084739	-41.59063683
171.47204751	-41.59066162
171.47324763	-41.59068640
171.47444775	-41.59071117
171.47564787	-41.59073593
171.47684800	-41.59076067
171.47804812	-41.59078540
171.47924825	-41.59081012
171.48044838	-41.59083482
171.48164851	-41.59085951
171.48284864	-41.59088419
171.48404877	-41.59090886
171.48524891	-41.59093351
171.48644904	-41.59095816
171.48764918	-41.59098278
171.48884932	-41.59100740
171.49004946	-41.59103200
171.49124960	-41.59105659
171.49244974	-41.59108117
171.49364988	-41.59110574
171.49485003	-41.59113029
171.49605017	-41.59115483
171.49725032	-41.59117935
171.49845046	-41.59120387
171.49965061	-41.59122837
171.50085077	-41.59125286
171.50205092	-41.59127734
171.50325107	-41.59130180
171.50445123	-41.59132625
171.50565138	-41.59135069
171.50685154	-41.59137512
171.50805170	-41.59139953
171.50925186	-41.59142393
171.51045202	-41.59144832
171.51165218	-41.59147269
171.51285234	-41.59149706
171.51405251	-41.59152141
171.51525268	-41.59154574
171.51645284	-41.59157007
171.51765301	-41.59159438
171.51885318	-41.59161868
171.52005335	-41.59164296
171.52125353	-41.59166724
171.52245370	-41.59169150
171.52365388	-41.59171575
171.52485405	-41.59173998
171.52605423	-41.59176420
171.52725441	-41.59178841
171.52845459	-41.59181261
171.52965477	-41.59183679
171.53085496	-41.59186097
171.53205514	-41.59188513
171.53325533	-41.59190927
171.53445551	-41.59193341
171.53565570	-41.59195753
171.53685589	-41.59198163
171.53805608	-41.59200573
171.53925627	-41.59202981
171.54045647	-41.59205388
171.54165666	-41.59207794
171.54285686	-41.59210199
171.54405706	-41.59212602
171.54525725	-41.59215004
171.54645745	-41.59217404
171.54765766	-41.59219804
171.54885786	-41.59222202
171.55005806	-41.59224599
171.55125827	-41.59226994
171.55245847	-41.59229389
171.55365868	-41.59231782
171.55485889	-41.59234173
171.55605910	-41.59236564
171.55725931	-41.59238953
171.55845952	-41.59241341
171.55965974	-41.59243728
171.56085995	-41.59246113
171.56206017	-41.59248497
171.56326039	-41.59250880
171.56446061	-41.59253262
171.56566083	-41.59255642
171.56686105	-41.59258021
171.56806127	-41.59260399
171.56926150	-41.59262775
171.57046172	-41.59265151
171.57166195	-41.59267525
171.57286218	-41.59269897
171.57406240	-41.59272269
171.57526263	-41.59274639
171.57646287	-41.59277008
171.57766310	-41.59279376
171.57886333	-41.59281742
171.58006357	-41.59284107
171.58126381	-41.59286471
171.58246404	-41.59288833
171.58366428	-41.59291195
171.58486452	-41.59293555
171.58606476	-41.59295913
171.58726501	-41.59298271
171.58846525	-41.59300627
171.58966550	-41.59302982
171.59086574	-41.59305336
171.59206599	-41.59307688
171.59326624	-41.59310039
171.59446649	-41.59312389
171.59566674	-41.59314738
171.59686700	-41.59317085
171.59806725	-41.59319431
171.59926751	-41.59321776
171.60046776	-41.59324119
171.60166802	-41.59326462
171.60286828	-41.59328803
171.60406854	-41.59331142
171.60526880	-41.59333481
171.60646906	-41.59335818
171.60766933	-41.59338154
171.60886959	-41.59340489
171.61006986	-41.59342822
171.61127013	-41.59345154
171.61247040	-41.59347485
171.61367067	-41.59349815
171.61487094	-41.59352143
171.61607121	-41.59354470
171.61727148	-41.59356796
171.61847176	-41.59359120
171.61967204	-41.59361444
171.62087231	-41.59363766
171.62207259	-41.59366086
171.62327287	-41.59368406
171.62447315	-41.59370724
171.62567344	-41.59373041
171.62687372	-41.59375356
171.62807400	-41.59377671
171.62927429	-41.59379984
171.63047458	-41.59382296
171.63167487	-41.59384606
171.63287516	-41.59386916
171.63407545	-41.59389224
171.63527574	-41.59391530
171.63647603	-41.59393836
171.63767633	-41.59396140
171.63887662	-41.59398443
171.64007692	-41.59400745
171.64127722	-41.59403045
171.64247752	-41.59405344
171.64367782	-41.59407642
171.64487812	-41.59409938
171.64607843	-41.59412234
171.64727873	-41.59414528
171.64847904	-41.59416821
171.64967934	-41.59419112
171.65087965	-41.59421402
171.65207996	-41.59423691
171.65328027	-41.59425979
171.65448058	-41.59428265
171.65568090	-41.59430551
171.65688121	-41.59432834
171.65808153	-41.59435117
171.65928184	-41.59437398
171.66048216	-41.59439678
171.66168248	-41.59441957
171.66288280	-41.59444235
171.66408312	-41.59446511
171.66528344	-41.59448786
171.66648377	-41.59451060
171.66768409	-41.59453332
171.66888442	-41.59455603
171.67008475	-41.59457873
171.67128508	-41.59460142
171.67248541	-41.59462409
171.67368574	-41.59464675
171.67488607	-41.59466940
171.67608640	-41.59469204
171.67728674	-41.59471466
171.67848707	-41.59473727
171.67968741	-41.59475987
171.68088775	-41.59478245
171.68208809	-41.59480503
171.68328843	-41.59482759
171.68448877	-41.59485013
171.68568912	-41.59487267
171.68688946	-41.59489519
171.68808981	-41.59491770
171.68929015	-41.59494019
171.69049050	-41.59496268
171.69169085	-41.59498515
171.69289120	-41.59500760
171.69409155	-41.59503005
171.69529190	-41.59505248
171.69649226	-41.59507490
171.69769261	-41.59509731
171.69889297	-41.59511970
171.70009333	-41.59514209
171.70129368	-41.59516446
171.70249404	-41.59518682
171.70369440	-41.59520916
171.70489476	-41.59523149
171.70609513	-41.59525381
171.70729549	-41.59527612
171.70849586	-41.59529842
171.70969622	-41.59532070
171.71089659	-41.59534297
171.71209696	-41.59536522
171.71329733	-41.59538747
171.71449770	-41.59540970
171.71569807	-41.59543192
171.71689844	-41.59545412
171.71809882	-41.59547632
171.71929919	-41.59549850
171.72049957	-41.59552067
171.72169995	-41.59554282
171.72290033	-41.59556496
171.72410071	-41.59558709
171.72530109	-41.59560921
171.72650147	-41.59563132
171.72770186	-41.59565341
171.72890224	-41.59567549
171.73010263	-41.59569755
171.73130301	-41.59571961
171.73250340	-41.59574165
171.73370379	-41.59576368
171.73490418	-41.59578569
171.73610457	-41.59580769
171.73730497	-41.59582968
171.73850536	-41.59585166
171.73970576	-41.59587363
171.74090615	-41.59589558
171.74210655	-41.59591752
171.74330695	-41.59593944
171.74450735	-41.59596136
171.74570775	-41.59598326
171.74690815	-41.59600515
171.74810856	-41.59602702
171.74930896	-41.59604889
171.75050937	-41.59607074
171.75170978	-41.59609258
171.75291018	-41.59611440
171.75411059	-41.59613621
171.75531100	-41.59615801
171.75651142	-41.59617980
171.75771183	-41.59620158
171.75891224	-41.59622334
171.76011266	-41.59624509
171.76131307	-41.59626682
171.76251349	-41.59628855
171.76371391	-41.59631026
171.76491433	-41.59633196
171.76611475	-41.59635364
171.76731517	-41.59637532
171.76851560	-41.59639698
171.76971602	-41.59641862
171.77091645	-41.59644026
171.77211687	-41.59646188
171.77331730	-41.59648349
171.77451773	-41.59650509
171.77571816	-41.59652667
171.77691859	-41.59654824
171.77811902	-41.59656980
171.77931946	-41.59659135
171.78051989	-41.59661288
171.78172033	-41.59663440
171.78292076	-41.59665591
171.78412120	-41.59667740
171.78532164	-41.59669889
171.78652208	-41.59672036
171.78772252	-41.59674182
171.78892296	-41.59676326
171.79012341	-41.59678469
171.79132385	-41.59680611
171.79252430	-41.59682752
171.79372475	-41.59684891
171.79492519	-41.59687029
171.79612564	-41.59689166
171.79732609	-41.59691302
171.79852655	-41.59693436
171.79972700	-41.59695569
171.80092745	-41.59697701
171.80212791	-41.59699831
171.80332836	-41.59701961
171.80452882	-41.59704089
171.80572928	-41.59706215
171.80692974	-41.59708341
171.80813020	-41.59710465
171.80933066	-41.59712588
171.81053112	-41.59714709
171.81173159	-41.59716830
171.81293205	-41.59718949
171.81413252	-41.59721067
171.81533299	-41.59723183
171.81653346	-41.59725298
171.81773392	-41.59727413
171.81893440	-41.59729525
171.82013487	-41.59731637
171.82133534	-41.59733747
171.82253581	-41.59735856
171.82373629	-41.59737964
171.82493677	-41.59740070
171.82613724	-41.59742175
171.82733772	-41.59744279
171.82853820	-41.59746382
171.82973868	-41.59748483
171.83093916	-41.59750583
171.83213965	-41.59752682
171.83334013	-41.59754779
171.83454062	-41.59756876
171.83574110	-41.59758971
171.83694159	-41.59761064
171.83814208	-41.59763157
171.83934257	-41.59765248
171.84054306	-41.59767338
171.84174355	-41.59769427
171.84294404	-41.59771514
171.84414454	-41.59773600
171.84534503	-41.59775685
171.84654553	-41.59777769
171.84774603	-41.59779851
171.84894653	-41.59781932
171.85014702	-41.59784012
171.85134753	-41.59786090
171.85254803	-41.59788167
171.85374853	-41.59790243
171.85494904	-41.59792318
171.85614954	-41.59794392
171.85735005	-41.59796464
171.85855056	-41.59798535
171.85975106	-41.59800604
171.86095157	-41.59802673
171.86215209	-41.59804740
171.86335260	-41.59806806
171.86455311	-41.59808870
171.86575362	-41.59810934
171.86695414	-41.59812996
171.86815466	-41.59815056
171.86935517	-41.59817116
171.87055569	-41.59819174
171.87188297	-41.59822666
171.87321025	-41.59826156
171.87453753	-41.59829645
171.87586481	-41.59833133
171.87719209	-41.59836619
171.87851938	-41.59840103
171.87984667	-41.59843586
171.88117395	-41.59847067
171.88250125	-41.59850546
