177.55421188 -37.88650322
177.55421492 -37.88535907
177.55421795 -37.88421491
177.55471326 -37.88335993
177.55578429 -37.88291415
177.55685531 -37.88246836
177.55792631 -37.88202255
177.55899731 -37.88157674
177.56006829 -37.88113091
177.56113925 -37.88068508
177.56221020 -37.88023924
177.56328114 -37.87979339
177.56467698 -37.87982237
177.56602205 -37.87989587
177.56736712 -37.87996936
177.56832972 -37.87993070
177.56929232 -37.87989204
177.57012627 -37.87951856
177.57080249 -37.87919391
177.57147871 -37.87886926
177.57284741 -37.87847427
177.57373752 -37.87814101
177.57462761 -37.87780774
177.57591104 -37.87775612
177.57692164 -37.87763046
177.57793225 -37.87750480
177.57878786 -37.87747036
177.57964347 -37.87743592
177.58026344 -37.87707098
177.58088340 -37.87670604
177.58176802 -37.87628795
177.58265262 -37.87586984
177.58369763 -37.87544527
177.58474264 -37.87502068
177.58519126 -37.87449264
177.58563988 -37.87396459
177.58597339 -37.87331370
177.58630689 -37.87266280
177.58689415 -37.87178919
177.58714424 -37.87067419
177.58807405 -37.87012673
177.58900385 -37.86957926
177.58983758 -37.86920564
177.59078369 -37.86891248
177.59119510 -37.86864090
177.59170256 -37.86819545
177.59308728 -37.86805454
177.59386035 -37.86840580
177.59463343 -37.86875704
177.59580974 -37.86870952
177.59689546 -37.86892063
177.59828565 -37.86886444
177.59906148 -37.86925804
177.59983732 -37.86965164
177.60050350 -37.87000717
177.60116969 -37.87036270
177.60133666 -37.87129088
177.60128975 -37.87222771
177.60124284 -37.87316453
177.60072308 -37.87379248
177.59946498 -37.87403156
177.59820686 -37.87427063
177.59694875 -37.87450969
177.59569062 -37.87474873
177.59443248 -37.87498776
177.59317434 -37.87522678
177.59191549 -37.87579089
177.59310439 -37.87615353
177.59429330 -37.87651615
177.59548222 -37.87687876
177.59667116 -37.87724136
177.59734010 -37.87757363
177.59800905 -37.87790590
177.59897260 -37.87879088
177.60011545 -37.87843670
177.60139406 -37.87817967
177.60243408 -37.87824025
177.60347411 -37.87830083
177.60402903 -37.87786774
177.60458394 -37.87743464
177.60484091 -37.87639765
177.60509788 -37.87536066
177.60504180 -37.87449033
177.60498572 -37.87362000
177.60448415 -37.87287036
177.60398259 -37.87212072
177.60303885 -37.87154296
177.60297950 -37.87062143
177.60372811 -37.87018050
177.60447672 -37.86973956
177.60558311 -37.86882217
177.60668948 -37.86790477
177.60717642 -37.86742308
177.60766336 -37.86694139
177.60906430 -37.86657666
177.60991373 -37.86669623
177.61076316 -37.86681579
177.61162251 -37.86708893
177.61248186 -37.86736206
177.61321536 -37.86769162
177.61394887 -37.86802118
177.61485960 -37.86808690
177.61577033 -37.86815261
177.61732025 -37.86808970
177.61887016 -37.86802678
177.62015514 -37.86787194
177.62177956 -37.86795995
177.62340398 -37.86804793
177.62455978 -37.86789829
177.62571559 -37.86774863
177.62687139 -37.86759897
177.62828549 -37.86743879
177.62969960 -37.86727859
177.63063511 -37.86672721
177.63157062 -37.86617583
177.63197954 -37.86549189
177.63238845 -37.86480795
177.63246453 -37.86398357
177.63313837 -37.86339150
177.63381219 -37.86279942
177.63493471 -37.86213773
177.63605720 -37.86147603
177.63705717 -37.86092197
177.63805712 -37.86036790
177.63920613 -37.86011573
177.64049092 -37.85996067
177.64160526 -37.86017186
177.64271960 -37.86038304
177.64350111 -37.86045380
177.64428262 -37.86052456
177.64523985 -37.86130676
177.64622174 -37.86147198
177.64720364 -37.86163720
177.64810433 -37.86154907
177.64900502 -37.86146094
177.65032311 -37.86181771
177.64971733 -37.86245844
177.64938981 -37.86339577
177.64906228 -37.86433310
177.64925801 -37.86535171
177.64945375 -37.86637032
177.64955827 -37.86698201
177.64966280 -37.86759370
177.64945110 -37.86832098
177.64911024 -37.86905353
177.64876937 -37.86978608
177.64776271 -37.87023785
177.64675604 -37.87068962
177.64555229 -37.87109808
177.64434853 -37.87150654
177.64393637 -37.87213933
177.64352420 -37.87277211
177.64383574 -37.87358068
177.64414729 -37.87438925
177.64466590 -37.87539468
177.64518453 -37.87640012
177.64525107 -37.87742400
177.64445468 -37.87812381
177.64365828 -37.87882361
177.64329736 -37.87924898
177.64210152 -37.87878447
177.64061266 -37.87879388
177.63912381 -37.87880326
177.63863700 -37.87928508
177.63815019 -37.87976690
177.63805423 -37.88028411
177.63822660 -37.88094437
177.63839897 -37.88160464
177.63830301 -37.88212185
177.63757442 -37.88287017
177.63724002 -37.88370508
177.63756482 -37.88471844
177.63876738 -37.88528539
177.63999467 -37.88523535
177.64122195 -37.88518529
177.64263637 -37.88502493
177.64405077 -37.88486455
177.64550380 -37.88463414
177.64695681 -37.88440371
177.64840982 -37.88417326
177.64962709 -37.88396954
177.65084435 -37.88376580
177.65251374 -37.88354357
177.65418313 -37.88332131
177.65561748 -37.88346796
177.65719770 -37.88386527
177.65877794 -37.88426256
177.66035485 -37.88460863
177.66193178 -37.88495469
177.66311783 -37.88526541
177.66430389 -37.88557611
177.66508569 -37.88564673
177.66586749 -37.88571734
177.66679853 -37.88608981
177.66703242 -37.88669618
177.66726632 -37.88730256
177.66808157 -37.88788509
177.66889684 -37.88846761
177.66916631 -37.88763527
177.66943578 -37.88680292
177.66920186 -37.88619655
177.66896796 -37.88559018
177.66835465 -37.88479405
177.66774136 -37.88399791
177.66712809 -37.88320177
177.66595877 -37.88314706
177.66478945 -37.88309234
177.66405223 -37.88271191
177.66331501 -37.88233148
177.66201652 -37.88228202
177.66071804 -37.88223255
177.65941956 -37.88218307
177.65825193 -37.88215388
177.65708430 -37.88212467
177.65591666 -37.88209546
177.65474904 -37.88206623
177.65327832 -37.88202372
177.65180760 -37.88198120
177.65033689 -37.88193865
177.64890590 -37.88184313
177.64747492 -37.88174760
177.64664326 -37.88090895
177.64581161 -37.88007029
177.64576503 -37.87935357
177.64642226 -37.87850545
177.64707947 -37.87765732
177.64714873 -37.87673055
177.64657547 -37.87588135
177.64600222 -37.87503214
177.64593568 -37.87400825
177.64677995 -37.87304983
177.64801835 -37.87217796
177.64925672 -37.87130608
177.65035924 -37.87033708
177.65146173 -37.86936806
177.65237046 -37.86840696
177.65327916 -37.86744585
177.65400744 -37.86669744
177.65473570 -37.86594902
177.65546395 -37.86520059
177.65571682 -37.86411231
177.65596969 -37.86302402
177.65559349 -37.86221812
177.65521730 -37.86141223
177.65458283 -37.86061690
177.65394837 -37.85982157
177.65299774 -37.85914183
177.65227414 -37.85896610
177.65155055 -37.85879037
177.65036498 -37.85847952
177.64917942 -37.85816867
177.64790743 -37.85796054
177.64663545 -37.85775240
177.64576319 -37.85731031
177.64485250 -37.85720418
177.64394182 -37.85709804
177.64261977 -37.85715201
177.64192340 -37.85756260
177.64122702 -37.85797319
177.64006314 -37.85798882
177.63889926 -37.85800444
177.63773538 -37.85802005
177.63678624 -37.85824983
177.63616845 -37.85894382
177.63555065 -37.85963780
177.63451217 -37.86034892
177.63341048 -37.86101483
177.63230877 -37.86168074
177.63100515 -37.86202045
177.63042268 -37.86233079
177.62961834 -37.86293679
177.62881398 -37.86354278
177.62798493 -37.86376760
177.62714354 -37.86380183
177.62629598 -37.86374076
177.62592305 -37.86356484
177.62471490 -37.86351842
177.62338656 -37.86347687
177.62263764 -37.86307736
177.62188873 -37.86267785
177.62107973 -37.86228077
177.62027074 -37.86188369
177.61928454 -37.86154157
177.61796239 -37.86159525
177.61716881 -37.86143638
177.61637523 -37.86127751
177.61513022 -37.86065923
177.61483447 -37.85981134
177.61550026 -37.85892444
177.61570373 -37.85834292
177.61519836 -37.85798126
177.61457280 -37.85762447
177.61372533 -37.85756330
177.61313053 -37.85768297
177.61249884 -37.85723088
177.61187331 -37.85687407
177.61117947 -37.85694715
177.61032190 -37.85701297
177.60946433 -37.85707879
177.60813591 -37.85713262
177.60693982 -37.85680836
177.60594507 -37.85656912
177.60495034 -37.85632987
177.60414099 -37.85592781
177.60320646 -37.85540657
177.60227195 -37.85488532
177.60195141 -37.85477406
177.60100176 -37.85462613
177.60005212 -37.85447819
177.59908255 -37.85402045
177.59811300 -37.85356271
177.59683091 -37.85311759
177.59554883 -37.85267246
177.59466541 -37.85233544
177.59399254 -37.85161721
177.59302703 -37.85122138
177.59167483 -37.85090328
177.59045902 -37.85026906
177.58932932 -37.84975559
177.58851218 -37.84922951
177.58848434 -37.84879580
177.58930803 -37.84820350
177.58918218 -37.84746317
177.58853325 -37.84711665
177.58760556 -37.84649240
177.58741815 -37.84560869
177.58700762 -37.84531466
177.58588597 -37.84492507
177.58591244 -37.84411647
177.58664604 -37.84334147
177.58723928 -37.84282060
177.58755837 -37.84168961
177.58779405 -37.84108998
177.58802973 -37.84049035
177.58814225 -37.83980251
177.58795022 -37.83925120
177.58801642 -37.83906217
177.58855932 -37.83897815
177.58965703 -37.83899597
177.58905052 -37.83808868
177.58901076 -37.83746910
177.58915110 -37.83721497
177.58978005 -37.83725170
177.59064735 -37.83734092
177.59189731 -37.83729046
177.59232770 -37.83789425
177.59261778 -37.83875219
177.59211070 -37.83939385
177.59183401 -37.83996409
177.59185788 -37.84033583
177.59221414 -37.84100474
177.59311333 -37.84158961
177.59423894 -37.84204108
177.59518443 -37.84212711
177.59619610 -37.84202411
177.59728191 -37.84185599
177.59805122 -37.84163853
177.59853592 -37.84186740
177.59963367 -37.84188513
177.60064533 -37.84178208
177.60109815 -37.84151529
177.60180527 -37.84154880
177.60252436 -37.84176817
177.60306726 -37.84168407
177.60358622 -37.84122824
177.60412911 -37.84114414
177.60553936 -37.84114915
177.60655699 -37.84113900
177.60757462 -37.84112883
177.60848418 -37.84065714
177.60876074 -37.84008687
177.60903730 -37.83951660
177.60919468 -37.83892009
177.60935205 -37.83832359
177.60951454 -37.83719887
177.60996729 -37.83693204
177.61012977 -37.83580733
177.61008185 -37.83506385
177.60987769 -37.83432670
177.60906057 -37.83380076
177.60900202 -37.83289206
177.60894346 -37.83198337
177.60888491 -37.83107467
177.60816192 -37.83079338
177.60743893 -37.83051209
177.60788471 -37.82968727
177.60833047 -37.82886245
177.60909344 -37.82855869
177.60985640 -37.82825491
177.61059681 -37.82804083
177.61133721 -37.82782674
177.61238468 -37.82787629
177.61281504 -37.82735264
177.61324539 -37.82682900
177.61400218 -37.82596999
177.61455712 -37.82557933
177.61550068 -37.82581714
177.61592804 -37.82524759
177.61577382 -37.82465563
177.61561960 -37.82406367
177.61524283 -37.82361879
177.61520730 -37.82306803
177.61566530 -37.82217212
177.61612328 -37.82127620
177.61516521 -37.82077327
177.61420715 -37.82027034
177.61324910 -37.81976740
177.61229107 -37.81926446
177.61133304 -37.81876150
177.61037503 -37.81825854
177.60941704 -37.81775557
177.60845906 -37.81725259
177.60750109 -37.81674960
177.60654313 -37.81624661
177.60558519 -37.81574360
177.60462725 -37.81524059
177.60366934 -37.81473757
177.60271143 -37.81423454
177.60175354 -37.81373151
177.60079566 -37.81322847
177.59983780 -37.81272541
177.59887995 -37.81222235
177.59792211 -37.81171928
177.59696429 -37.81121620
177.59600648 -37.81071312
177.59504868 -37.81021002
177.59409090 -37.80970692
177.59313312 -37.80920381
177.59217537 -37.80870069
177.59121762 -37.80819757
177.59025989 -37.80769443
177.58930217 -37.80719129
177.58834446 -37.80668814
177.58738677 -37.80618498
177.58642909 -37.80568182
177.58547143 -37.80517864
177.58451377 -37.80467546
177.58355613 -37.80417227
177.58259850 -37.80366907
177.58164089 -37.80316587
177.58068329 -37.80266265
177.57972570 -37.80215943
177.57876813 -37.80165620
177.57781056 -37.80115296
177.57685301 -37.80064971
177.57589548 -37.80014646
177.57493796 -37.79964320
177.57398045 -37.79913993
177.57320950 -37.79981063
177.57243854 -37.80048133
177.57166757 -37.80115203
177.57089658 -37.80182272
177.57012558 -37.80249341
177.56935457 -37.80316409
177.56858354 -37.80383476
177.56781249 -37.80450544
177.56704144 -37.80517610
177.56627036 -37.80584677
177.56549928 -37.80651742
177.56472818 -37.80718807
177.56395706 -37.80785872
177.56318594 -37.80852936
177.56241479 -37.80920000
177.56164364 -37.80987063
177.56087247 -37.81054126
177.56010128 -37.81121188
177.55933009 -37.81188250
177.55855887 -37.81255311
177.55778765 -37.81322372
177.55701641 -37.81389432
177.55624515 -37.81456492
177.55547388 -37.81523551
177.55470260 -37.81590610
177.55393130 -37.81657668
177.55315999 -37.81724726
177.55238866 -37.81791783
177.55161733 -37.81858840
177.55084597 -37.81925897
177.55007460 -37.81992952
177.54930322 -37.82060008
177.54853183 -37.82127063
177.54776042 -37.82194117
177.54698899 -37.82261171
177.54621755 -37.82328224
177.54544610 -37.82395277
177.54467464 -37.82462329
177.54390316 -37.82529381
177.54313166 -37.82596433
177.54236015 -37.82663483
177.54158863 -37.82730534
177.54081709 -37.82797584
177.54004554 -37.82864633
177.53927398 -37.82931682
177.53850240 -37.82998730
177.53773080 -37.83065778
177.53695920 -37.83132826
177.53618758 -37.83199873
177.53541594 -37.83266919
177.53464429 -37.83333965
177.53387263 -37.83401011
177.53310095 -37.83468056
177.53232926 -37.83535100
177.53155755 -37.83602144
177.53078583 -37.83669187
177.53001410 -37.83736230
177.52924235 -37.83803273
177.52847059 -37.83870315
177.52769881 -37.83937356
177.52692702 -37.84004397
177.52615521 -37.84071438
177.52538339 -37.84138478
177.52461156 -37.84205517
177.52383971 -37.84272556
177.52306785 -37.84339595
177.52229598 -37.84406633
177.52152409 -37.84473671
177.52075218 -37.84540708
177.51998027 -37.84607744
177.51920833 -37.84674780
177.51843639 -37.84741816
177.51766443 -37.84808851
177.51689245 -37.84875885
177.51612047 -37.84942919
177.51534846 -37.85009953
177.51457645 -37.85076986
177.51380442 -37.85144019
177.51303237 -37.85211051
177.51226031 -37.85278082
177.51148824 -37.85345114
177.51071615 -37.85412144
177.50994405 -37.85479174
177.50917194 -37.85546204
177.50839981 -37.85613233
177.50762766 -37.85680262
177.50685551 -37.85747290
177.50608333 -37.85814317
177.50531115 -37.85881345
177.50624455 -37.85934576
177.50717796 -37.85987806
177.50811138 -37.86041035
177.50904482 -37.86094264
177.50997827 -37.86147492
177.51091174 -37.86200719
177.51184522 -37.86253945
177.51277871 -37.86307171
177.51371222 -37.86360396
177.51464574 -37.86413620
177.51557927 -37.86466843
177.51651282 -37.86520066
177.51744638 -37.86573287
177.51837995 -37.86626508
177.51931354 -37.86679729
177.52024714 -37.86732948
177.52118075 -37.86786167
177.52211438 -37.86839385
177.52304802 -37.86892602
177.52398168 -37.86945818
177.52491535 -37.86999034
177.52584903 -37.87052249
177.52678272 -37.87105463
177.52771643 -37.87158676
177.52865016 -37.87211889
177.52958389 -37.87265101
177.53051764 -37.87318312
177.53145140 -37.87371522
177.53238518 -37.87424732
177.53331897 -37.87477940
177.53425277 -37.87531149
177.53518659 -37.87584356
177.53612042 -37.87637562
177.53705426 -37.87690768
177.53798812 -37.87743973
177.53892199 -37.87797177
177.53985588 -37.87850380
177.54078978 -37.87903583
177.54172369 -37.87956785
177.54265761 -37.88009986
177.54359155 -37.88063186
177.54452550 -37.88116386
177.54545947 -37.88169585
177.54639345 -37.88222783
177.54732744 -37.88275980
177.54826145 -37.88329177
177.54919547 -37.88382372
177.55012950 -37.88435567
177.55106355 -37.88488761
177.55199761 -37.88541955
177.55296480 -37.88589291
177.55393201 -37.88636626
177.55421188 -37.88650322
