177.63802672 -37.86387546
177.63751752 -37.86389622
177.63655266 -37.86397603
177.63558780 -37.86405582
177.63466601 -37.86401243
177.63474692 -37.86368533
177.63582003 -37.86291305
177.63706303 -37.86318619
177.63745991 -37.86300811
177.63856442 -37.86272023
177.63978647 -37.86267039
177.64101376 -37.86270128
177.64224105 -37.86273216
177.64359115 -37.86308181
177.64445829 -37.86385592
177.64442988 -37.86499040
177.64441830 -37.86559801
177.64440671 -37.86620561
177.64497362 -37.86707293
177.64587972 -37.86687403
177.64649602 -37.86692981
177.64672594 -37.86732518
177.64655899 -37.86789865
177.64717530 -37.86795443
177.64761942 -37.86850295
177.64745246 -37.86907643
177.64717317 -37.86949259
177.64597724 -37.86994619
177.64522913 -37.87021959
177.64448101 -37.87049298
177.64344831 -37.87110179
177.64241560 -37.87171060
177.64202917 -37.87205017
177.64123009 -37.87232562
177.64059802 -37.87202760
177.64025055 -37.87139416
177.64019290 -37.87050605
177.64108857 -37.87014572
177.64178840 -37.86991479
177.64248822 -37.86968386
177.64266570 -37.86927186
177.64244103 -37.86895722
177.64238861 -37.86814985
177.64298394 -37.86788271
177.64326326 -37.86746655
177.64333888 -37.86705871
177.64309849 -37.86650186
177.64247171 -37.86628459
177.64233841 -37.86580432
177.64250016 -37.86515011
177.64298314 -37.86472565
177.64306401 -37.86439854
177.64272704 -37.86392659
177.64168244 -37.86356446
177.64035329 -37.86353773
177.63891708 -37.86343440
177.63802672 -37.86387546
