177.65793722 -37.83002183
177.65707088 -37.83048777
177.65620452 -37.83095371
177.65551792 -37.83128127
177.65483132 -37.83160883
177.65418450 -37.83182246
177.65296556 -37.83194720
177.65188201 -37.83270272
177.65150450 -37.83342937
177.65182577 -37.83401514
177.65315832 -37.83418522
177.65416138 -37.83436877
177.65470345 -37.83472091
177.65475446 -37.83550489
177.65476326 -37.83636546
177.65541893 -37.83701240
177.65604101 -37.83649570
177.65615804 -37.83591105
177.65627508 -37.83532641
177.65621192 -37.83469643
177.65614876 -37.83406645
177.65608261 -37.83305003
177.65652992 -37.83243429
177.65652849 -37.83173150
177.65681957 -37.83143845
177.65765233 -37.83129892
177.65813158 -37.83117386
177.65806457 -37.83082518
177.65802806 -37.83026440
177.65793722 -37.83002183