177.72988076 -37.68103931
177.72978702 -37.68162039
177.73016105 -37.68228694
177.73085708 -37.68256365
177.73155312 -37.68284035
177.73155282 -37.68355701
177.73155251 -37.68427366
177.73074346 -37.68519016
177.73000601 -37.68536144
177.72926856 -37.68553272
177.72848855 -37.68544979
177.72770855 -37.68536686
177.72689384 -37.68542183
177.72607914 -37.68547680
177.72518982 -37.68616939
177.72488271 -37.68695140
177.72475009 -37.68793845
177.72412477 -37.68894598
177.72453483 -37.68968143
177.72527191 -37.69015816
177.72600899 -37.69063488
177.72688031 -37.69059863
177.72743055 -37.69078938
177.72760671 -37.69142295
177.72725193 -37.69215873
177.72689715 -37.69289451
177.72757251 -37.69345390
177.72824787 -37.69401329
177.72854407 -37.69442823
177.72804469 -37.69500981
177.72754532 -37.69559138
177.72668253 -37.69626818
177.72581972 -37.69694497
177.72548420 -37.69797369
177.72563036 -37.69866192
177.72577652 -37.69935016
177.72637596 -37.70028658
177.72665269 -37.70091597
177.72692944 -37.70154536
177.72685504 -37.70245640
177.72585283 -37.70305887
177.72485062 -37.70366134
177.72408326 -37.70418692
177.72331590 -37.70471250
177.72329300 -37.70577591
177.72327010 -37.70683932
177.72432073 -37.70759101
177.72537138 -37.70834270
177.72573796 -37.70942273
177.72574464 -37.71002225
177.72634579 -37.71042753
177.72694694 -37.71083281
177.72780148 -37.71084942
177.72858355 -37.71126020
177.72861862 -37.71204108
177.72865370 -37.71282196
177.72892759 -37.71299311
177.72911064 -37.71356078
177.72929369 -37.71412846
177.72951145 -37.71496049
177.73082211 -37.71555618
177.73213279 -37.71615186
177.73330675 -37.71618758
177.73448071 -37.71622329
177.73526638 -37.71661241
177.73471730 -37.71707663
177.73416820 -37.71754085
177.73459589 -37.71864835
177.73550740 -37.71897968
177.73641892 -37.71931100
177.73733245 -37.71936627
177.73850396 -37.71954770
177.73935592 -37.72001109
177.73945469 -37.72077453
177.74066555 -37.72081998
177.74187641 -37.72086541
177.74259019 -37.72143049
177.74330397 -37.72199556
177.74380344 -37.72297255
177.74430293 -37.72394953
177.74490425 -37.72500745
177.74576803 -37.72545890
177.74661928 -37.72623394
177.74758747 -37.72619350
177.74836636 -37.72678522
177.74920835 -37.72728250
177.75005036 -37.72777977
177.75080745 -37.72873959
177.75181934 -37.72866057
177.75283123 -37.72858155
177.75332627 -37.72907494
177.75308848 -37.72967242
177.75228423 -37.73005050
177.75147997 -37.73042858
177.75095983 -37.73094225
177.75089824 -37.73148853
177.75209568 -37.73154922
177.75329312 -37.73160991
177.75449356 -37.73219595
177.75569403 -37.73278198
177.75689451 -37.73336799
177.75809501 -37.73395400
177.75932143 -37.73432682
177.76054787 -37.73469963
177.76177432 -37.73507243
177.76300078 -37.73544522
177.76409632 -37.73569623
177.76519187 -37.73594723
177.76628743 -37.73619821
177.76738299 -37.73644919
177.76847856 -37.73670016
177.76957414 -37.73695112
177.77066973 -37.73720207
177.77176532 -37.73745300
177.77286092 -37.73770393
177.77395653 -37.73795484
177.77353631 -37.73886324
177.77363714 -37.73929570
177.77411935 -37.73993494
177.77460157 -37.74057418
177.77467113 -37.74161868
177.77432006 -37.74221532
177.77396898 -37.74281196
177.77327560 -37.74340358
177.77258220 -37.74399519
177.77139133 -37.74445251
177.77020044 -37.74490981
177.76899280 -37.74511564
177.76900834 -37.74571629
177.76902387 -37.74631693
177.77003041 -37.74675963
177.77103696 -37.74720231
177.77204352 -37.74764498
177.77305010 -37.74808765
177.77458358 -37.74837240
177.77611707 -37.74865714
177.77670415 -37.74830273
177.77729122 -37.74794832
177.77751792 -37.74731810
177.77774462 -37.74668788
177.77779049 -37.74591009
177.77783636 -37.74513229
177.77909397 -37.74494366
177.78035158 -37.74475501
177.78123022 -37.74584308
177.78210890 -37.74693114
177.78237329 -37.74759890
177.78263769 -37.74826667
177.78286257 -37.74944041
177.78308746 -37.75061416
177.78359822 -37.75167889
177.78491886 -37.75170091
177.78577259 -37.75131584
177.78650950 -37.75064473
177.78724640 -37.74997361
177.78770111 -37.74910101
177.78815582 -37.74822840
177.78869780 -37.74756548
177.78923978 -37.74690256
177.79036156 -37.74635125
177.79148332 -37.74579994
177.79309219 -37.74570084
177.79470106 -37.74560172
177.79547055 -37.74591344
177.79624005 -37.74622516
177.79755632 -37.74616963
177.79887259 -37.74611409
177.79991651 -37.74699303
177.80096044 -37.74787197
177.80189761 -37.74833301
177.80283479 -37.74879405
177.80386855 -37.74981419
177.80490234 -37.75083432
177.80498764 -37.75151906
177.80507294 -37.75220380
177.80528042 -37.75300674
177.80548791 -37.75380967
177.80574076 -37.75472374
177.80599362 -37.75563780
177.80685793 -37.75605046
177.80772226 -37.75646311
177.80874485 -37.75651887
177.80974302 -37.75574921
177.81016100 -37.75464947
177.80984412 -37.75359704
177.81036402 -37.75295006
177.81197931 -37.75294430
177.81359459 -37.75293852
177.81506972 -37.75348620
177.81654486 -37.75403386
177.81717778 -37.75406963
177.81820366 -37.75406170
177.81922955 -37.75405376
177.81992865 -37.75402413
177.82102443 -37.75410138
177.82131554 -37.75495495
177.82247834 -37.75525614
177.82364115 -37.75555731
177.82480396 -37.75585848
177.82464564 -37.75697851
177.82340955 -37.75771129
177.82217344 -37.75844407
177.82100644 -37.75860247
177.81983943 -37.75876086
177.81979998 -37.75817406
177.81976052 -37.75758726
177.81957348 -37.75697892
177.81829783 -37.75698891
177.81716383 -37.75646420
177.81602984 -37.75593947
177.81489587 -37.75541474
177.81376192 -37.75488999
177.81262798 -37.75436523
177.81146894 -37.75445833
177.81074268 -37.75544452
177.81067541 -37.75644181
177.80976271 -37.75717297
177.80884999 -37.75790413
177.80800008 -37.75790455
177.80699708 -37.75728990
177.80599410 -37.75667525
177.80526802 -37.75585355
177.80454196 -37.75503185
177.80392861 -37.75422314
177.80331528 -37.75341442
177.80239566 -37.75270743
177.80147607 -37.75200043
177.80066371 -37.75189266
177.79975051 -37.75194897
177.79883732 -37.75200527
177.79769658 -37.75233753
177.79655583 -37.75266978
177.79551947 -37.75289106
177.79448310 -37.75311234
177.79381403 -37.75314055
177.79281615 -37.75293400
177.79194636 -37.75297066
177.79107657 -37.75300731
177.79040886 -37.75339060
177.78974114 -37.75377388
177.78904183 -37.75435383
177.78834251 -37.75493377
177.78685175 -37.75504980
177.78536099 -37.75516582
177.78521567 -37.75566916
177.78398796 -37.75604045
177.78316509 -37.75611058
177.78234223 -37.75618071
177.78114875 -37.75706551
177.77995524 -37.75795030
177.77911477 -37.75809217
177.77862197 -37.75875216
177.77860819 -37.75955184
177.77859441 -37.76035152
177.77905940 -37.76061610
177.77904444 -37.76139807
177.77902948 -37.76218004
177.77931840 -37.76248754
177.77929977 -37.76287899
177.77882322 -37.76311211
177.77815641 -37.76317564
177.77745182 -37.76267252
177.77742560 -37.76160815
177.77658273 -37.76171459
177.77615291 -37.76130646
177.77534992 -37.76134018
177.77454693 -37.76137390
177.77430951 -37.76049599
177.77321764 -37.76022218
177.77312114 -37.75944490
177.77395275 -37.75878593
177.77478435 -37.75812696
177.77561593 -37.75746798
177.77644750 -37.75680899
177.77727906 -37.75615000
177.77811060 -37.75549101
177.77894212 -37.75483201
177.77954063 -37.75441618
177.78013913 -37.75400035
177.78045582 -37.75338327
177.78161084 -37.75326368
177.78162917 -37.75219744
177.78111226 -37.75115371
177.78045946 -37.75075497
177.77940786 -37.75108331
177.77847366 -37.75149548
177.77753945 -37.75190765
177.77679297 -37.75211659
177.77584684 -37.75201427
177.77501800 -37.75165841
177.77394256 -37.75095775
177.77286714 -37.75025707
177.77196092 -37.75008202
177.77102306 -37.75010362
177.77008521 -37.75012521
177.76917428 -37.74987930
177.76826336 -37.74963338
177.76706264 -37.74976172
177.76659440 -37.75038869
177.76655664 -37.75109885
177.76657020 -37.75194181
177.76632937 -37.75215436
177.76531903 -37.75229793
177.76517425 -37.75331624
177.76437355 -37.75341727
177.76398779 -37.75400704
177.76353728 -37.75426210
177.76318274 -37.75490144
177.76361197 -37.75534212
177.76368902 -37.75583284
177.76324132 -37.75645139
177.76328107 -37.75704952
177.76387353 -37.75727167
177.76437971 -37.75753272
177.76469460 -37.75759009
177.76485334 -37.75830671
177.76501209 -37.75902334
177.76559055 -37.75939080
177.76616903 -37.75975825
177.76577473 -37.76083099
177.76637196 -37.76180936
177.76633715 -37.76228611
177.76550630 -37.76279623
177.76474168 -37.76280187
177.76397706 -37.76280750
177.76337495 -37.76375691
177.76277283 -37.76470631
177.76220903 -37.76523163
177.76164523 -37.76575694
177.76079688 -37.76650540
177.75994852 -37.76725385
177.75902330 -37.76784709
177.75809807 -37.76844032
177.75769911 -37.76874794
177.75688932 -37.76880335
177.75607953 -37.76885875
177.75604258 -37.76952757
177.75591453 -37.77004952
177.75534242 -37.77041785
177.75456107 -37.77049357
177.75421689 -37.77021047
177.75394342 -37.76998676
177.75313648 -37.76993885
177.75241911 -37.77008804
177.75162995 -37.77015026
177.75126101 -37.76997581
177.75129666 -37.76962220
177.75175729 -37.76910402
177.75305950 -37.76870520
177.75349215 -37.76868711
177.75370988 -37.76829056
177.75473457 -37.76820467
177.75575926 -37.76811877
177.75637121 -37.76794250
177.75690699 -37.76743577
177.75744276 -37.76692904
177.75830083 -37.76596756
177.75915886 -37.76500608
177.75915311 -37.76451124
177.75959775 -37.76385764
177.76004239 -37.76320404
177.76038292 -37.76231331
177.76072344 -37.76142257
177.76106395 -37.76053184
177.76140445 -37.75964110
177.76174495 -37.75875036
177.76208544 -37.75785962
177.76211383 -37.75711931
177.76214221 -37.75637900
177.76114254 -37.75592812
177.76002487 -37.75603651
177.75934187 -37.75626528
177.75865886 -37.75649404
177.75736612 -37.75688690
177.75683989 -37.75743246
177.75631366 -37.75797802
177.75548303 -37.75832073
177.75502499 -37.75901741
177.75418826 -37.75985311
177.75373629 -37.76034935
177.75328432 -37.76084559
177.75252592 -37.76081570
177.75176751 -37.76078581
177.75151301 -37.76045768
177.75178582 -37.75989194
177.75224595 -37.75981112
177.75261036 -37.75887199
177.75253298 -37.75829009
177.75252889 -37.75764354
177.75281187 -37.75723135
177.75355905 -37.75738490
177.75431845 -37.75772270
177.75490276 -37.75775986
177.75525290 -37.75719088
177.75598985 -37.75660572
177.75602441 -37.75595755
177.75718459 -37.75538937
177.75831573 -37.75505282
177.75940548 -37.75500721
177.76031513 -37.75453532
177.76122477 -37.75406341
177.76223612 -37.75319656
177.76324745 -37.75232969
177.76386310 -37.75188937
177.76435948 -37.75150281
177.76457368 -37.75056724
177.76420933 -37.75016798
177.76340826 -37.75012840
177.76313256 -37.74967665
177.76306639 -37.74914297
177.76358530 -37.74863355
177.76396311 -37.74829387
177.76407820 -37.74769047
177.76419330 -37.74708706
177.76447471 -37.74598374
177.76443153 -37.74533415
177.76438836 -37.74468457
177.76483041 -37.74399704
177.76521313 -37.74341763
177.76559585 -37.74283821
177.76556193 -37.74199458
177.76552802 -37.74115095
177.76487399 -37.74065020
177.76412343 -37.74036476
177.76337288 -37.74007931
177.76191377 -37.74014044
177.76150194 -37.74061543
177.76117153 -37.74098137
177.76031278 -37.74073565
177.75956569 -37.74016835
177.75866969 -37.73969531
177.75777371 -37.73922226
177.75759055 -37.73824403
177.75740740 -37.73726580
177.75722426 -37.73628757
177.75617670 -37.73558462
177.75511700 -37.73524010
177.75405730 -37.73489558
177.75299762 -37.73455104
177.75193795 -37.73420649
177.75128391 -37.73389835
177.75062987 -37.73359021
177.75015623 -37.73310679
177.74968260 -37.73262336
177.74941356 -37.73146043
177.74914453 -37.73029749
177.74827995 -37.72941867
177.74772774 -37.72919775
177.74688531 -37.72923294
177.74609735 -37.72835090
177.74474709 -37.72786848
177.74339686 -37.72738604
177.74204664 -37.72690358
177.74111766 -37.72621039
177.74098381 -37.72505705
177.74084995 -37.72390371
177.74048323 -37.72358353
177.73977390 -37.72330813
177.73906459 -37.72303273
177.73819419 -37.72206259
177.73732380 -37.72109245
177.73626954 -37.72070942
177.73521529 -37.72032638
177.73416106 -37.71994333
177.73310683 -37.71956027
177.73205261 -37.71917720
177.73098133 -37.71884566
177.72991006 -37.71851411
177.72883880 -37.71818256
177.72843204 -37.71725405
177.72716475 -37.71666632
177.72594981 -37.71628988
177.72464306 -37.71626798
177.72333631 -37.71624605
177.72264237 -37.71561919
177.72194845 -37.71499233
177.72136132 -37.71490126
177.72001596 -37.71528079
177.71915269 -37.71566971
177.71858779 -37.71609036
177.71802288 -37.71651100
177.71726666 -37.71655711
177.71651044 -37.71660321
177.71571907 -37.71695969
177.71526206 -37.71733172
177.71422398 -37.71731594
177.71364679 -37.71698683
177.71334194 -37.71629336
177.71263230 -37.71648461
177.71192265 -37.71667586
177.71110397 -37.71718055
177.71058655 -37.71776101
177.71060856 -37.71837795
177.71063057 -37.71899489
177.71137673 -37.71964065
177.71224558 -37.71989884
177.71336142 -37.71997024
177.71394057 -37.72032870
177.71436507 -37.72087010
177.71478958 -37.72141150
177.71507599 -37.72210574
177.71536241 -37.72279997
177.71617287 -37.72329593
177.71698334 -37.72379188
177.71761299 -37.72435417
177.71742417 -37.72486218
177.71638958 -37.72546413
177.71535498 -37.72606607
177.71501838 -37.72658021
177.71496655 -37.72720021
177.71491472 -37.72782021
177.71409207 -37.72826624
177.71354952 -37.72846528
177.71353351 -37.72934859
177.71386378 -37.72986448
177.71450807 -37.73036734
177.71515237 -37.73087020
177.71508013 -37.73146163
177.71466190 -37.73186146
177.71377690 -37.73248660
177.71269365 -37.73291401
177.71144526 -37.73308345
177.71022883 -37.73345751
177.70901239 -37.73383156
177.70828409 -37.73402355
177.70755579 -37.73421554
177.70615766 -37.73436171
177.70510165 -37.73464081
177.70445782 -37.73499109
177.70361926 -37.73576134
177.70309542 -37.73612131
177.70271507 -37.73704796
177.70196407 -37.73687334
177.70097577 -37.73711358
177.70029060 -37.73719176
177.69974690 -37.73751326
177.69941376 -37.73817492
177.69866599 -37.73825567
177.69777025 -37.73799368
177.69740777 -37.73820801
177.69706809 -37.73877025
177.69648458 -37.73944225
177.69575959 -37.73987090
177.69502972 -37.74022499
177.69429983 -37.74057908
177.69387800 -37.74084569
177.69371628 -37.74125106
177.69355130 -37.74160674
177.69288561 -37.74198308
177.69238816 -37.74205346
177.69210851 -37.74161647
177.69166714 -37.74158485
177.69123878 -37.74175205
177.69038206 -37.74208643
177.68913354 -37.74218778
177.68773707 -37.74194636
177.68705835 -37.74212387
177.68690309 -37.74262864
177.68709328 -37.74361753
177.68751434 -37.74429788
177.68814472 -37.74482009
177.68877511 -37.74534229
177.68965588 -37.74585416
177.69053666 -37.74636602
177.69106107 -37.74668657
177.69134633 -37.74722967
177.69109844 -37.74823664
177.69080461 -37.74902124
177.69051077 -37.74980584
177.69065110 -37.75045196
177.69119562 -37.75117017
177.69240950 -37.75166324
177.69344129 -37.75127499
177.69443363 -37.75123401
177.69476309 -37.75151667
177.69510547 -37.75199632
177.69521912 -37.75278169
177.69508145 -37.75352806
177.69456842 -37.75424056
177.69353660 -37.75462882
177.69257647 -37.75516225
177.69202147 -37.75523454
177.69200137 -37.75587730
177.69241222 -37.75645288
177.69312031 -37.75681868
177.69355053 -37.75768974
177.69366418 -37.75847511
177.69400658 -37.75895477
177.69446659 -37.75933080
177.69465841 -37.76035984
177.69443288 -37.76071480
177.69362328 -37.76069886
177.69314391 -37.76002734
177.69258366 -37.75995920
177.69216257 -37.76019720
177.69129568 -37.76029602
177.69132862 -37.76079893
177.69198884 -37.76118140
177.69231998 -37.76138835
177.69234057 -37.76170267
177.69279255 -37.76193615
177.69317359 -37.76229862
177.69318341 -37.76305462
177.69301634 -37.76353428
177.69222242 -37.76353553
177.69184756 -37.76326735
177.69109530 -37.76329840
177.69088450 -37.76371681
177.69090484 -37.76433055
177.69092518 -37.76494430
177.69087069 -37.76532475
177.69109748 -37.76575663
177.69135563 -37.76606114
177.69164719 -37.76626973
177.69164671 -37.76686857
177.69113767 -37.76758295
177.69047073 -37.76770502
177.68992669 -37.76788505
177.68970925 -37.76827620
177.68941300 -37.76847245
177.68871940 -37.76850106
177.68803830 -37.76813042
177.68765347 -37.76756353
177.68748583 -37.76677299
177.68733420 -37.76622715
177.68666515 -37.76604004
177.68582544 -37.76619734
177.68476655 -37.76654770
177.68443376 -37.76677611
177.68378670 -37.76692546
177.68320871 -37.76694927
177.68230592 -37.76732384
177.68193659 -37.76758442
177.68162378 -37.76811872
177.68140203 -37.76886396
177.68096306 -37.76983285
177.68055317 -37.77006443
177.67980047 -37.77037146
177.67898269 -37.77086519
177.67817288 -37.77148127
177.67752719 -37.77224395
177.67741500 -37.77289266
177.67735932 -37.77381509
177.67705644 -37.77450232
177.67584723 -37.77492012
177.67446189 -37.77500776
177.67300740 -37.77498666
177.67224104 -37.77539586
177.67169378 -37.77592194
177.67143201 -37.77677203
177.67090930 -37.77767479
177.67004836 -37.77825572
177.66943605 -37.77859562
177.66882373 -37.77893552
177.66745543 -37.77903367
177.66666172 -37.77902428
177.66630351 -37.77920685
177.66608076 -37.77984549
177.66575253 -37.78048845
177.66534158 -37.78067318
177.66476424 -37.78073884
177.66387049 -37.78081747
177.66335406 -37.78100652
177.66282033 -37.78174184
177.66232793 -37.78270627
177.66183553 -37.78367070
177.66150044 -37.78420901
177.66116535 -37.78474733
177.66040427 -37.78524016
177.65999599 -37.78546672
177.65923131 -37.78549806
177.65846662 -37.78552940
177.65795559 -37.78580213
177.65740543 -37.78628630
177.65684709 -37.78664490
177.65554804 -37.78690943
177.65529458 -37.78722416
177.65533688 -37.78787461
177.65596894 -37.78832699
177.65660100 -37.78877937
177.65672793 -37.78941937
177.65685486 -37.79005938
177.65766459 -37.79017094
177.65847433 -37.79028250
177.65952677 -37.79076043
177.66034591 -37.79101632
177.66149877 -37.79079538
177.66182685 -37.79023193
177.66215492 -37.78966848
177.66338428 -37.78950227
177.66406166 -37.78982185
177.66461234 -37.79043610
177.66516304 -37.79105035
177.66542082 -37.79164766
177.66567861 -37.79224498
177.66594769 -37.79301551
177.66621678 -37.79378605
177.66642064 -37.79467505
177.66662450 -37.79556405
177.66656428 -37.79631915
177.66650407 -37.79707425
177.66664458 -37.79811059
177.66740236 -37.79854264
177.66811246 -37.79880297
177.66882257 -37.79906328
177.66973592 -37.79908367
177.67064927 -37.79910406
177.67185368 -37.79911247
177.67305810 -37.79912088
177.67444066 -37.79906405
177.67574047 -37.79941587
177.67704029 -37.79976768
177.67866946 -37.80013487
177.68029865 -37.80050204
177.68141847 -37.80089016
177.68253831 -37.80127826
177.68340187 -37.80120736
177.68426542 -37.80113645
177.68498037 -37.80098592
177.68569532 -37.80083539
177.68656640 -37.80073895
177.68743748 -37.80064251
177.68897707 -37.80085147
177.69051666 -37.80106040
177.69160764 -37.80140890
177.69269863 -37.80175738
177.69346151 -37.80175617
177.69422439 -37.80175495
177.69482477 -37.80218421
177.69542515 -37.80261346
177.69629425 -37.80248677
177.69716336 -37.80236007
177.69853300 -37.80230349
177.69977423 -37.80261544
177.70046301 -37.80264751
177.70164082 -37.80199343
177.70257410 -37.80168242
177.70350738 -37.80137140
177.70478468 -37.80165152
177.70606199 -37.80193164
177.70744749 -37.80211645
177.70838837 -37.80250127
177.70870464 -37.80266979
177.70813165 -37.80323837
177.70691815 -37.80334914
177.70587271 -37.80369510
177.70591240 -37.80429884
177.70548759 -37.80480073
177.70512299 -37.80505797
177.70417020 -37.80449200
177.70341324 -37.80458385
177.70265627 -37.80467569
177.70194764 -37.80434176
177.70123902 -37.80400782
177.70001757 -37.80399777
177.69899284 -37.80382048
177.69796811 -37.80364318
177.69710954 -37.80384136
177.69625097 -37.80403954
177.69493753 -37.80433784
177.69410347 -37.80412819
177.69326942 -37.80391854
177.69235765 -37.80330530
177.69144590 -37.80269205
177.69056871 -37.80260620
177.68969153 -37.80252034
177.68851554 -37.80256883
177.68733955 -37.80261730
177.68650553 -37.80240760
177.68553938 -37.80252877
177.68457321 -37.80264994
177.68387332 -37.80292284
177.68256852 -37.80256978
177.68126373 -37.80221671
177.68044035 -37.80216925
177.67961696 -37.80212178
177.67830349 -37.80241989
177.67715211 -37.80206047
177.67561821 -37.80212355
177.67408431 -37.80218661
177.67297533 -37.80247626
177.67172966 -37.80224269
177.67048400 -37.80200911
177.66959901 -37.80229962
177.66871400 -37.80259012
177.66742239 -37.80291730
177.66657932 -37.80270516
177.66573626 -37.80249302
177.66508036 -37.80197164
177.66397589 -37.80198953
177.66287142 -37.80200741
177.66248997 -37.80251652
177.66132192 -37.80261924
177.66069212 -37.80302887
177.66006231 -37.80343849
177.65937247 -37.80398764
177.65868262 -37.80453679
177.65761548 -37.80512880
177.65701298 -37.80542763
177.65587044 -37.80539217
177.65472790 -37.80535670
177.65381989 -37.80627115
177.65349593 -37.80713426
177.65317196 -37.80799738
177.65308388 -37.80876860
177.65369217 -37.80962098
177.65420488 -37.81006605
177.65471759 -37.81051112
177.65476027 -37.81116733
177.65418616 -37.81190361
177.65423595 -37.81266919
177.65468864 -37.81325379
177.65514134 -37.81383839
177.65464326 -37.81468122
177.65359727 -37.81560130
177.65255126 -37.81652138
177.65146967 -37.81689460
177.65075477 -37.81706092
177.65003986 -37.81722723
177.64933383 -37.81753024
177.64862779 -37.81783325
177.64811440 -37.81802104
177.64716517 -37.81753056
177.64654866 -37.81702649
177.64593216 -37.81652241
177.64550344 -37.81634145
177.64469310 -37.81670535
177.64474878 -37.81756313
177.64463382 -37.81836172
177.64407514 -37.81874841
177.64351644 -37.81913510
177.64236051 -37.81931461
177.64155869 -37.81981045
177.64075686 -37.82030628
177.63993790 -37.82053817
177.63911893 -37.82077006
177.63808464 -37.82153999
177.63734574 -37.82236402
177.63660682 -37.82318805
177.63645715 -37.82405437
177.63638444 -37.82476315
177.63679418 -37.82559343
177.63695205 -37.82619871
177.63647126 -37.82701824
177.63595023 -37.82767472
177.63542919 -37.82833120
177.63499233 -37.82891367
177.63413439 -37.82894863
177.63327644 -37.82898359
177.63277574 -37.82858050
177.63260878 -37.82783442
177.63256319 -37.82713046
177.63251761 -37.82642649
177.63233242 -37.82539883
177.63171038 -37.82495363
177.63108834 -37.82450841
177.62998692 -37.82398861
177.62855786 -37.82390562
177.62814370 -37.82392248
177.62744432 -37.82319807
177.62674495 -37.82247365
177.62574371 -37.82166740
177.62449825 -37.82167101
177.62372610 -37.82165535
177.62289404 -37.82117159
177.62206199 -37.82068781
177.62146205 -37.82012402
177.62086212 -37.81956022
177.62082120 -37.81892664
177.62078028 -37.81829307
177.62085920 -37.81767816
177.62093811 -37.81706324
177.62147818 -37.81624136
177.62201823 -37.81541948
177.62232770 -37.81470109
177.62203650 -37.81386594
177.62204412 -37.81306571
177.62237480 -37.81267582
177.62322421 -37.81297067
177.62427992 -37.81278657
177.62443520 -37.81257753
177.62347751 -37.81194492
177.62263808 -37.81136619
177.62179867 -37.81078745
177.62089534 -37.81037827
177.62032070 -37.80972567
177.62082459 -37.80928271
177.62099894 -37.80868416
177.62073480 -37.80789219
177.62003694 -37.80763930
177.61969067 -37.80788314
177.61919073 -37.80798962
177.61808905 -37.80774716
177.61767709 -37.80753412
177.61750580 -37.80768468
177.61745343 -37.80827561
177.61740106 -37.80886654
177.61740931 -37.80955553
177.61655653 -37.81036565
177.61545567 -37.81069756
177.61462973 -37.81136297
177.61388892 -37.81222597
177.61322215 -37.81311469
177.61317662 -37.81409308
177.61376999 -37.81487321
177.61428661 -37.81502458
177.61519306 -37.81504523
177.61599118 -37.81507027
177.61581064 -37.81591565
177.61563010 -37.81676103
177.61575209 -37.81785596
177.61584585 -37.81891129
177.61593962 -37.81996663
177.61603145 -37.82062141
177.61612328 -37.82127620
177.61566530 -37.82217212
177.61520730 -37.82306803
177.61524283 -37.82361879
177.61561960 -37.82406367
177.61577382 -37.82465563
177.61592804 -37.82524759
177.61550068 -37.82581714
177.61455712 -37.82557933
177.61400218 -37.82596999
177.61324539 -37.82682900
177.61281504 -37.82735264
177.61238468 -37.82787629
177.61133721 -37.82782674
177.61059681 -37.82804083
177.60985640 -37.82825491
177.60909344 -37.82855869
177.60833047 -37.82886245
177.60788471 -37.82968727
177.60743893 -37.83051209
177.60816192 -37.83079338
177.60888491 -37.83107467
177.60894346 -37.83198337
177.60900202 -37.83289206
177.60906057 -37.83380076
177.60987769 -37.83432670
177.61008185 -37.83506385
177.61012977 -37.83580733
177.60996729 -37.83693204
177.60951454 -37.83719887
177.60935205 -37.83832359
177.60919468 -37.83892009
177.60903730 -37.83951660
177.60876074 -37.84008687
177.60848418 -37.84065714
177.60757462 -37.84112883
177.60655699 -37.84113900
177.60553936 -37.84114915
177.60412911 -37.84114414
177.60358622 -37.84122824
177.60306726 -37.84168407
177.60252436 -37.84176817
177.60180527 -37.84154880
177.60109815 -37.84151529
177.60064533 -37.84178208
177.59963367 -37.84188513
177.59853592 -37.84186740
177.59805122 -37.84163853
177.59728191 -37.84185599
177.59619610 -37.84202411
177.59518443 -37.84212711
177.59423894 -37.84204108
177.59311333 -37.84158961
177.59221414 -37.84100474
177.59185788 -37.84033583
177.59183401 -37.83996409
177.59211070 -37.83939385
177.59261778 -37.83875219
177.59232770 -37.83789425
177.59189731 -37.83729046
177.59064735 -37.83734092
177.58978005 -37.83725170
177.58915110 -37.83721497
177.58901076 -37.83746910
177.58905052 -37.83808868
177.58965703 -37.83899597
177.58855932 -37.83897815
177.58801642 -37.83906217
177.58795022 -37.83925120
177.58814225 -37.83980251
177.58802973 -37.84049035
177.58779405 -37.84108998
177.58755837 -37.84168961
177.58723928 -37.84282060
177.58664604 -37.84334147
177.58591244 -37.84411647
177.58588597 -37.84492507
177.58700762 -37.84531466
177.58741815 -37.84560869
177.58760556 -37.84649240
177.58853325 -37.84711665
177.58918218 -37.84746317
177.58930803 -37.84820350
177.58848434 -37.84879580
177.58851218 -37.84922951
177.58932932 -37.84975559
177.59045902 -37.85026906
177.59167483 -37.85090328
177.59302703 -37.85122138
177.59399254 -37.85161721
177.59466541 -37.85233544
177.59554883 -37.85267246
177.59683091 -37.85311759
177.59811300 -37.85356271
177.59908255 -37.85402045
177.60005212 -37.85447819
177.60100176 -37.85462613
177.60195141 -37.85477406
177.60227195 -37.85488532
177.60320646 -37.85540657
177.60414099 -37.85592781
177.60495034 -37.85632987
177.60594507 -37.85656912
177.60693982 -37.85680836
177.60813591 -37.85713262
177.60946433 -37.85707879
177.61032190 -37.85701297
177.61117947 -37.85694715
177.61187331 -37.85687407
177.61249884 -37.85723088
177.61313053 -37.85768297
177.61372533 -37.85756330
177.61457280 -37.85762447
177.61519836 -37.85798126
177.61570373 -37.85834292
177.61550026 -37.85892444
177.61483447 -37.85981134
177.61513022 -37.86065923
177.61637523 -37.86127751
177.61716881 -37.86143638
177.61796239 -37.86159525
177.61928454 -37.86154157
177.62027074 -37.86188369
177.62107973 -37.86228077
177.62188873 -37.86267785
177.62263764 -37.86307736
177.62338656 -37.86347687
177.62471490 -37.86351842
177.62592305 -37.86356484
177.62629598 -37.86374076
177.62714354 -37.86380183
177.62798493 -37.86376760
177.62881398 -37.86354278
177.62961834 -37.86293679
177.63042268 -37.86233079
177.63100515 -37.86202045
177.63230877 -37.86168074
177.63341048 -37.86101483
177.63451217 -37.86034892
177.63555065 -37.85963780
177.63616845 -37.85894382
177.63678624 -37.85824983
177.63773538 -37.85802005
177.63889926 -37.85800444
177.64006314 -37.85798882
177.64122702 -37.85797319
177.64192340 -37.85756260
177.64261977 -37.85715201
177.64394182 -37.85709804
177.64485250 -37.85720418
177.64576319 -37.85731031
177.64663545 -37.85775240
177.64790743 -37.85796054
177.64917942 -37.85816867
177.65036498 -37.85847952
177.65155055 -37.85879037
177.65227414 -37.85896610
177.65299774 -37.85914183
177.65394837 -37.85982157
177.65458283 -37.86061690
177.65521730 -37.86141223
177.65559349 -37.86221812
177.65596969 -37.86302402
177.65571682 -37.86411231
177.65546395 -37.86520059
177.65473570 -37.86594902
177.65400744 -37.86669744
177.65327916 -37.86744585
177.65282481 -37.86792641
177.65237046 -37.86840696
177.65191610 -37.86888751
177.65146173 -37.86936806
177.65091049 -37.86985257
177.65035924 -37.87033708
177.64980799 -37.87082158
177.64925672 -37.87130608
177.64863754 -37.87174202
177.64801835 -37.87217796
177.64739916 -37.87261390
177.64677995 -37.87304983
177.64593568 -37.87400825
177.64600222 -37.87503214
177.64657547 -37.87588135
177.64714873 -37.87673055
177.64707947 -37.87765732
177.64642226 -37.87850545
177.64576503 -37.87935357
177.64581161 -37.88007029
177.64664326 -37.88090895
177.64747492 -37.88174760
177.64890590 -37.88184313
177.65033689 -37.88193865
177.65180760 -37.88198120
177.65327832 -37.88202372
177.65474904 -37.88206623
177.65591666 -37.88209546
177.65708430 -37.88212467
177.65825193 -37.88215388
177.65941956 -37.88218307
177.66071804 -37.88223255
177.66201652 -37.88228202
177.66331501 -37.88233148
177.66405223 -37.88271191
177.66478945 -37.88309234
177.66595877 -37.88314706
177.66712809 -37.88320177
177.66774136 -37.88399791
177.66835465 -37.88479405
177.66896796 -37.88559018
177.66920186 -37.88619655
177.66943578 -37.88680292
177.66916631 -37.88763527
177.66889684 -37.88846761
177.66808157 -37.88788509
177.66726632 -37.88730256
177.66703242 -37.88669618
177.66679853 -37.88608981
177.66586749 -37.88571734
177.66508569 -37.88564673
177.66430389 -37.88557611
177.66311783 -37.88526541
177.66193178 -37.88495469
177.66114332 -37.88478166
177.66035485 -37.88460863
177.65956640 -37.88443560
177.65877794 -37.88426256
177.65798782 -37.88406391
177.65719770 -37.88386527
177.65640759 -37.88366661
177.65561748 -37.88346796
177.65418313 -37.88332131
177.65334844 -37.88343244
177.65251374 -37.88354357
177.65167905 -37.88365469
177.65084435 -37.88376580
177.64962709 -37.88396954
177.64840982 -37.88417326
177.64768332 -37.88428849
177.64695681 -37.88440371
177.64623031 -37.88451893
177.64550380 -37.88463414
177.64477729 -37.88474935
177.64405077 -37.88486455
177.64263637 -37.88502493
177.64122195 -37.88518529
177.63999467 -37.88523535
177.63876738 -37.88528539
177.63756482 -37.88471844
177.63724002 -37.88370508
177.63757442 -37.88287017
177.63830301 -37.88212185
177.63839897 -37.88160464
177.63822660 -37.88094437
177.63805423 -37.88028411
177.63815019 -37.87976690
177.63863700 -37.87928508
177.63912381 -37.87880326
177.63986823 -37.87879857
177.64061266 -37.87879388
177.64135709 -37.87878918
177.64210152 -37.87878447
177.64329736 -37.87924898
177.64365828 -37.87882361
177.64445468 -37.87812381
177.64525107 -37.87742400
177.64518453 -37.87640012
177.64466590 -37.87539468
177.64414729 -37.87438925
177.64383574 -37.87358068
177.64352420 -37.87277211
177.64393637 -37.87213933
177.64434853 -37.87150654
177.64555229 -37.87109808
177.64675604 -37.87068962
177.64776271 -37.87023785
177.64876937 -37.86978608
177.64911024 -37.86905353
177.64945110 -37.86832098
177.64966280 -37.86759370
177.64955827 -37.86698201
177.64945375 -37.86637032
177.64925801 -37.86535171
177.64906228 -37.86433310
177.64938981 -37.86339577
177.64971733 -37.86245844
177.65032311 -37.86181771
177.64900502 -37.86146094
177.64810433 -37.86154907
177.64720364 -37.86163720
177.64622174 -37.86147198
177.64523985 -37.86130676
177.64428262 -37.86052456
177.64350111 -37.86045380
177.64271960 -37.86038304
177.64160526 -37.86017186
177.64049092 -37.85996067
177.63920613 -37.86011573
177.63805712 -37.86036790
177.63705717 -37.86092197
177.63605720 -37.86147603
177.63493471 -37.86213773
177.63381219 -37.86279942
177.63313837 -37.86339150
177.63246453 -37.86398357
177.63238845 -37.86480795
177.63197954 -37.86549189
177.63157062 -37.86617583
177.63063511 -37.86672721
177.62969960 -37.86727859
177.62828549 -37.86743879
177.62687139 -37.86759897
177.62571559 -37.86774863
177.62455978 -37.86789829
177.62340398 -37.86804793
177.62259177 -37.86800394
177.62177956 -37.86795995
177.62096735 -37.86791595
177.62015514 -37.86787194
177.61887016 -37.86802678
177.61809520 -37.86805825
177.61732025 -37.86808970
177.61654529 -37.86812116
177.61577033 -37.86815261
177.61485960 -37.86808690
177.61394887 -37.86802118
177.61321536 -37.86769162
177.61248186 -37.86736206
177.61162251 -37.86708893
177.61076316 -37.86681579
177.60991373 -37.86669623
177.60906430 -37.86657666
177.60766336 -37.86694139
177.60717642 -37.86742308
177.60668948 -37.86790477
177.60613630 -37.86836347
177.60558311 -37.86882217
177.60502992 -37.86928087
177.60447672 -37.86973956
177.60372811 -37.87018050
177.60297950 -37.87062143
177.60303885 -37.87154296
177.60398259 -37.87212072
177.60448415 -37.87287036
177.60498572 -37.87362000
177.60504180 -37.87449033
177.60509788 -37.87536066
177.60484091 -37.87639765
177.60458394 -37.87743464
177.60402903 -37.87786774
177.60347411 -37.87830083
177.60243408 -37.87824025
177.60139406 -37.87817967
177.60011545 -37.87843670
177.59897260 -37.87879088
177.59800905 -37.87790590
177.59734010 -37.87757363
177.59667116 -37.87724136
177.59548222 -37.87687876
177.59429330 -37.87651615
177.59310439 -37.87615353
177.59191549 -37.87579089
177.59317434 -37.87522678
177.59443248 -37.87498776
177.59569062 -37.87474873
177.59694875 -37.87450969
177.59820686 -37.87427063
177.59946498 -37.87403156
177.60072308 -37.87379248
177.60124284 -37.87316453
177.60128975 -37.87222771
177.60133666 -37.87129088
177.60116969 -37.87036270
177.60050350 -37.87000717
177.59983732 -37.86965164
177.59906148 -37.86925804
177.59828565 -37.86886444
177.59689546 -37.86892063
177.59580974 -37.86870952
177.59463343 -37.86875704
177.59386035 -37.86840580
177.59308728 -37.86805454
177.59170256 -37.86819545
177.59119510 -37.86864090
177.59078369 -37.86891248
177.58983758 -37.86920564
177.58900385 -37.86957926
177.58807405 -37.87012673
177.58714424 -37.87067419
177.58689415 -37.87178919
177.58630689 -37.87266280
177.58597339 -37.87331370
177.58563988 -37.87396459
177.58519126 -37.87449264
177.58474264 -37.87502068
177.58369763 -37.87544527
177.58265262 -37.87586984
177.58176802 -37.87628795
177.58088340 -37.87670604
177.58026344 -37.87707098
177.57964347 -37.87743592
177.57878786 -37.87747036
177.57793225 -37.87750480
177.57692164 -37.87763046
177.57591104 -37.87775612
177.57462761 -37.87780774
177.57373752 -37.87814101
177.57284741 -37.87847427
177.57147871 -37.87886926
177.57080249 -37.87919391
177.57012627 -37.87951856
177.56929232 -37.87989204
177.56832972 -37.87993070
177.56736712 -37.87996936
177.56602205 -37.87989587
177.56467698 -37.87982237
177.56328114 -37.87979339
177.56221020 -37.88023924
177.56113925 -37.88068508
177.56006829 -37.88113091
177.55899731 -37.88157674
177.55792631 -37.88202255
177.55685531 -37.88246836
177.55578429 -37.88291415
177.55471326 -37.88335993
177.55421795 -37.88421491
177.55421492 -37.88535907
177.55421188 -37.88650322
177.55313373 -37.88619973
177.55205559 -37.88589622
177.55097746 -37.88559270
177.54989934 -37.88528917
177.54882122 -37.88498564
177.54774311 -37.88468209
177.54666502 -37.88437853
177.54558693 -37.88407496
177.54450885 -37.88377138
177.54343078 -37.88346780
177.54235271 -37.88316420
177.54127466 -37.88286059
177.54019661 -37.88255697
177.53911858 -37.88225334
177.53804055 -37.88194970
177.53696253 -37.88164606
177.53588452 -37.88134240
177.53480652 -37.88103873
177.53372853 -37.88073505
177.53265055 -37.88043136
177.53157257 -37.88012766
177.53049461 -37.87982395
177.52941665 -37.87952023
177.52833870 -37.87921651
177.52726076 -37.87891277
177.52618283 -37.87860902
177.52510491 -37.87830526
177.52402699 -37.87800149
177.52294909 -37.87769771
177.52187119 -37.87739392
177.52079331 -37.87709012
177.51971543 -37.87678631
177.51863756 -37.87648249
177.51755970 -37.87617866
177.51648185 -37.87587482
177.51540401 -37.87557097
177.51432617 -37.87526711
177.51324835 -37.87496324
177.51217053 -37.87465936
177.51109272 -37.87435547
177.51001493 -37.87405157
177.50893714 -37.87374766
177.50785935 -37.87344374
177.50678158 -37.87313981
177.50570382 -37.87283587
177.50462606 -37.87253191
177.50517632 -37.87174182
177.50572657 -37.87095172
177.50627681 -37.87016162
177.50682703 -37.86937152
177.50737724 -37.86858141
177.50792744 -37.86779131
177.50847763 -37.86700120
177.50902781 -37.86621108
177.50957797 -37.86542097
177.51012812 -37.86463085
177.51067827 -37.86384073
177.51122840 -37.86305061
177.51177851 -37.86226048
177.51232862 -37.86147035
177.51287871 -37.86068023
177.51342880 -37.85989009
177.51397887 -37.85909996
177.51452893 -37.85830982
177.51507897 -37.85751968
177.51562901 -37.85672954
177.51617903 -37.85593939
177.51672904 -37.85514925
177.51727904 -37.85435910
177.51782903 -37.85356894
177.51837901 -37.85277879
177.51892897 -37.85198863
177.51947893 -37.85119847
177.52002887 -37.85040831
177.52057880 -37.84961815
177.52112872 -37.84882798
177.52167862 -37.84803781
177.52222852 -37.84724764
177.52277840 -37.84645746
177.52332827 -37.84566729
177.52387813 -37.84487711
177.52442798 -37.84408692
177.52497781 -37.84329674
177.52552763 -37.84250655
177.52607745 -37.84171636
177.52662725 -37.84092617
177.52717704 -37.84013598
177.52772681 -37.83934578
177.52827658 -37.83855558
177.52882633 -37.83776538
177.52937607 -37.83697518
177.52992580 -37.83618497
177.53047552 -37.83539476
177.53102522 -37.83460455
177.53157492 -37.83381434
177.53212460 -37.83302412
177.53267427 -37.83223390
177.53322393 -37.83144368
177.53377358 -37.83065346
177.53432322 -37.82986323
177.53487284 -37.82907300
177.53542245 -37.82828277
177.53597205 -37.82749254
177.53652164 -37.82670230
177.53707122 -37.82591206
177.53762078 -37.82512182
177.53817034 -37.82433158
177.53871988 -37.82354133
177.53926941 -37.82275108
177.53981892 -37.82196083
177.54036843 -37.82117058
177.54091793 -37.82038032
177.54146741 -37.81959006
177.54201688 -37.81879980
177.54256634 -37.81800954
177.54311579 -37.81721927
177.54366522 -37.81642901
177.54421465 -37.81563874
177.54476406 -37.81484846
177.54531346 -37.81405819
177.54586285 -37.81326791
177.54641223 -37.81247763
177.54696159 -37.81168735
177.54751094 -37.81089706
177.54806029 -37.81010677
177.54860962 -37.80931648
177.54915893 -37.80852619
177.54970824 -37.80773590
177.55025754 -37.80694560
177.55080682 -37.80615530
177.55135609 -37.80536500
177.55190535 -37.80457469
177.55245460 -37.80378438
177.55300384 -37.80299407
177.55355306 -37.80220376
177.55410227 -37.80141345
177.55465147 -37.80062313
177.55520066 -37.79983281
177.55574984 -37.79904249
177.55629901 -37.79825216
177.55684816 -37.79746183
177.55739730 -37.79667150
177.55794643 -37.79588117
177.55849555 -37.79509084
177.55904466 -37.79430050
177.55959375 -37.79351016
177.56014284 -37.79271981
177.56069191 -37.79192947
177.56124097 -37.79113912
177.56179002 -37.79034877
177.56233906 -37.78955842
177.56288808 -37.78876806
177.56343709 -37.78797770
177.56398610 -37.78718734
177.56453509 -37.78639698
177.56508406 -37.78560662
177.56572585 -37.78486184
177.56636763 -37.78411707
177.56700939 -37.78337229
177.56765114 -37.78262751
177.56829288 -37.78188272
177.56893461 -37.78113794
177.56957632 -37.78039314
177.57021802 -37.77964835
177.57085970 -37.77890355
177.57150138 -37.77815875
177.57214303 -37.77741394
177.57278468 -37.77666913
177.57342632 -37.77592432
177.57406794 -37.77517950
177.57470954 -37.77443469
177.57535114 -37.77368986
177.57599272 -37.77294504
177.57663429 -37.77220021
177.57727585 -37.77145538
177.57791739 -37.77071054
177.57855892 -37.76996570
177.57920044 -37.76922086
177.57984194 -37.76847601
177.58048343 -37.76773116
177.58112491 -37.76698631
177.58176638 -37.76624145
177.58240783 -37.76549659
177.58304927 -37.76475173
177.58369069 -37.76400686
177.58433211 -37.76326199
177.58497351 -37.76251712
177.58561490 -37.76177224
177.58625627 -37.76102736
177.58689763 -37.76028248
177.58753898 -37.75953759
177.58818032 -37.75879270
177.58882164 -37.75804781
177.58946295 -37.75730291
177.59010425 -37.75655801
177.59074553 -37.75581311
177.59138680 -37.75506820
177.59202806 -37.75432329
177.59266930 -37.75357838
177.59331054 -37.75283346
177.59395175 -37.75208854
177.59459296 -37.75134362
177.59523416 -37.75059869
177.59587534 -37.74985376
177.59651650 -37.74910882
177.59715766 -37.74836389
177.59779880 -37.74761895
177.59843993 -37.74687400
177.59908104 -37.74612905
177.59972215 -37.74538410
177.60036324 -37.74463915
177.60100431 -37.74389419
177.60164538 -37.74314923
177.60228643 -37.74240426
177.60292747 -37.74165929
177.60356850 -37.74091432
177.60420951 -37.74016934
177.60485051 -37.73942436
177.60549150 -37.73867938
177.60613248 -37.73793439
177.60677344 -37.73718940
177.60741439 -37.73644441
177.60805533 -37.73569941
177.60869625 -37.73495441
177.60933716 -37.73420941
177.60997806 -37.73346440
177.61061894 -37.73271939
177.61125981 -37.73197438
177.61190067 -37.73122936
177.61254152 -37.73048434
177.61318235 -37.72973932
177.61382317 -37.72899429
177.61446398 -37.72824926
177.61510477 -37.72750422
177.61574555 -37.72675919
177.61638632 -37.72601415
177.61702708 -37.72526910
177.61766782 -37.72452406
177.61830855 -37.72377900
177.61894927 -37.72303395
177.61958997 -37.72228889
177.62023066 -37.72154383
177.62087134 -37.72079877
177.62151200 -37.72005370
177.62215265 -37.71930863
177.62279329 -37.71856355
177.62343392 -37.71781848
177.62407453 -37.71707340
177.62471513 -37.71632831
177.62535572 -37.71558322
177.62599629 -37.71483813
177.62663685 -37.71409304
177.62727740 -37.71334794
177.62791794 -37.71260284
177.62855846 -37.71185773
177.62919897 -37.71111263
177.62983947 -37.71036751
177.63047995 -37.70962240
177.63112042 -37.70887728
177.63176088 -37.70813216
177.63240132 -37.70738703
177.63304175 -37.70664191
177.63368217 -37.70589677
177.63432258 -37.70515164
177.63496297 -37.70440650
177.63560335 -37.70366136
177.63624372 -37.70291621
177.63688407 -37.70217106
177.63752442 -37.70142591
177.63816475 -37.70068076
177.63880506 -37.69993560
177.63944536 -37.69919044
177.64008565 -37.69844527
177.64072594 -37.69770010
177.64136621 -37.69695493
177.64200647 -37.69620975
177.64264672 -37.69546457
177.64328695 -37.69471938
177.64392717 -37.69397419
177.64456738 -37.69322900
177.64520757 -37.69248381
177.64584775 -37.69173861
177.64648792 -37.69099341
177.64712808 -37.69024821
177.64776822 -37.68950300
177.64840835 -37.68875779
177.64904847 -37.68801257
177.64968858 -37.68726735
177.65032867 -37.68652213
177.65096875 -37.68577691
177.65160881 -37.68503168
177.65224886 -37.68428645
177.65288890 -37.68354121
177.65352893 -37.68279598
177.65416895 -37.68205073
177.65480895 -37.68130549
177.65544894 -37.68056024
177.65608891 -37.67981499
177.65672887 -37.67906973
177.65736882 -37.67832448
177.65800876 -37.67757921
177.65864868 -37.67683395
177.65928860 -37.67608868
177.65992849 -37.67534341
177.66056838 -37.67459813
177.66120825 -37.67385286
177.66184811 -37.67310757
177.66248796 -37.67236229
177.66312779 -37.67161700
177.66376761 -37.67087171
177.66440742 -37.67012641
177.66504721 -37.66938111
177.66568700 -37.66863581
177.66632676 -37.66789051
177.66696652 -37.66714520
177.66760626 -37.66639989
177.66824599 -37.66565457
177.66888571 -37.66490925
177.66952542 -37.66416393
177.67016511 -37.66341860
177.67080479 -37.66267327
177.67144445 -37.66192794
177.67208411 -37.66118261
177.67272374 -37.66043727
177.67336337 -37.65969193
177.67400299 -37.65894658
177.67464259 -37.65820123
177.67528218 -37.65745588
177.67592175 -37.65671052
177.67656131 -37.65596516
177.67720086 -37.65521980
177.67823535 -37.65574386
177.67926985 -37.65626790
177.68030436 -37.65679194
177.68133889 -37.65731597
177.68237343 -37.65783999
177.68340798 -37.65836400
177.68444255 -37.65888800
177.68557353 -37.65944588
177.68670452 -37.66000375
177.68768965 -37.66047166
177.68867479 -37.66093956
177.68965995 -37.66140745
177.69064512 -37.66187533
177.69163030 -37.66234320
177.69261550 -37.66281106
177.69360070 -37.66327891
177.69458592 -37.66374676
177.69557115 -37.66421460
177.69655640 -37.66468243
177.69754165 -37.66515025
177.69852692 -37.66561806
177.69951220 -37.66608586
177.70049750 -37.66655366
177.70148280 -37.66702144
177.70246813 -37.66748922
177.70345346 -37.66795698
177.70443880 -37.66842474
177.70542416 -37.66889249
177.70640953 -37.66936023
177.70739492 -37.66982796
177.70838031 -37.67029569
177.70936572 -37.67076341
177.71035114 -37.67123111
177.71133657 -37.67169881
177.71232202 -37.67216650
177.71330747 -37.67263418
177.71429294 -37.67310186
177.71527843 -37.67356952
177.71626392 -37.67403718
177.71724943 -37.67450483
177.71823495 -37.67497247
177.71922048 -37.67544010
177.72020603 -37.67590772
177.72119158 -37.67637533
177.72217716 -37.67684294
177.72316274 -37.67731053
177.72414833 -37.67777812
177.72513394 -37.67824570
177.72611956 -37.67871327
177.72710519 -37.67918084
177.72809084 -37.67964839
177.72907649 -37.68011594
177.73006216 -37.68058347
177.72988076 -37.68103931