174.838345 -41.063170
174.839030 -41.063722
174.839867 -41.064387
174.840856 -41.064904
174.842290 -41.065342
174.843120 -41.065297
174.843951 -41.065253
174.845269 -41.064908
174.846111 -41.064872
174.846954 -41.064837
174.848155 -41.064877
174.849151 -41.065170
174.850286 -41.065541
174.851016 -41.066176
174.851754 -41.066930
174.852590 -41.067686
174.852668 -41.068350
174.852973 -41.069044
174.853270 -41.069903
174.853691 -41.070685
174.854166 -41.071192
174.854642 -41.071699
174.855425 -41.072281
174.856110 -41.072617
174.856986 -41.072370
174.857744 -41.072039
174.858389 -41.071767
174.858610 -41.071415
174.858696 -41.070397
174.858820 -41.069349
174.858797 -41.068507
174.858821 -41.067984
174.859013 -41.068010
174.859367 -41.068324
174.859989 -41.068604
174.860349 -41.069121
174.860402 -41.069643
174.860156 -41.070432
174.859953 -41.071422
174.860005 -41.071886
174.860204 -41.072144
174.860210 -41.072377
174.859529 -41.072707
174.859150 -41.072888
174.858928 -41.073182
174.858884 -41.073716
174.859196 -41.074362
174.859627 -41.074922
174.860059 -41.075483
174.860679 -41.075862
174.861300 -41.076241
174.862186 -41.077149
174.862215 -41.077899
174.862252 -41.078615
174.862289 -41.079331
174.862313 -41.079935
174.862337 -41.080540
174.862452 -41.081681
174.862903 -41.082137
174.863816 -41.082438
174.864503 -41.082372
174.864830 -41.082227
174.865071 -41.081650
174.865029 -41.081197
174.865031 -41.080717
174.864988 -41.080039
174.865092 -41.079543
174.865454 -41.079198
174.866173 -41.079048
174.866331 -41.078329
174.867184 -41.077712
174.867741 -41.076879
174.867882 -41.076019
174.867978 -41.075024
174.868207 -41.074568
174.868672 -41.074244
174.869237 -41.074323
174.869949 -41.074264
174.870614 -41.074214
174.871199 -41.073787
174.871893 -41.073151
174.872587 -41.072514
174.873112 -41.071584
174.873636 -41.070655
174.873930 -41.069677
174.874224 -41.068699
174.874227 -41.067987
174.874230 -41.067274
174.874030 -41.066722
174.873655 -41.066450
174.873647 -41.066172
174.874003 -41.065749
174.874306 -41.065118
174.874357 -41.064475
174.874408 -41.063831
174.874059 -41.062864
174.873712 -41.061966
174.873600 -41.061255
174.873488 -41.060544
174.873426 -41.059955
174.873363 -41.059365
174.873065 -41.058570
174.872839 -41.058570
174.872226 -41.058767
174.871071 -41.058755
174.869916 -41.058742
174.868863 -41.058766
174.868233 -41.058686
174.867817 -41.058510
174.867097 -41.058257
174.866108 -41.058273
174.865492 -41.058377
174.865044 -41.058571
174.864606 -41.059109
174.864329 -41.059551
174.863881 -41.059745
174.863466 -41.059658
174.863331 -41.059254
174.863401 -41.058816
174.863517 -41.058533
174.863673 -41.058219
174.863666 -41.057969
174.863361 -41.057381
174.863230 -41.057133
174.863265 -41.056914
174.863342 -41.056694
174.863623 -41.056440
174.863865 -41.056249
174.864190 -41.056056
174.864431 -41.055834
174.864545 -41.055489
174.864656 -41.055050
174.864813 -41.054766
174.865343 -41.054539
174.865760 -41.054218
174.865974 -41.053530
174.865991 -41.052656
174.866126 -41.051592
174.866168 -41.051200
174.866472 -41.050959
174.866914 -41.050743
174.867412 -41.050446
174.867992 -41.050114
174.868358 -41.049772
174.868614 -41.049460
174.868825 -41.049053
174.869473 -41.048911
174.869675 -41.048348
174.869874 -41.047685
174.869907 -41.047323
174.869812 -41.047028
174.869891 -41.046730
174.870279 -41.046625
174.870808 -41.046847
174.871119 -41.047072
174.871727 -41.047030
174.872410 -41.046557
174.873309 -41.046048
174.874160 -41.045343
174.874597 -41.045036
174.874961 -41.044880
174.875422 -41.044736
174.875441 -41.044466
174.875506 -41.044265
174.875672 -41.044039
174.875986 -41.043977
174.876263 -41.043854
174.876408 -41.043704
174.876692 -41.042927
174.876982 -41.042382
174.877273 -41.041837
174.878268 -41.040971
174.878866 -41.040348
174.879623 -41.039708
174.880404 -41.039024
174.880890 -41.038677
174.881343 -41.038354
174.881787 -41.037797
174.882256 -41.037229
174.882694 -41.036324
174.882898 -41.035537
174.883366 -41.034942
174.884065 -41.034189
174.884379 -41.033492
174.884693 -41.032795
174.885110 -41.032275
174.885461 -41.031840
174.885734 -41.031427
174.886081 -41.030861
174.886586 -41.030276
174.887451 -41.030118
174.887730 -41.030198
174.887844 -41.030280
174.887963 -41.030572
174.887974 -41.030949
174.887651 -41.031290
174.887333 -41.031799
174.887523 -41.032636
174.887976 -41.032964
174.888420 -41.032999
174.888855 -41.032698
174.889285 -41.032229
174.889824 -41.031675
174.890368 -41.031330
174.891088 -41.031318
174.891504 -41.031470
174.892489 -41.031829
174.893541 -41.031870
174.894295 -41.031835
174.894557 -41.031705
174.894696 -41.031469
174.895020 -41.031170
174.895458 -41.030995
174.895815 -41.030814
174.896115 -41.030780
174.896343 -41.030834
174.896730 -41.031227
174.897016 -41.031992
174.896940 -41.032621
174.896864 -41.033250
174.896694 -41.033894
174.896355 -41.034541
174.895543 -41.035020
174.894244 -41.035175
174.893532 -41.035134
174.893038 -41.034891
174.892727 -41.034535
174.892528 -41.034167
174.892258 -41.034080
174.891939 -41.033952
174.891421 -41.033909
174.890932 -41.033946
174.889850 -41.034292
174.889001 -41.034918
174.888166 -41.035651
174.887758 -41.036056
174.887145 -41.036536
174.886577 -41.037097
174.886816 -41.037550
174.887497 -41.037653
174.887910 -41.037617
174.888594 -41.037460
174.889250 -41.037404
174.889815 -41.037315
174.890341 -41.036979
174.890979 -41.036911
174.891621 -41.036958
174.892010 -41.037408
174.891888 -41.038408
174.891344 -41.038905
174.890691 -41.039207
174.889906 -41.039527
174.888974 -41.039873
174.888305 -41.040127
174.887919 -41.040676
174.887753 -41.041357
174.887831 -41.042247
174.887289 -41.042813
174.886542 -41.042983
174.886025 -41.042393
174.885075 -41.042211
174.884336 -41.042304
174.884031 -41.042750
174.884047 -41.043311
174.884143 -41.043925
174.884094 -41.044595
174.884171 -41.045188
174.884282 -41.045974
174.884199 -41.046797
174.884070 -41.047842
174.883941 -41.048887
174.883813 -41.049972
174.883438 -41.050286
174.882979 -41.050467
174.882293 -41.050558
174.881765 -41.050302
174.881209 -41.049921
174.880406 -41.049353
174.879231 -41.049034
174.878171 -41.049021
174.876963 -41.049401
174.876506 -41.050091
174.876422 -41.050854
174.877344 -41.051641
174.877946 -41.052313
174.878547 -41.052945
174.878704 -41.053479
174.878665 -41.054009
174.879026 -41.054902
174.879407 -41.055247
174.879159 -41.055862
174.878533 -41.056193
174.877742 -41.056326
174.877062 -41.056618
174.876596 -41.057027
174.876357 -41.057913
174.876336 -41.059076
174.876470 -41.060037
174.876702 -41.060755
174.876873 -41.061193
174.876747 -41.062358
174.877249 -41.063232
174.877540 -41.064150
174.877483 -41.064953
174.877426 -41.065756
174.877508 -41.066757
174.877048 -41.067366
174.876836 -41.068120
174.876625 -41.068805
174.876586 -41.069587
174.876460 -41.070460
174.876184 -41.071085
174.875908 -41.071711
174.875535 -41.071994
174.875108 -41.072457
174.874892 -41.072980
174.874295 -41.073888
174.874020 -41.074593
174.873609 -41.075041
174.872842 -41.076016
174.872596 -41.076702
174.873209 -41.077775
174.873850 -41.077925
174.874276 -41.077998
174.875226 -41.077862
174.876008 -41.077408
174.876100 -41.077522
174.876177 -41.077634
174.876494 -41.078305
174.875918 -41.078991
174.875336 -41.079508
174.875347 -41.079903
174.874230 -41.079921
174.873029 -41.080017
174.871812 -41.080524
174.871089 -41.081099
174.870795 -41.081439
174.870582 -41.081959
174.870668 -41.083080
174.870760 -41.083698
174.870628 -41.084292
174.870496 -41.084887
174.869696 -41.085576
174.869008 -41.086134
174.868767 -41.086291
174.868082 -41.086850
174.867802 -41.087129
174.867283 -41.087645
174.866898 -41.088175
174.866780 -41.088532
174.866614 -41.088745
174.866345 -41.088915
174.866443 -41.089389
174.866688 -41.089817
174.866883 -41.090345
174.867073 -41.090998
174.867212 -41.091763
174.867164 -41.092110
174.867375 -41.092470
174.867907 -41.092732
174.868175 -41.093049
174.868378 -41.093683
174.868671 -41.094755
174.868698 -41.095717
174.868816 -41.095913
174.869082 -41.096051
174.869256 -41.096408
174.869807 -41.096928
174.869882 -41.097160
174.870028 -41.097431
174.870272 -41.097520
174.870491 -41.097379
174.870625 -41.096910
174.870725 -41.096359
174.871088 -41.095739
174.871524 -41.095489
174.872122 -41.095327
174.872921 -41.095101
174.873271 -41.094700
174.873692 -41.093932
174.873874 -41.093260
174.874186 -41.092889
174.874695 -41.092425
174.875292 -41.092172
174.876011 -41.092008
174.876843 -41.091887
174.877603 -41.091784
174.878009 -41.091691
174.878195 -41.091586
174.878785 -41.091199
174.879232 -41.090837
174.879368 -41.090489
174.879580 -41.090185
174.880401 -41.089373
174.881556 -41.088618
174.882297 -41.088252
174.883459 -41.088140
174.884410 -41.087995
174.885103 -41.087812
174.885878 -41.087480
174.886653 -41.087148
174.887507 -41.086754
174.888360 -41.086359
174.889399 -41.086099
174.890121 -41.086057
174.891219 -41.086233
174.892106 -41.085775
174.892994 -41.085317
174.893975 -41.085062
174.894646 -41.084638
174.895263 -41.084303
174.895747 -41.083986
174.896375 -41.083377
174.896516 -41.082706
174.896547 -41.082353
174.897108 -41.081783
174.897791 -41.081247
174.898222 -41.080668
174.899071 -41.080126
174.899790 -41.079617
174.900170 -41.079156
174.900325 -41.078662
174.900247 -41.078166
174.900296 -41.077846
174.900612 -41.077578
174.901377 -41.077106
174.902220 -41.076752
174.903504 -41.076845
174.904195 -41.077390
174.904071 -41.078002
174.903861 -41.078517
174.903479 -41.078976
174.903292 -41.079399
174.903120 -41.079727
174.903140 -41.079917
174.903199 -41.080232
174.903473 -41.080571
174.903513 -41.080865
174.903291 -41.081152
174.902820 -41.081241
174.902350 -41.081277
174.901826 -41.081388
174.901450 -41.081654
174.901012 -41.081945
174.900493 -41.082167
174.900235 -41.082500
174.899858 -41.082852
174.899742 -41.083367
174.899555 -41.083918
174.899193 -41.084478
174.898653 -41.084887
174.898166 -41.085111
174.897776 -41.085459
174.897495 -41.085862
174.897019 -41.086391
174.896498 -41.086745
174.896020 -41.087130
174.895716 -41.087555
174.895418 -41.087778
174.895130 -41.088196
174.895971 -41.088776
174.896812 -41.089356
174.897759 -41.090101
174.898206 -41.090276
174.898929 -41.090183
174.899787 -41.090115
174.900605 -41.089911
174.901206 -41.089603
174.901691 -41.089053
174.901963 -41.088533
174.902275 -41.088176
174.902489 -41.088118
174.902779 -41.088249
174.903355 -41.088321
174.903928 -41.088311
174.904178 -41.088307
174.904290 -41.088441
174.903978 -41.088826
174.903665 -41.089129
174.903428 -41.089621
174.903337 -41.090192
174.903457 -41.090651
174.903619 -41.091272
174.904052 -41.091400
174.904664 -41.091471
174.905282 -41.091786
174.905749 -41.091833
174.906030 -41.091639
174.906662 -41.091194
174.906831 -41.091117
174.907582 -41.090772
174.908399 -41.090397
174.908693 -41.090274
174.909276 -41.090185
174.910292 -41.090113
174.910641 -41.089955
174.910783 -41.089647
174.910820 -41.089189
174.911560 -41.088644
174.912141 -41.087833
174.912678 -41.087215
174.913266 -41.086671
174.913292 -41.085794
174.913226 -41.085262
174.912914 -41.084924
174.912551 -41.084587
174.912083 -41.084061
174.911516 -41.083613
174.910899 -41.083203
174.910790 -41.082900
174.910727 -41.082482
174.911276 -41.082282
174.911781 -41.082350
174.912044 -41.082727
174.912605 -41.082947
174.913213 -41.083089
174.913868 -41.083078
174.914264 -41.082843
174.914324 -41.082288
174.914461 -41.081489
174.914831 -41.081049
174.915308 -41.081017
174.915540 -41.081327
174.915394 -41.081788
174.915535 -41.082244
174.915926 -41.082551
174.916217 -41.082667
174.916951 -41.082679
174.917646 -41.082450
174.917884 -41.081867
174.918349 -41.081425
174.919197 -41.080952
174.920138 -41.080430
174.921080 -41.079908
174.922066 -41.079288
174.923053 -41.078668
174.923674 -41.078103
174.924296 -41.077538
174.924981 -41.076971
174.925666 -41.076405
174.926256 -41.075876
174.926847 -41.075347
174.927503 -41.074878
174.928023 -41.074121
174.928229 -41.073539
174.928499 -41.072955
174.928577 -41.072326
174.928398 -41.071654
174.928576 -41.071192
174.929014 -41.070919
174.929803 -41.070641
174.930398 -41.070269
174.930481 -41.069833
174.930434 -41.069303
174.930454 -41.068917
174.930851 -41.068662
174.931444 -41.068302
174.931828 -41.068081
174.932282 -41.067805
174.932449 -41.067452
174.932472 -41.067022
174.932460 -41.066619
174.932687 -41.066347
174.932950 -41.066201
174.933307 -41.066007
174.933273 -41.065646
174.933166 -41.065263
174.933119 -41.064861
174.932939 -41.064757
174.932718 -41.064492
174.932705 -41.064062
174.932765 -41.063194
174.932824 -41.062327
174.932831 -41.061519
174.932996 -41.060894
174.933357 -41.060726
174.933204 -41.060705
174.932864 -41.060573
174.932829 -41.060412
174.932881 -41.060088
174.932988 -41.059578
174.933216 -41.059021
174.933474 -41.058485
174.933884 -41.057902
174.934263 -41.057318
174.934562 -41.057106
174.935205 -41.057210
174.935425 -41.057437
174.936192 -41.057586
174.936583 -41.057418
174.936845 -41.056975
174.937752 -41.056729
174.938606 -41.056726
174.939459 -41.056724
174.939740 -41.056950
174.939602 -41.057437
174.939797 -41.057849
174.940501 -41.057929
174.941231 -41.057871
174.942020 -41.057765
174.942314 -41.057368
174.943145 -41.056616
174.943793 -41.055843
174.944051 -41.055125
174.944354 -41.054478
174.944707 -41.053814
174.944724 -41.053309
174.944730 -41.052917
174.945210 -41.052142
174.945536 -41.051480
174.945874 -41.050624
174.946312 -41.049791
174.946829 -41.049381
174.947952 -41.049338
174.948677 -41.049275
174.949027 -41.048794
174.949176 -41.048241
174.948991 -41.047568
174.948769 -41.046771
174.948949 -41.046142
174.949331 -41.045635
174.949787 -41.045427
174.950041 -41.045048
174.950088 -41.044396
174.950308 -41.044017
174.950734 -41.043885
174.951265 -41.043951
174.951506 -41.044297
174.951878 -41.044591
174.952354 -41.045034
174.952776 -41.045878
174.952630 -41.046531
174.952686 -41.047331
174.952853 -41.047928
174.953019 -41.048526
174.953173 -41.049274
174.953328 -41.050023
174.953251 -41.050775
174.953003 -41.051355
174.952414 -41.051540
174.952364 -41.052116
174.952277 -41.052518
174.951920 -41.052796
174.951602 -41.053155
174.951453 -41.053733
174.951465 -41.054133
174.951377 -41.054510
174.951051 -41.054666
174.950428 -41.054769
174.950316 -41.055145
174.950164 -41.056269
174.950214 -41.056922
174.949877 -41.058049
174.948848 -41.058744
174.948550 -41.059123
174.948225 -41.059596
174.947907 -41.060348
174.947409 -41.061245
174.947438 -41.062225
174.947826 -41.063047
174.947928 -41.063421
174.948084 -41.063695
174.947799 -41.063892
174.946955 -41.064043
174.946196 -41.064368
174.945647 -41.064797
174.945234 -41.065354
174.945007 -41.065798
174.944831 -41.066232
174.944523 -41.066962
174.944294 -41.067043
174.943909 -41.067050
174.943268 -41.067119
174.942765 -41.067477
174.942190 -41.068032
174.941945 -41.068490
174.942013 -41.069617
174.941950 -41.069886
174.941496 -41.070135
174.940725 -41.070471
174.940026 -41.070832
174.939296 -41.071354
174.939023 -41.071735
174.939014 -41.072621
174.939038 -41.073453
174.939372 -41.073495
174.940086 -41.073210
174.940748 -41.073199
174.941175 -41.073374
174.941375 -41.074009
174.941276 -41.074740
174.940689 -41.075297
174.940103 -41.075853
174.939290 -41.076550
174.938478 -41.077246
174.937746 -41.077604
174.937014 -41.077963
174.936283 -41.078321
174.935551 -41.078680
174.935030 -41.078689
174.934783 -41.078450
174.934649 -41.077997
174.934084 -41.077885
174.933567 -41.078045
174.933018 -41.078449
174.932217 -41.079240
174.931935 -41.079829
174.931652 -41.080417
174.930919 -41.081348
174.930141 -41.082181
174.929855 -41.083134
174.929274 -41.083118
174.928762 -41.083101
174.928286 -41.083186
174.927918 -41.083451
174.927441 -41.083484
174.926996 -41.083440
174.926822 -41.083314
174.926778 -41.082979
174.926833 -41.082513
174.927160 -41.082042
174.927519 -41.081468
174.927274 -41.081265
174.926660 -41.081276
174.926183 -41.081309
174.925466 -41.081321
174.924819 -41.081358
174.924103 -41.081396
174.923699 -41.081583
174.923639 -41.081868
174.923585 -41.082386
174.923396 -41.082932
174.922867 -41.083509
174.922436 -41.083955
174.922105 -41.084322
174.922297 -41.085042
174.922104 -41.085459
174.921233 -41.086042
174.920264 -41.086781
174.919539 -41.087672
174.918889 -41.088517
174.918238 -41.089363
174.918140 -41.089646
174.918389 -41.089984
174.918688 -41.090200
174.919250 -41.090331
174.919729 -41.090077
174.920187 -41.089901
174.920958 -41.089692
174.921709 -41.089650
174.922371 -41.089755
174.922532 -41.089935
174.922438 -41.090339
174.921830 -41.090652
174.921589 -41.090873
174.921552 -41.091178
174.921547 -41.091609
174.921360 -41.092437
174.921224 -41.092771
174.921135 -41.093406
174.921054 -41.093919
174.921146 -41.094340
174.921283 -41.094498
174.921662 -41.094733
174.921673 -41.095115
174.921750 -41.095437
174.921978 -41.095602
174.922407 -41.095703
174.922655 -41.095852
174.922826 -41.096126
174.922793 -41.096387
174.922576 -41.096621
174.922333 -41.096641
174.922025 -41.096538
174.921738 -41.096420
174.921433 -41.096425
174.920988 -41.096479
174.920483 -41.096579
174.920183 -41.096707
174.919681 -41.096931
174.919249 -41.097414
174.919154 -41.097646
174.919226 -41.098736
174.919291 -41.099564
174.919336 -41.100439
174.919321 -41.100626
174.918951 -41.100722
174.918774 -41.100995
174.918775 -41.101261
174.918688 -41.101509
174.918647 -41.101927
174.918689 -41.102523
174.918603 -41.102973
174.918645 -41.103416
174.918885 -41.103612
174.919418 -41.103780
174.919800 -41.103796
174.920210 -41.103767
174.920885 -41.103778
174.921534 -41.103900
174.921839 -41.104273
174.921853 -41.104761
174.921750 -41.105251
174.921229 -41.105526
174.920645 -41.105602
174.919828 -41.105749
174.918809 -41.106032
174.918169 -41.106220
174.917767 -41.106537
174.917838 -41.106958
174.918290 -41.107372
174.919287 -41.108072
174.919446 -41.108588
174.919515 -41.109705
174.919583 -41.110823
174.919637 -41.111429
174.919691 -41.112035
174.919744 -41.112641
174.919798 -41.113247
174.919858 -41.114078
174.919918 -41.114909
174.919846 -41.114910
174.919373 -41.114781
174.918936 -41.114625
174.918467 -41.114605
174.917928 -41.114696
174.917717 -41.114863
174.917410 -41.115469
174.917125 -41.115610
174.916647 -41.115290
174.916343 -41.114750
174.916253 -41.114124
174.916304 -41.113414
174.916251 -41.112815
174.915550 -41.112226
174.914963 -41.111648
174.914609 -41.111257
174.914299 -41.110813
174.914147 -41.110280
174.914177 -41.109762
174.914121 -41.109383
174.914027 -41.109281
174.913683 -41.109235
174.913251 -41.109294
174.912676 -41.109148
174.912578 -41.108908
174.912501 -41.108633
174.912631 -41.108389
174.912788 -41.108283
174.913128 -41.108191
174.913332 -41.108153
174.913670 -41.107992
174.913961 -41.107814
174.914182 -41.107552
174.914279 -41.107262
174.914040 -41.106649
174.913127 -41.106427
174.912443 -41.106211
174.912283 -41.105872
174.911976 -41.105487
174.911513 -41.105255
174.910936 -41.105068
174.910525 -41.104941
174.910204 -41.104753
174.910131 -41.104296
174.909856 -41.104047
174.909085 -41.103873
174.908442 -41.103927
174.907950 -41.104118
174.907467 -41.104367
174.906818 -41.104741
174.905864 -41.104984
174.904396 -41.105054
174.903318 -41.105162
174.902753 -41.105353
174.902101 -41.105613
174.901267 -41.105854
174.900369 -41.105937
174.899034 -41.105879
174.897942 -41.105431
174.896790 -41.105030
174.895764 -41.104743
174.894544 -41.104985
174.893955 -41.105076
174.893250 -41.105204
174.892266 -41.105290
174.891718 -41.105533
174.891265 -41.105866
174.890774 -41.105944
174.889877 -41.105842
174.888539 -41.105398
174.888250 -41.104983
174.888052 -41.104543
174.887681 -41.104479
174.886668 -41.104636
174.885754 -41.105024
174.885150 -41.105477
174.884598 -41.105565
174.884006 -41.105598
174.882787 -41.105469
174.881580 -41.105369
174.880608 -41.105084
174.879942 -41.104442
174.879651 -41.103957
174.879601 -41.103294
174.879649 -41.103045
174.879979 -41.102562
174.880082 -41.102131
174.880608 -41.101458
174.881133 -41.100785
174.881877 -41.100205
174.882621 -41.099624
174.883180 -41.099073
174.883394 -41.098812
174.883573 -41.098458
174.883523 -41.098316
174.883319 -41.098206
174.883021 -41.098137
174.882581 -41.098217
174.882120 -41.098044
174.881306 -41.098041
174.880580 -41.098182
174.879738 -41.098603
174.878771 -41.099071
174.877768 -41.099588
174.876765 -41.100104
174.876032 -41.100538
174.874884 -41.101085
174.874243 -41.101448
174.874212 -41.102011
174.874257 -41.102655
174.874242 -41.103067
174.874042 -41.103398
174.873590 -41.103806
174.873330 -41.103961
174.872505 -41.104049
174.871669 -41.104218
174.870245 -41.104452
174.869529 -41.104590
174.868397 -41.104816
174.867465 -41.104925
174.866533 -41.105034
174.865977 -41.105162
174.865514 -41.105324
174.865179 -41.105634
174.864902 -41.106063
174.864731 -41.106636
174.864521 -41.107092
174.864165 -41.107421
174.863345 -41.108166
174.862479 -41.108979
174.862002 -41.109620
174.861601 -41.110030
174.861247 -41.110536
174.861232 -41.111442
174.861667 -41.112300
174.862355 -41.112596
174.862902 -41.112818
174.863318 -41.113120
174.863468 -41.113597
174.863201 -41.113773
174.862878 -41.113822
174.862498 -41.113872
174.862439 -41.114103
174.862401 -41.114574
174.862139 -41.115146
174.861370 -41.115658
174.860006 -41.116154
174.859699 -41.116296
174.859329 -41.116460
174.859047 -41.116624
174.858885 -41.116864
174.858880 -41.117215
174.858909 -41.117465
174.858970 -41.117716
174.859137 -41.118072
174.859298 -41.118409
174.859349 -41.118896
174.859236 -41.119460
174.858734 -41.120111
174.858369 -41.120478
174.857870 -41.120780
174.856801 -41.121376
174.856051 -41.121735
174.855237 -41.122022
174.854462 -41.122279
174.853738 -41.122291
174.853254 -41.122253
174.852832 -41.122260
174.852413 -41.122403
174.851702 -41.122871
174.851173 -41.123382
174.850803 -41.123670
174.850594 -41.124071
174.850662 -41.124531
174.850898 -41.125001
174.850911 -41.125462
174.850644 -41.125744
174.849714 -41.126336
174.849114 -41.126727
174.848514 -41.127117
174.847552 -41.127664
174.847159 -41.127808
174.845790 -41.127981
174.844787 -41.128170
174.844129 -41.128642
174.843876 -41.128993
174.843748 -41.129346
174.843644 -41.129730
174.843568 -41.130185
174.843500 -41.131027
174.843551 -41.131757
174.843752 -41.132776
174.844225 -41.133633
174.844954 -41.134128
174.845259 -41.134421
174.845419 -41.134672
174.845465 -41.135341
174.845731 -41.135747
174.846016 -41.136075
174.846452 -41.136319
174.847796 -41.136506
174.848897 -41.136279
174.849127 -41.136241
174.849191 -41.136903
174.849475 -41.137142
174.850081 -41.137377
174.850279 -41.137862
174.850746 -41.138029
174.851493 -41.138366
174.852155 -41.138914
174.852537 -41.139396
174.852602 -41.140058
174.852101 -41.140275
174.851503 -41.140354
174.851036 -41.140153
174.850748 -41.139773
174.850237 -41.139642
174.849912 -41.139578
174.849312 -41.139552
174.848850 -41.139560
174.848389 -41.139567
174.848205 -41.139605
174.847825 -41.139192
174.847332 -41.138751
174.846887 -41.138675
174.845916 -41.138595
174.845399 -41.138621
174.845108 -41.138720
174.844889 -41.138869
174.844756 -41.139060
174.844734 -41.139257
174.844743 -41.139479
174.844777 -41.139740
174.844841 -41.140136
174.844939 -41.140600
174.845018 -41.141042
174.845044 -41.142005
174.844893 -41.142414
174.844555 -41.142854
174.844522 -41.143222
174.844445 -41.143747
174.844232 -41.144378
174.843798 -41.145397
174.843315 -41.146284
174.842831 -41.147172
174.842066 -41.147972
174.840952 -41.148393
174.840130 -41.148662
174.839424 -41.149291
174.838684 -41.149715
174.837679 -41.150029
174.836948 -41.150221
174.836444 -41.150363
174.836162 -41.150570
174.836006 -41.150754
174.835854 -41.150947
174.835493 -41.151314
174.834820 -41.151682
174.834373 -41.151989
174.834000 -41.152393
174.833947 -41.152837
174.833734 -41.153357
174.833601 -41.154005
174.833481 -41.154672
174.833436 -41.155466
174.833499 -41.155826
174.833479 -41.156751
174.833390 -41.157646
174.833229 -41.158542
174.833097 -41.159345
174.832890 -41.159776
174.832771 -41.160077
174.832577 -41.160337
174.832413 -41.160613
174.832228 -41.161354
174.832300 -41.162129
174.832376 -41.162983
174.832641 -41.163289
174.831472 -41.163774
174.830919 -41.164210
174.830265 -41.164725
174.830096 -41.165298
174.829927 -41.165871
174.829758 -41.166444
174.829589 -41.167017
174.829559 -41.168183
174.830450 -41.168557
174.830895 -41.168976
174.831114 -41.169190
174.832209 -41.169646
174.832933 -41.169981
174.833116 -41.170261
174.832953 -41.170517
174.832595 -41.170653
174.831154 -41.170614
174.830284 -41.170674
174.829783 -41.171215
174.829283 -41.171755
174.828395 -41.171981
174.827806 -41.172358
174.827591 -41.173019
174.827658 -41.173750
174.827664 -41.174461
174.827627 -41.175393
174.827624 -41.176242
174.827641 -41.176936
174.827408 -41.177385
174.827179 -41.178045
174.827001 -41.178636
174.826823 -41.179227
174.826578 -41.179629
174.826263 -41.180051
174.826142 -41.180337
174.826075 -41.181395
174.826166 -41.182128
174.826307 -41.182585
174.826426 -41.182827
174.826708 -41.183076
174.826948 -41.183222
174.827758 -41.183683
174.828327 -41.183674
174.828675 -41.183883
174.828754 -41.184700
174.830066 -41.184765
174.830185 -41.184935
174.829338 -41.185207
174.829587 -41.185977
174.829250 -41.186155
174.828917 -41.186461
174.828927 -41.186849
174.828875 -41.187021
174.828423 -41.187158
174.828078 -41.187034
174.827830 -41.186306
174.827817 -41.185833
174.827522 -41.185451
174.826830 -41.185160
174.826022 -41.184786
174.824707 -41.184591
174.823732 -41.184349
174.823084 -41.183584
174.823005 -41.182768
174.823159 -41.182163
174.823045 -41.181940
174.822676 -41.181793
174.822434 -41.181828
174.822317 -41.181982
174.821919 -41.182252
174.821660 -41.182370
174.821340 -41.182396
174.821151 -41.182515
174.820929 -41.182670
174.820786 -41.182869
174.820542 -41.182957
174.820241 -41.183079
174.820077 -41.183169
174.820045 -41.183334
174.819864 -41.183490
174.819604 -41.183494
174.819072 -41.183319
174.818814 -41.182772
174.818615 -41.181765
174.818778 -41.181001
174.819054 -41.180165
174.819752 -41.179447
174.820464 -41.179098
174.821239 -41.178737
174.821576 -41.178584
174.821984 -41.178432
174.822242 -41.178271
174.822643 -41.177662
174.823099 -41.176553
174.823609 -41.175676
174.823458 -41.175163
174.823181 -41.175030
174.822968 -41.175012
174.822358 -41.175183
174.821648 -41.175292
174.821144 -41.175311
174.820678 -41.175028
174.820243 -41.174663
174.819710 -41.174175
174.819065 -41.173631
174.818773 -41.173154
174.819003 -41.172596
174.819573 -41.171848
174.820063 -41.171223
174.820507 -41.170912
174.821021 -41.170826
174.821667 -41.170840
174.822410 -41.170889
174.822873 -41.170908
174.823153 -41.170788
174.823345 -41.170516
174.823463 -41.170032
174.823747 -41.169544
174.824099 -41.169061
174.824366 -41.168849
174.824678 -41.168536
174.824980 -41.168113
174.825263 -41.167273
174.825616 -41.166448
174.826004 -41.165913
174.826328 -41.165368
174.826652 -41.164823
174.826933 -41.164009
174.827214 -41.163195
174.827422 -41.162314
174.827630 -41.161434
174.827455 -41.160276
174.827664 -41.159450
174.827874 -41.158623
174.827883 -41.157996
174.827893 -41.157368
174.827902 -41.156740
174.827911 -41.156112
174.827932 -41.155132
174.827952 -41.154151
174.827973 -41.153170
174.827980 -41.152111
174.827988 -41.151053
174.827995 -41.149994
174.828002 -41.148935
174.827947 -41.148589
174.827531 -41.148492
174.827165 -41.148532
174.826613 -41.148472
174.826255 -41.148081
174.826237 -41.147037
174.826642 -41.146146
174.826933 -41.145718
174.827223 -41.145226
174.827545 -41.144668
174.827944 -41.144099
174.828653 -41.143656
174.829362 -41.143212
174.830096 -41.142787
174.830241 -41.142634
174.830084 -41.142336
174.829091 -41.141860
174.828517 -41.141421
174.828336 -41.140875
174.828228 -41.140243
174.828069 -41.139772
174.827956 -41.139327
174.828183 -41.138829
174.828439 -41.138398
174.828535 -41.138253
174.828516 -41.138029
174.828326 -41.137844
174.827858 -41.137829
174.827385 -41.137833
174.826898 -41.137868
174.826505 -41.137903
174.826249 -41.137902
174.825840 -41.137630
174.825794 -41.137200
174.826050 -41.136765
174.826418 -41.136140
174.826869 -41.135785
174.827518 -41.135688
174.828185 -41.135531
174.828529 -41.135348
174.828786 -41.135089
174.828902 -41.134942
174.829070 -41.134526
174.829084 -41.134185
174.828944 -41.133636
174.828786 -41.132943
174.828602 -41.131932
174.828730 -41.131002
174.828924 -41.130405
174.829348 -41.129911
174.830013 -41.129384
174.830509 -41.128820
174.830783 -41.128477
174.830996 -41.128102
174.831075 -41.127478
174.831155 -41.126855
174.831273 -41.125883
174.831391 -41.124912
174.831714 -41.124321
174.832036 -41.123731
174.832796 -41.123206
174.832976 -41.122728
174.833356 -41.122466
174.833737 -41.122240
174.833905 -41.121323
174.833813 -41.120647
174.833722 -41.119972
174.833652 -41.119204
174.833195 -41.118407
174.833057 -41.117805
174.832920 -41.117204
174.833043 -41.116433
174.833277 -41.116137
174.833311 -41.115359
174.833264 -41.114388
174.833217 -41.113417
174.833349 -41.112304
174.833184 -41.111843
174.832840 -41.110923
174.832785 -41.110500
174.832449 -41.110127
174.831730 -41.109830
174.831116 -41.109747
174.830423 -41.109789
174.830220 -41.109792
174.830011 -41.109641
174.830017 -41.108797
174.830150 -41.108409
174.830359 -41.108088
174.830741 -41.107927
174.830901 -41.107699
174.830722 -41.107400
174.830371 -41.107055
174.830182 -41.106909
174.830051 -41.106684
174.829652 -41.106400
174.828244 -41.106422
174.826702 -41.106422
174.825288 -41.106423
174.824180 -41.106428
174.823244 -41.106679
174.822716 -41.107199
174.821955 -41.107739
174.821505 -41.108036
174.820398 -41.108121
174.819415 -41.108067
174.818257 -41.108069
174.817236 -41.108080
174.815923 -41.108215
174.815198 -41.108882
174.814685 -41.109641
174.813901 -41.110257
174.813121 -41.110856
174.812362 -41.111457
174.811708 -41.111954
174.811005 -41.112119
174.810082 -41.112071
174.809103 -41.112302
174.808251 -41.112534
174.807353 -41.112597
174.806450 -41.112287
174.805861 -41.111883
174.804807 -41.111431
174.803754 -41.110979
174.802701 -41.110527
174.801648 -41.110075
174.800595 -41.109623
174.799542 -41.109171
174.798488 -41.108718
174.797435 -41.108266
174.796382 -41.107814
174.795329 -41.107362
174.794276 -41.106910
174.793223 -41.106458
174.792170 -41.106005
174.791117 -41.105553
174.790064 -41.105101
174.789011 -41.104649
174.787958 -41.104196
174.786905 -41.103744
174.785852 -41.103292
174.784799 -41.102840
174.783746 -41.102387
174.782693 -41.101935
174.781640 -41.101483
174.780588 -41.101030
174.779535 -41.100578
174.778482 -41.100126
174.777429 -41.099673
174.776376 -41.099221
174.775323 -41.098768
174.774271 -41.098316
174.773218 -41.097864
174.772165 -41.097411
174.771112 -41.096959
174.770060 -41.096506
174.769007 -41.096054
174.767954 -41.095602
174.766901 -41.095149
174.765849 -41.094697
174.764796 -41.094244
174.763743 -41.093792
174.762691 -41.093339
174.761638 -41.092887
174.760585 -41.092434
174.759533 -41.091982
174.758480 -41.091529
174.757428 -41.091077
174.756375 -41.090624
174.755323 -41.090172
174.754270 -41.089719
174.754904 -41.088946
174.755539 -41.088174
174.756173 -41.087401
174.756807 -41.086628
174.757441 -41.085855
174.758075 -41.085083
174.758709 -41.084310
174.759344 -41.083537
174.759978 -41.082764
174.760612 -41.081992
174.761246 -41.081219
174.761880 -41.080446
174.762514 -41.079673
174.763148 -41.078901
174.763782 -41.078128
174.764416 -41.077355
174.765050 -41.076582
174.765684 -41.075810
174.766318 -41.075037
174.766952 -41.074264
174.767586 -41.073491
174.768220 -41.072719
174.768854 -41.071946
174.769487 -41.071173
174.770121 -41.070400
174.770755 -41.069627
174.771389 -41.068855
174.772023 -41.068082
174.772657 -41.067309
174.773291 -41.066536
174.773924 -41.065763
174.774558 -41.064990
174.775192 -41.064218
174.775826 -41.063445
174.776459 -41.062672
174.777093 -41.061899
174.777727 -41.061126
174.778360 -41.060353
174.778994 -41.059581
174.779628 -41.058808
174.780261 -41.058035
174.780895 -41.057262
174.781529 -41.056489
174.782162 -41.055716
174.782796 -41.054943
174.783429 -41.054171
174.784063 -41.053398
174.784696 -41.052625
174.785330 -41.051852
174.785963 -41.051079
174.786597 -41.050306
174.787230 -41.049533
174.787864 -41.048760
174.788497 -41.047987
174.789131 -41.047215
174.789764 -41.046442
174.790398 -41.045669
174.791031 -41.044896
174.791664 -41.044123
174.792298 -41.043350
174.792931 -41.042577
174.793963 -41.043045
174.794995 -41.043513
174.796027 -41.043982
174.797058 -41.044450
174.798090 -41.044918
174.799122 -41.045386
174.800154 -41.045854
174.801186 -41.046323
174.802218 -41.046791
174.803250 -41.047259
174.804282 -41.047727
174.805314 -41.048195
174.806346 -41.048663
174.807378 -41.049131
174.808410 -41.049599
174.809442 -41.050067
174.810474 -41.050535
174.811506 -41.051004
174.812538 -41.051472
174.813570 -41.051940
174.814602 -41.052408
174.815634 -41.052876
174.816667 -41.053344
174.817699 -41.053812
174.818731 -41.054280
174.819763 -41.054748
174.820795 -41.055216
174.821827 -41.055684
174.822860 -41.056152
174.823892 -41.056619
174.824924 -41.057087
174.825956 -41.057555
174.826989 -41.058023
174.828021 -41.058491
174.829053 -41.058959
174.830086 -41.059427
174.831118 -41.059895
174.832150 -41.060363
174.833183 -41.060831
174.834215 -41.061298
174.835247 -41.061766
174.836280 -41.062234
174.837312 -41.062702
174.838345 -41.063170
