177.57399563 -37.88412484
177.57475369 -37.88345820
177.57587159 -37.88306403
177.57698948 -37.88266985
177.57792654 -37.88196485
177.57847215 -37.88172046
177.57919325 -37.88202508
177.57991436 -37.88232969
177.58094383 -37.88306674
177.58178358 -37.88303292
177.58302185 -37.88264940
177.58431704 -37.88315328
177.58556954 -37.88299159
177.58627644 -37.88307430
177.58757166 -37.88357815
177.58759303 -37.88391094
177.58694308 -37.88471565
177.58655168 -37.88517629
177.58743122 -37.88576371
177.58764537 -37.88691164
177.58856938 -37.88709680
177.58949340 -37.88728196
177.59063094 -37.88751410
177.59176848 -37.88774623
177.59282535 -37.88781478
177.59388222 -37.88788333
177.59431638 -37.88808822
177.59365221 -37.88867112
177.59253960 -37.88882725
177.59148628 -37.88881416
177.59043296 -37.88880106
177.59046147 -37.88924477
177.59105698 -37.88977682
177.59189680 -37.88974292
177.59291224 -37.89025801
177.59349708 -37.89062365
177.59408193 -37.89098929
177.59506173 -37.89094972
177.59550304 -37.89126554
177.59617216 -37.89185020
177.59684129 -37.89243485
177.59796822 -37.89250053
177.59880093 -37.89235566
177.59936082 -37.89233303
177.60037635 -37.89284805
177.60139189 -37.89336306
177.60069915 -37.89350229
177.59958649 -37.89365849
177.59887947 -37.89357585
177.59834455 -37.89398673
177.59780963 -37.89439760
177.59713116 -37.89475866
177.59673263 -37.89510841
177.59676832 -37.89566305
177.59634195 -37.89601392
177.59594111 -37.89647497
177.59641975 -37.89678928
177.59703678 -37.89765408
177.59763241 -37.89818609
177.59822805 -37.89871809
177.59884512 -37.89958287
177.59848228 -37.90048726
177.59851085 -37.90093097
177.59895224 -37.90124677
177.59971648 -37.90221682
177.60073929 -37.90284275
177.60132070 -37.90315289
177.60093645 -37.90372450
177.59995648 -37.90376412
177.59923150 -37.90340418
177.59850654 -37.90304423
177.59748374 -37.90241827
177.59620239 -37.90213639
177.59547388 -37.90172095
177.59476583 -37.90162352
177.59413816 -37.90198992
177.59351048 -37.90235631
177.59349259 -37.90146731
177.59344266 -37.90069082
177.59375340 -37.90006660
177.59406413 -37.89944237
177.59416845 -37.89888208
177.59409711 -37.89777281
177.59405431 -37.89710725
177.59401151 -37.89644169
177.59402800 -37.89560690
177.59404449 -37.89477212
177.59406099 -37.89393734
177.59407748 -37.89310256
177.59302766 -37.89314495
177.59197784 -37.89318733
177.59171928 -37.89353141
177.59064223 -37.89424216
177.58966238 -37.89428169
177.58894824 -37.89408807
177.58823411 -37.89389444
177.58744998 -37.89370363
177.58666586 -37.89351282
177.58540607 -37.89356360
177.58400630 -37.89362001
177.58315932 -37.89354292
177.58217947 -37.89358239
177.58092323 -37.89368859
177.57966699 -37.89379477
177.57895998 -37.89371202
177.57795881 -37.89341866
177.57792327 -37.89286402
177.57813213 -37.89174347
177.57823301 -37.89112773
177.57833389 -37.89051199
177.57842409 -37.88972985
177.57837433 -37.88895336
177.57785862 -37.88835142
177.57700602 -37.88818550
177.57581936 -37.88850008
177.57560337 -37.88950970
177.57450491 -37.88988752
177.57348250 -37.88926134
177.57302354 -37.88866812
177.57256458 -37.88807489
177.57257016 -37.88751859
177.57223064 -37.88692056
177.57189113 -37.88632252
177.57143575 -37.88578475
177.57123901 -37.88490294
177.57133638 -37.88423174
177.57187493 -37.88387646
177.57242057 -37.88363209
177.57294118 -37.88388633
177.57350888 -37.88433798
177.57399563 -37.88412484