177.66251342 -37.82288062
177.66295134 -37.82265318
177.66358517 -37.82312020
177.66421900 -37.82358723
177.66473432 -37.82474669
177.66524967 -37.82590616
177.66628621 -37.82623928
177.66663522 -37.82692259
177.66698424 -37.82760590
177.66754629 -37.82862038
177.66760840 -37.82922599
177.66767052 -37.82983161
177.66859321 -37.83049137
177.66951591 -37.83115113
177.67063916 -37.83189161
177.67133648 -37.83233760
177.67155387 -37.83279088
177.67052939 -37.83320240
177.67008497 -37.83364996
177.66886682 -37.83364630
177.66814431 -37.83346130
177.66742179 -37.83327630
177.66607218 -37.83333167
177.66533513 -37.83344240
177.66459807 -37.83355313
177.66383076 -37.83371875
177.66306345 -37.83388437
177.66174172 -37.83436786
177.66096917 -37.83445318
177.66019661 -37.83453850
177.65964630 -37.83440005
177.65954744 -37.83392113
177.65984999 -37.83337210
177.65979770 -37.83256929
177.65949989 -37.83215218
177.66020382 -37.83153304
177.66094609 -37.83150263
177.66169534 -37.83157925
177.66244458 -37.83165587
177.66312287 -37.83168172
177.66397218 -37.83121759
177.66392683 -37.83052182
177.66361505 -37.82989064
177.66296241 -37.82921977
177.66227020 -37.82897983
177.66202243 -37.82829236
177.66257740 -37.82746466
177.66291947 -37.82648469
177.66239483 -37.82570124
177.66241264 -37.82438729
177.66243044 -37.82307334
177.66251342 -37.82288062