178.574580904 -37.878062849
178.575121006 -37.877267565
178.575661097 -37.876472278
178.576201177 -37.875676988
178.576741244 -37.874881697
178.577281301 -37.874086403
178.577821345 -37.873291106
178.578361379 -37.872495807
178.578901401 -37.871700506
178.579441411 -37.870905202
178.579981410 -37.870109895
178.580521397 -37.869314587
178.581061372 -37.868519276
178.581601336 -37.867723963
178.582141289 -37.866928647
178.582681229 -37.866133329
178.583221159 -37.865338008
178.583761077 -37.864542686
178.584300983 -37.863747360
178.584840878 -37.862952032
178.585380761 -37.862156702
178.585920632 -37.861361370
178.586460492 -37.860566035
178.587000341 -37.859770697
178.587540177 -37.858975358
178.588080003 -37.858180016
178.588619817 -37.857384671
178.589159618 -37.856589325
178.589699409 -37.855793975
178.590239189 -37.854998624
178.590778956 -37.854203269
178.591318712 -37.853407913
178.591858457 -37.852612554
178.592398189 -37.851817193
178.592937911 -37.851021830
178.593477621 -37.850226464
178.594017318 -37.849431095
178.594557005 -37.848635725
178.595096681 -37.847840351
178.595636343 -37.847044976
178.596175996 -37.846249598
178.596715637 -37.845454218
178.597255265 -37.844658835
178.597794882 -37.843863449
178.598334489 -37.843068062
178.598874082 -37.842272672
178.599413665 -37.841477280
178.599953237 -37.840681885
178.600492795 -37.839886488
178.601032342 -37.839091088
178.601571877 -37.838295687
178.602111400 -37.837500282
178.602650913 -37.836704875
178.603190414 -37.835909466
178.603729902 -37.835114054
178.604269380 -37.834318640
178.604808846 -37.833523223
178.605348299 -37.832727805
178.605887743 -37.831932384
178.606427174 -37.831136960
178.606966593 -37.830341534
178.607506001 -37.829546106
178.608045398 -37.828750675
178.608584783 -37.827955242
178.609124156 -37.827159806
178.609663519 -37.826364368
178.610202868 -37.825568928
178.610742207 -37.824773485
178.611281535 -37.823978040
178.611820850 -37.823182592
178.612360154 -37.822387142
178.612899447 -37.821591690
178.613438727 -37.820796235
178.613977997 -37.820000778
178.614517255 -37.819205318
178.615056501 -37.818409856
178.615595736 -37.817614392
178.616134960 -37.816818925
178.616674171 -37.816023456
178.617213371 -37.815227985
178.617752560 -37.814432511
178.618291736 -37.813637034
178.618830902 -37.812841555
178.619370057 -37.812046075
178.619909198 -37.811250591
178.620448329 -37.810455105
178.620987449 -37.809659617
178.621526556 -37.808864126
178.622065653 -37.808068633
178.622604738 -37.807273138
178.623143810 -37.806477640
178.623682872 -37.805682140
178.624221922 -37.804886638
178.624760960 -37.804091133
178.625299987 -37.803295625
178.625839003 -37.802500115
178.626378006 -37.801704603
178.626916999 -37.800909088
178.627455980 -37.800113571
178.627994949 -37.799318052
178.628533907 -37.798522530
178.629072854 -37.797727004
178.629611787 -37.796931477
178.630150710 -37.796135946
178.630689622 -37.795340412
178.631228520 -37.794544877
178.631767409 -37.793749339
178.632306285 -37.792953799
178.632845150 -37.792158256
178.633384003 -37.791362711
178.633922845 -37.790567164
178.634461675 -37.789771614
178.635000494 -37.788976062
178.635539301 -37.788180507
178.636078096 -37.787384950
178.636616881 -37.786589392
178.637155653 -37.785793830
178.637694414 -37.784998265
178.638233163 -37.784202699
178.638771902 -37.783407130
178.639310627 -37.782611559
178.639849342 -37.781815985
178.640388046 -37.781020410
178.640926737 -37.780224831
178.641465417 -37.779429250
178.642004086 -37.778633667
178.642542743 -37.777838082
178.643081388 -37.777042494
178.643620022 -37.776246904
178.644158644 -37.775451311
178.644697256 -37.774655716
178.645235854 -37.773860118
178.645774442 -37.773064519
178.646313019 -37.772268916
178.646851583 -37.771473312
178.647390136 -37.770677705
178.647928678 -37.769882096
178.648467208 -37.769086484
178.649005726 -37.768290871
178.649544234 -37.767495254
178.650082728 -37.766699635
178.650621213 -37.765904014
178.651159685 -37.765108390
178.651698146 -37.764312764
178.652236595 -37.763517136
178.652775033 -37.762721506
178.653313459 -37.761925872
178.653851874 -37.761130237
178.654390277 -37.760334599
178.654928668 -37.759538959
178.655467048 -37.758743316
178.656005417 -37.757947672
178.656543774 -37.757152024
178.657082119 -37.756356374
178.657620454 -37.755560723
178.658158775 -37.754765068
178.658697087 -37.753969411
178.659235386 -37.753173752
178.659773673 -37.752378091
178.660311950 -37.751582427
178.660850215 -37.750786760
178.661388467 -37.749991092
178.661926709 -37.749195421
178.662464940 -37.748399747
178.663003158 -37.747604072
178.663541365 -37.746808394
178.664079561 -37.746012713
178.664617744 -37.745217030
178.663561879 -37.744878440
178.662506023 -37.744539840
178.661450176 -37.744201230
178.660394340 -37.743862611
178.659338512 -37.743523982
178.658282695 -37.743185343
178.657226887 -37.742846695
178.656171089 -37.742508037
178.655115300 -37.742169369
178.654059520 -37.741830692
178.653003751 -37.741492005
178.651947991 -37.741153308
178.650892240 -37.740814602
178.649836499 -37.740475885
178.648780768 -37.740137160
178.647725046 -37.739798424
178.646669334 -37.739459679
178.645613631 -37.739120925
178.644557938 -37.738782160
178.643502255 -37.738443386
178.642446581 -37.738104602
178.641390917 -37.737765809
178.640335262 -37.737427006
178.639279617 -37.737088193
178.638223981 -37.736749371
178.637168356 -37.736410539
178.636112739 -37.736071697
178.635057132 -37.735732846
178.634001535 -37.735393985
178.632945948 -37.735055114
178.631890370 -37.734716233
178.630834801 -37.734377343
178.629779242 -37.734038444
178.628723693 -37.733699534
178.627668153 -37.733360615
178.626612623 -37.733021687
178.625557103 -37.732682747
178.624501592 -37.732343799
178.623446090 -37.732004842
178.622390599 -37.731665874
178.621335116 -37.731326897
178.620279644 -37.730987910
178.619224181 -37.730648914
178.618168727 -37.730309908
178.617113283 -37.729970892
178.616057849 -37.729631867
178.615002425 -37.729292832
178.613947009 -37.728953787
178.612891604 -37.728614733
178.611836208 -37.728275669
178.610780822 -37.727936595
178.609725445 -37.727597512
178.608670078 -37.727258419
178.607614720 -37.726919316
178.606559372 -37.726580204
178.605504034 -37.726241082
178.604448705 -37.725901950
178.603393386 -37.725562809
178.602338076 -37.725223658
178.601282776 -37.724884497
178.600227486 -37.724545327
178.599172202 -37.724206145
178.598116927 -37.723866953
178.597061661 -37.723527751
178.596006406 -37.723188540
178.594951159 -37.722849319
178.593895923 -37.722510088
178.592840696 -37.722170848
178.591785478 -37.721831598
178.590730270 -37.721492338
178.589675072 -37.721153069
178.588619883 -37.720813790
178.587564704 -37.720474501
178.586509534 -37.720135203
178.585454374 -37.719795895
178.584399224 -37.719456577
178.583344083 -37.719117250
178.582288952 -37.718777913
178.581233830 -37.718438566
178.580178718 -37.718099209
178.579123615 -37.717759843
178.578068523 -37.717420468
178.577013439 -37.717081082
178.575958365 -37.716741687
178.574903301 -37.716402282
178.573848247 -37.716062868
178.572793202 -37.715723444
178.571738166 -37.715384010
178.570683141 -37.715044566
178.569628124 -37.714705113
178.568573118 -37.714365650
178.567518121 -37.714026178
178.566463133 -37.713686696
178.565408155 -37.713347204
178.564353187 -37.713007702
178.563298228 -37.712668191
178.562243279 -37.712328670
178.561188339 -37.711989140
178.560133409 -37.711649600
178.559078488 -37.711310050
178.558023578 -37.710970490
178.556968676 -37.710630921
178.555913785 -37.710291342
178.554858903 -37.709951754
178.553804030 -37.709612155
178.552749168 -37.709272547
178.551694314 -37.708932930
178.550639471 -37.708593303
178.549584637 -37.708253666
178.548529812 -37.707914019
178.547474997 -37.707574363
178.546420192 -37.707234697
178.545365396 -37.706895021
178.544310610 -37.706555336
178.543068188 -37.706174028
178.541825778 -37.705792706
178.540583380 -37.705411370
178.539778347 -37.705540845
178.538973309 -37.705670314
178.538177914 -37.705678839
178.537382519 -37.705687359
178.536498565 -37.705037592
178.535553683 -37.704827479
178.534608807 -37.704617357
178.533186099 -37.704355130
178.531945306 -37.703993705
178.531166504 -37.703971261
178.530387702 -37.703948811
178.529584971 -37.704108220
178.528782236 -37.704267624
178.528447232 -37.704841041
178.528112221 -37.705414457
178.527682767 -37.706387283
178.527345638 -37.707340781
178.527008502 -37.708294279
178.527823441 -37.709147793
178.527654149 -37.709870422
178.526962231 -37.710618388
178.527390217 -37.711312059
178.527818211 -37.712005728
178.528129501 -37.713145015
178.528440800 -37.714284303
178.528752110 -37.715423588
178.528181646 -37.716301537
178.527611169 -37.717179483
178.527040679 -37.718057426
178.526438761 -37.718998252
178.525836828 -37.719939076
178.525234879 -37.720879895
178.524632916 -37.721820713
178.524201788 -37.723005521
178.523770648 -37.724190327
178.524026750 -37.724926855
178.524282858 -37.725663384
178.525295803 -37.726710112
178.526308775 -37.727756832
178.526499381 -37.728557426
178.526689993 -37.729358019
178.526313611 -37.730478162
178.525937219 -37.731598304
178.525560816 -37.732718445
178.524765660 -37.733405019
178.523970489 -37.734091586
178.523175304 -37.734778148
178.522380103 -37.735464706
178.521584888 -37.736151258
178.520789658 -37.736837805
178.519994413 -37.737524347
178.519199154 -37.738210883
178.518745273 -37.738677280
178.518291387 -37.739143676
178.518330451 -37.739956574
178.518369517 -37.740769471
178.517916452 -37.741550630
178.517463377 -37.742331786
178.516793532 -37.743327124
178.516123670 -37.744322460
178.515453789 -37.745317791
178.514582375 -37.745915469
178.513710947 -37.746513142
178.512839505 -37.747110808
178.511559926 -37.747049206
178.510280347 -37.746987589
178.509000771 -37.746925959
178.508012375 -37.747418130
178.507033860 -37.748039440
178.506055328 -37.748660742
178.505076778 -37.749282037
178.504098213 -37.749903323
178.503243646 -37.750926008
178.502389053 -37.751948687
178.501596537 -37.752719370
178.500804002 -37.753490049
178.500011452 -37.754260722
178.499218884 -37.755031389
178.498353427 -37.755807392
178.497336492 -37.756719186
178.496319532 -37.757630972
178.495540567 -37.758329356
178.494761587 -37.759027734
178.494560645 -37.760028682
178.494380605 -37.760698200
178.493942229 -37.761013027
178.492636812 -37.761479752
178.492021110 -37.761894895
178.491405401 -37.762310035
178.490320515 -37.762031845
178.489537920 -37.761775808
178.488755330 -37.761519766
178.488062102 -37.761222705
178.487368880 -37.760925641
178.486633079 -37.760979398
178.485897277 -37.761033151
178.485040702 -37.761019281
178.484184128 -37.761005405
178.483063010 -37.760251616
178.482223939 -37.759557687
178.483025369 -37.759152025
178.483958718 -37.758960293
178.484892064 -37.758768554
178.486103936 -37.758893831
178.486851583 -37.758692652
178.487599227 -37.758491468
178.488309854 -37.757502721
178.488586685 -37.756718487
178.488863511 -37.755934250
178.488853289 -37.754832642
178.488895999 -37.754105459
178.489056294 -37.753176926
178.488228396 -37.752678192
178.487451898 -37.752465769
178.486675404 -37.752253340
178.485491281 -37.751852358
178.484304006 -37.751409883
178.483537024 -37.751321871
178.482770044 -37.751233856
178.482709856 -37.751819593
178.483635922 -37.752274645
178.484697351 -37.752785627
178.485758794 -37.753296599
178.486279624 -37.753937652
178.486800463 -37.754578701
178.486494917 -37.755384405
178.486189367 -37.756190107
178.485004474 -37.756803414
178.483700090 -37.757100276
178.482488084 -37.757158550
178.481276076 -37.757216811
178.480163134 -37.757123965
178.479050192 -37.757031109
178.478208736 -37.757598332
178.477504510 -37.758354067
178.476800268 -37.759109798
178.476096013 -37.759865525
178.475204443 -37.760259531
178.474312864 -37.760653531
178.473403511 -37.760814245
178.472494153 -37.760974952
178.472207990 -37.761574013
178.471921824 -37.762173073
178.471273998 -37.762379754
178.469953845 -37.762674101
178.469080482 -37.763314528
178.468217462 -37.763818951
178.467381735 -37.763985303
178.466658049 -37.764230468
178.465918406 -37.764265921
178.464485573 -37.764250397
178.463425751 -37.764259081
178.462293968 -37.764018637
178.461584845 -37.763757940
178.460875726 -37.763497239
178.459948915 -37.763162768
178.459022111 -37.762828291
178.458157703 -37.762617102
178.457546306 -37.762246468
178.456934914 -37.761875832
178.456474058 -37.761392754
178.455460736 -37.761314954
178.454841404 -37.760839451
178.454422255 -37.760207042
178.454003114 -37.759574630
178.454675865 -37.758658474
178.455258862 -37.757957078
178.455596818 -37.757519968
178.455535005 -37.757249966
178.455049214 -37.756740702
178.454249968 -37.756814434
178.453450720 -37.756888161
178.452708935 -37.756834169
178.451967150 -37.756780173
178.450948852 -37.756773128
178.449930556 -37.756766074
178.448634615 -37.756800142
178.447880526 -37.756111711
178.447192578 -37.755601231
178.446504642 -37.755090747
178.445802387 -37.754622739
178.445125380 -37.754487888
178.443917557 -37.754294786
178.442937689 -37.753867879
178.442411354 -37.753405386
178.441885026 -37.752942890
178.441061105 -37.752257751
178.440356809 -37.751761946
178.439126682 -37.751737044
178.438700781 -37.751673769
178.438360874 -37.751355617
178.438009722 -37.750424996
178.437327827 -37.749760923
178.436045969 -37.749515546
178.434945244 -37.749345112
178.434214119 -37.749421758
178.433482991 -37.749498399
178.432905367 -37.749748835
178.432290675 -37.749973171
178.431961294 -37.749793818
178.431499040 -37.748784884
178.430850086 -37.748091342
178.430485753 -37.747913650
178.429679463 -37.747924189
178.429556384 -37.748152960
178.429672457 -37.748760433
178.429788530 -37.749367906
178.429581636 -37.749828360
178.429493693 -37.750293193
178.428600325 -37.750335734
178.428438812 -37.750524890
178.427549643 -37.750623058
178.427332424 -37.750772988
178.426806910 -37.750798003
178.426732977 -37.750982988
178.426666983 -37.751760452
178.426449033 -37.752500803
178.425903656 -37.752790793
178.424702218 -37.752941152
178.423579726 -37.752971258
178.422457231 -37.753001353
178.421789861 -37.752970966
178.421526778 -37.752595190
178.421417343 -37.751792762
178.421307910 -37.750990332
178.421076460 -37.750255830
178.420681629 -37.749948444
178.420257972 -37.749518177
178.419113184 -37.749122187
178.418318990 -37.748965793
178.417524801 -37.748809394
178.416839973 -37.748546839
178.416668061 -37.748601600
178.416031728 -37.749501589
178.415828501 -37.750179092
178.415260444 -37.750687549
178.414774215 -37.751523278
178.414287974 -37.752359004
178.413735296 -37.753450597
178.413182602 -37.754542187
178.413405588 -37.755105107
178.413670492 -37.755325516
178.414882386 -37.755232120
178.416006042 -37.755465501
178.416835154 -37.755957724
178.417266126 -37.756848006
178.417450334 -37.757350443
178.417691123 -37.757826954
178.417903268 -37.758699837
178.418204136 -37.759196728
178.419409051 -37.759650653
178.420206922 -37.759752142
178.421067828 -37.759525326
178.421956145 -37.759273963
178.422406482 -37.758648414
178.422549468 -37.757828357
178.423563143 -37.757687199
178.424630169 -37.757671292
178.425697196 -37.757655375
178.426138154 -37.757099964
178.426579107 -37.756544551
178.426995263 -37.756048406
178.427411414 -37.755552261
178.427594557 -37.755264711
178.428757487 -37.755162873
178.429324958 -37.754926728
178.430379986 -37.754946193
178.430716499 -37.755139289
178.431105107 -37.755200408
178.432062031 -37.755200868
178.432640470 -37.755564690
178.433106813 -37.755979897
178.434493671 -37.755913804
178.435712978 -37.756316133
178.436983143 -37.756623933
178.438022173 -37.756942745
178.438825167 -37.757399430
178.439628172 -37.757856109
178.440064586 -37.758286242
178.439982060 -37.759432831
178.440055808 -37.760034247
178.440270155 -37.760628954
178.440550272 -37.760974069
178.441933200 -37.760975293
178.442159847 -37.760986881
178.442267875 -37.761295394
178.442683732 -37.761521025
178.442956838 -37.761688874
178.444150964 -37.761554347
178.444813255 -37.761703610
178.444874861 -37.762184643
178.445031158 -37.762726212
178.445068662 -37.763221163
178.444719556 -37.763394699
178.444667745 -37.763580182
178.445409144 -37.764237606
178.446012391 -37.764810119
178.446720623 -37.765246892
178.446715453 -37.765613159
178.446629233 -37.765996371
178.446456038 -37.766318375
178.445888688 -37.766436976
178.445077197 -37.766593377
178.445052649 -37.766921353
178.445143328 -37.767466054
178.444987615 -37.767781049
178.445067740 -37.768592096
178.444889341 -37.769059437
178.444432853 -37.769233763
178.443539388 -37.769276415
178.443147993 -37.769464576
178.441881841 -37.769660587
178.441503230 -37.770017611
178.440235786 -37.770196718
178.439708249 -37.770560841
178.438844987 -37.770720651
178.437513126 -37.770801112
178.436181260 -37.770881558
178.434849393 -37.770961989
178.433619353 -37.771071448
178.433057299 -37.770979592
178.432475248 -37.770905635
178.432111549 -37.770398299
178.431562605 -37.770158329
178.430400146 -37.770302398
178.430089486 -37.770627662
178.430276548 -37.770884872
178.430630634 -37.771134129
178.429709777 -37.771887626
178.428696204 -37.772523559
178.427682614 -37.773159483
178.427057548 -37.773510251
178.427067696 -37.774612461
178.427049449 -37.775338786
178.427031201 -37.776065111
178.426898208 -37.776724351
178.426765213 -37.777383589
178.426577572 -37.778045429
178.426389929 -37.778707269
178.426042380 -37.779366516
178.425694825 -37.780025762
178.424988269 -37.780810207
178.424281697 -37.781594647
178.423381187 -37.782495566
178.422588888 -37.782890779
178.421796581 -37.783285987
178.421028259 -37.783849879
178.420259924 -37.784413767
178.419289780 -37.785139192
178.418319616 -37.785864610
178.417383040 -37.786395119
178.416484156 -37.786756789
178.415585262 -37.787118452
178.414983416 -37.787479874
178.414321966 -37.787524950
178.413486627 -37.787383483
178.412816408 -37.787013152
178.412496858 -37.786440751
178.412069788 -37.786053763
178.411723061 -37.785811484
178.410874338 -37.785614032
178.409879939 -37.785659956
178.408766053 -37.785856701
178.408017916 -37.786012899
178.407442661 -37.786330636
178.407237588 -37.786937380
178.407032510 -37.787544123
178.406921720 -37.787975818
178.406735273 -37.788354241
178.406046950 -37.788728026
178.405022434 -37.788918734
178.404081551 -37.788792745
178.402936618 -37.788335263
178.402598309 -37.788123855
178.401380399 -37.788124687
178.400758662 -37.787955126
178.400321794 -37.787862096
178.399692349 -37.787351742
178.399062913 -37.786841383
178.398501934 -37.786526788
178.397384744 -37.786437520
178.396091212 -37.786385015
178.395828578 -37.786226866
178.395352934 -37.785140625
178.395073281 -37.784755844
178.394877787 -37.784537658
178.394108235 -37.784545631
178.393338684 -37.784553599
178.392828331 -37.784435588
178.391830331 -37.783786261
178.390832348 -37.783136925
178.390160561 -37.782541641
178.389488785 -37.781946353
178.388776902 -37.781456090
178.388425952 -37.781377419
178.387645931 -37.781378555
178.387182329 -37.781198039
178.387040130 -37.781001967
178.386939568 -37.780390006
178.386188805 -37.779802256
178.385586038 -37.779355524
178.384983279 -37.778908790
178.384369694 -37.778579416
178.383756116 -37.778250039
178.382672635 -37.777674083
178.382135977 -37.777507394
178.381822691 -37.777362163
178.381531444 -37.776703837
178.381347593 -37.775864421
178.381329674 -37.775625240
178.381207726 -37.775342964
178.380524714 -37.775375197
178.380065065 -37.775428889
178.379749618 -37.775523781
178.379630493 -37.775817433
178.379621581 -37.776505927
178.379310906 -37.776664601
178.378760354 -37.776850590
178.378540778 -37.777148979
178.377686496 -37.777317285
178.377462140 -37.777551891
178.377507917 -37.778701855
178.377219706 -37.778891466
178.375919744 -37.778902379
178.374611610 -37.778964046
178.373888342 -37.779072560
178.373388391 -37.779408704
178.373262370 -37.779980269
178.373400200 -37.780569171
178.373308047 -37.780841442
178.372899303 -37.781143516
178.372010035 -37.781289609
178.371264650 -37.781774358
178.370519254 -37.782259101
178.369841633 -37.782789122
178.369591541 -37.783441323
178.369735408 -37.783766620
178.369158962 -37.783651448
178.368771806 -37.783669677
178.368482829 -37.783801880
178.368145143 -37.784481920
178.367752046 -37.785192615
178.366678704 -37.785540741
178.366291193 -37.785887063
178.366718025 -37.786435653
178.366545557 -37.787078066
178.366615371 -37.787643459
178.365856387 -37.788182238
178.365061784 -37.788613327
178.364068410 -37.788966271
178.363023145 -37.788993563
178.361977879 -37.789020846
178.361024831 -37.789319488
178.360338440 -37.789871433
178.359605302 -37.790772023
178.359349634 -37.791245975
178.358461422 -37.791287716
178.357573210 -37.791329450
178.356952606 -37.791300864
178.356152879 -37.791309560
178.355587842 -37.791538195
178.354792405 -37.791604422
178.354212344 -37.791631660
178.354074046 -37.792198623
178.354246222 -37.792634008
178.355455547 -37.792614176
178.356386431 -37.792607409
178.357655900 -37.792769507
178.358455810 -37.792879746
178.359665137 -37.792859870
178.360522121 -37.792486985
178.361054253 -37.792129365
178.362269068 -37.792183116
178.363037522 -37.792183934
178.363805977 -37.792184747
178.364734101 -37.792141088
178.365662224 -37.792097422
178.366356748 -37.791732136
178.367051266 -37.791366847
178.367390657 -37.790611753
178.367730042 -37.789856657
178.368013580 -37.789288969
178.369140760 -37.788998915
178.370351101 -37.788411029
178.370923068 -37.787952740
178.371495027 -37.787494450
178.372083979 -37.787075437
178.372672926 -37.786656423
178.373340556 -37.786255874
178.374496629 -37.786167839
178.375339229 -37.786128124
178.376236048 -37.785683200
178.376652125 -37.785311268
178.377810683 -37.785256636
178.379072057 -37.785163589
178.379229528 -37.785290377
178.379273133 -37.785590304
178.380346181 -37.785522904
178.381486181 -37.785502665
178.382087716 -37.785544098
178.382915547 -37.785302042
178.384116080 -37.785307822
178.384339894 -37.785406552
178.384866398 -37.786131163
178.385413684 -37.786870404
178.386561498 -37.787222157
178.387429946 -37.787259203
178.387640241 -37.787702074
178.388808608 -37.787803010
178.389270030 -37.787921732
178.390383774 -37.788654467
178.391497539 -37.789387192
178.391847099 -37.790006324
178.392196664 -37.790625455
178.392528520 -37.791296963
178.392860381 -37.791968469
178.393294969 -37.792566397
178.393247251 -37.793084053
178.392161467 -37.793616432
178.391725428 -37.794152445
178.391516224 -37.794833059
178.392425267 -37.795560548
178.392232272 -37.796093589
178.391585899 -37.796278240
178.390927994 -37.796309340
178.390509206 -37.796421590
178.390858005 -37.796929020
178.391701597 -37.797043237
178.392545192 -37.797157447
178.393465294 -37.797514582
178.393978150 -37.798137522
178.394491014 -37.798760456
178.394928792 -37.799417757
178.394920086 -37.799818810
178.394585612 -37.800019541
178.393626133 -37.800172782
178.392666649 -37.800326015
178.391805972 -37.800243431
178.391149841 -37.799781351
178.390493717 -37.799319267
178.389624722 -37.798435780
178.388755747 -37.797552283
178.387886795 -37.796668779
178.387098491 -37.795997190
178.386310202 -37.795325595
178.385130551 -37.794872796
178.383950914 -37.794419985
178.383302943 -37.794065341
178.382654977 -37.793710694
178.381847833 -37.793563875
178.381040692 -37.793417051
178.380319215 -37.793636002
178.379597735 -37.793854948
178.378831799 -37.793998940
178.378065860 -37.794142927
178.377130568 -37.794618488
178.376174959 -37.795341545
178.375653848 -37.795643475
178.375244619 -37.796402405
178.375059735 -37.797304852
178.374874846 -37.798207299
178.374618106 -37.798928218
178.374644666 -37.800138238
178.374671228 -37.801348258
178.374786865 -37.802490398
178.374902508 -37.803632538
178.375221205 -37.804669477
178.375990318 -37.805685185
178.376759452 -37.806700888
178.377657410 -37.807735648
178.378555394 -37.808770400
178.379078939 -37.809556692
178.378893104 -37.810487024
178.378707264 -37.811417355
178.378421936 -37.812260221
178.378136602 -37.813103085
178.377626388 -37.813735374
178.377116168 -37.814367661
178.377162949 -37.814992122
178.376842055 -37.815670776
178.376224072 -37.816105394
178.375606083 -37.816540008
178.374443438 -37.817147732
178.373641360 -37.817296106
178.372839280 -37.817444476
178.371918903 -37.817874881
178.370998514 -37.818305278
178.370075575 -37.819012256
178.369204421 -37.819790515
178.369027851 -37.820536076
178.368979205 -37.821128167
178.367794452 -37.821441960
178.366251394 -37.821625147
178.364708328 -37.821808313
178.363537602 -37.821625600
178.362366882 -37.821442875
178.361235790 -37.820959108
178.360104713 -37.820475329
178.358973651 -37.819991541
178.357667853 -37.820100257
178.356941342 -37.819968561
178.356214833 -37.819836861
178.355355393 -37.819924591
178.354495952 -37.820012314
178.353147887 -37.819554449
178.352307640 -37.819499127
178.351467395 -37.819443799
178.350390854 -37.819423237
178.349314312 -37.819402665
178.348190572 -37.819550114
178.347413653 -37.820344558
178.346289892 -37.820491988
178.345404057 -37.820225561
178.344518229 -37.819959126
178.343957629 -37.819541134
178.343397035 -37.819123138
178.342760626 -37.818506106
178.341791463 -37.818518042
178.340822301 -37.818529970
178.339969352 -37.818592212
178.339116401 -37.818654447
178.338547827 -37.818948721
178.338427661 -37.819601188
178.338406344 -37.820070590
178.337905371 -37.820517830
178.337068143 -37.820980802
178.336188086 -37.821624211
178.335611290 -37.822186512
178.335557013 -37.822780131
178.335502737 -37.823373750
178.335580419 -37.824418446
178.336066791 -37.824908708
178.336309694 -37.825239796
178.336223568 -37.826345576
178.335685819 -37.827038458
178.334545977 -37.827559180
178.333894631 -37.827856730
178.333581422 -37.828739419
178.333255839 -37.829455755
178.333085674 -37.829997891
178.332555197 -37.830223009
178.331227714 -37.830485378
178.330137077 -37.830536346
178.329243885 -37.830978714
178.328728278 -37.831971002
178.328212658 -37.832963288
178.327722913 -37.833737353
178.327233158 -37.834511416
178.326702677 -37.835304071
178.326268394 -37.835691596
178.325004967 -37.836251374
178.324940822 -37.836521458
178.324977868 -37.837020521
178.324432558 -37.838181103
178.323887231 -37.839341684
178.323539387 -37.840381433
178.323191534 -37.841421181
178.323015610 -37.842225748
178.322839682 -37.843030316
178.322400991 -37.843644262
178.321941655 -37.844573363
178.321456494 -37.845154562
178.320648735 -37.845541343
178.319528701 -37.845872858
178.318708024 -37.846085674
178.317892522 -37.845774589
178.316726049 -37.845479854
178.316209897 -37.845643550
178.316240842 -37.846061032
178.316501466 -37.846607452
178.317378901 -37.847160035
178.317629220 -37.847567291
178.317531132 -37.848025698
178.317107870 -37.848254888
178.316324587 -37.848378668
178.315541300 -37.848502444
178.314219920 -37.848494183
178.313352774 -37.848377477
178.312485632 -37.848260765
178.311884348 -37.847869840
178.311299889 -37.847111571
178.310715445 -37.846353300
178.310156811 -37.845646189
178.309598188 -37.844939076
178.308919596 -37.844097902
178.308128668 -37.843820517
178.307337744 -37.843543125
178.306384796 -37.843249542
178.305431855 -37.842955951
178.304535266 -37.842966253
178.303638678 -37.842976548
178.303567647 -37.842372887
178.303496617 -37.841769226
178.303394660 -37.841104214
178.302803689 -37.840964250
178.301587743 -37.840581247
178.300717580 -37.840234486
178.299847424 -37.839887718
178.299555179 -37.839325728
178.299262940 -37.838763737
178.298959919 -37.838055738
178.298656903 -37.837347738
178.297744313 -37.836783164
178.296371429 -37.836417859
178.294998557 -37.836052537
178.294296940 -37.835900999
178.293799093 -37.835527503
178.293097245 -37.835560074
178.292896859 -37.835651510
178.292184138 -37.835536731
178.291294861 -37.835134443
178.290405593 -37.834732148
178.289444086 -37.834333196
178.288482591 -37.833934237
178.287862907 -37.833535851
178.287243231 -37.833137462
178.286254012 -37.832361937
178.285450320 -37.832136343
178.284312749 -37.831876930
178.283032602 -37.831424171
178.282305496 -37.831411152
178.281233325 -37.831242881
178.280241679 -37.831102005
178.279637934 -37.830631850
178.278807636 -37.830016519
178.278275142 -37.829714283
178.276900497 -37.829435446
178.275632783 -37.829276173
178.274323796 -37.829090729
178.273312830 -37.828951445
178.272301867 -37.828812152
178.271221167 -37.828787693
178.270140467 -37.828763225
178.268905749 -37.828770667
178.267671032 -37.828778095
178.266833159 -37.828866401
178.265995284 -37.828954701
178.265291148 -37.829160841
178.264587007 -37.829366978
178.263785733 -37.829527985
178.262319060 -37.829570866
178.261658371 -37.829303700
178.260997686 -37.829036530
178.259965895 -37.828612843
178.258934117 -37.828189148
178.258295557 -37.827796922
178.257657004 -37.827404693
178.256689040 -37.826713458
178.255721096 -37.826022216
178.254753169 -37.825330966
178.253842699 -37.824641195
178.252932245 -37.823951417
178.252356045 -37.823049112
178.252145353 -37.822292389
178.251934667 -37.821535665
178.252097505 -37.820460641
178.252223517 -37.819825271
178.251833679 -37.819213661
178.251125135 -37.818726217
178.250416599 -37.818238769
178.250045202 -37.817407325
178.249596991 -37.816667403
178.249309666 -37.815959872
178.249022348 -37.815252342
178.248251899 -37.814380186
178.247481470 -37.813508025
178.247029590 -37.813003825
178.246577718 -37.812499622
178.246174610 -37.811895295
178.245548616 -37.811924097
178.245092089 -37.812123064
178.245049656 -37.812463149
178.244797601 -37.813311177
178.244789685 -37.813970010
178.244781769 -37.814628843
178.244782126 -37.815554243
178.244898320 -37.816376434
178.245014517 -37.817198624
178.245245019 -37.818055952
178.245475528 -37.818913280
178.245973789 -37.819705400
178.246294817 -37.820482388
178.246390476 -37.821188238
178.246486137 -37.821894089
178.246887647 -37.822712496
178.247528578 -37.823597143
178.248529053 -37.824145291
178.249529543 -37.824693429
178.250627988 -37.825267521
178.251726450 -37.825841603
178.252657663 -37.826331175
178.253588889 -37.826820739
178.254557782 -37.827311940
178.255526689 -37.827803134
178.256305227 -37.828184018
178.257083775 -37.828564897
178.257712087 -37.828944192
178.258118955 -37.829520815
178.258525829 -37.830097435
178.259346294 -37.830757047
178.260273268 -37.831114051
178.261200250 -37.831471047
178.262114803 -37.831658501
178.263029361 -37.831845946
178.264125501 -37.832169597
178.265122679 -37.832021501
178.266205569 -37.831580252
178.267074482 -37.831438061
178.267732133 -37.831339643
178.268408459 -37.831495524
178.269068395 -37.831720201
178.269883145 -37.831716580
178.270811196 -37.831503584
178.271456380 -37.831235611
178.272429662 -37.831054534
178.273073404 -37.831058795
178.273420389 -37.831110795
178.274639645 -37.831649800
178.275337810 -37.832102323
178.276035982 -37.832554843
178.276759366 -37.832912630
178.277482757 -37.833270415
178.278192972 -37.833594781
178.279049245 -37.833572164
178.279690674 -37.833253286
178.280293090 -37.832987244
178.280455356 -37.832860655
178.280798611 -37.832861773
178.281122986 -37.832897788
178.281784067 -37.833428541
178.282167426 -37.833682965
178.282828820 -37.833635322
178.283192205 -37.833618491
178.284134938 -37.834187219
178.285164439 -37.834768931
178.286189785 -37.835220930
178.287215144 -37.835672922
178.288061006 -37.836223249
178.288906879 -37.836773571
178.289729120 -37.837423239
178.290551375 -37.838072901
178.291415127 -37.838918851
178.292278899 -37.839764795
178.292207015 -37.840901377
178.292433728 -37.841414939
178.293170921 -37.842129423
178.293908127 -37.842843901
178.294762506 -37.843342034
178.295344407 -37.843953499
178.295657548 -37.844559703
178.295970694 -37.845165906
178.296258946 -37.845737793
178.296547202 -37.846309679
178.296654440 -37.847156002
178.295817680 -37.847939736
178.295337644 -37.848405405
178.294857602 -37.848871071
178.294395929 -37.849282677
178.294411376 -37.850097789
178.294636678 -37.850725808
178.295022041 -37.851098102
178.295711645 -37.851349860
178.296483989 -37.851207593
178.297256327 -37.851065322
178.298270435 -37.851134551
178.298800062 -37.851301371
178.298842350 -37.851873659
178.298904776 -37.852718466
178.299007616 -37.853643431
178.299051921 -37.854242971
178.299243910 -37.854507507
178.299866604 -37.854533273
178.300796615 -37.854517412
178.301213207 -37.854087873
178.301989552 -37.854092814
178.302765899 -37.854097748
178.303760610 -37.854024164
178.304692726 -37.853570644
178.305133483 -37.853468113
178.305826922 -37.853517901
178.306184734 -37.853692678
178.307527166 -37.853657577
178.308295401 -37.853785908
178.309227344 -37.854262105
178.309972316 -37.854541908
178.310717294 -37.854821705
178.311625384 -37.854994167
178.312533479 -37.855166621
178.313701173 -37.855227525
178.314868870 -37.855288417
178.315861823 -37.855607221
178.316854784 -37.855926016
178.318013954 -37.856525266
178.318857776 -37.856793354
178.319701605 -37.857061437
178.320571010 -37.857347534
178.321440421 -37.857633625
178.322255855 -37.857845373
178.323071293 -37.858057114
178.323895281 -37.858710372
178.324361306 -37.859764610
178.324379826 -37.860666803
178.324398348 -37.861568997
178.324659809 -37.862479067
178.325009095 -37.862793361
178.325234236 -37.862924360
178.325699451 -37.862875564
178.326133643 -37.862851194
178.326206478 -37.863181169
178.326056886 -37.864170612
178.326092771 -37.865055295
178.326128657 -37.865939976
178.325991940 -37.866718133
178.325617804 -37.867551359
178.325331573 -37.868159256
178.325045336 -37.868767153
178.324326621 -37.869657931
178.323544501 -37.870634622
178.322804895 -37.871633158
178.321793651 -37.872333515
178.321156355 -37.872700365
178.320596961 -37.873042509
178.319838110 -37.873204312
178.319210143 -37.873697141
178.318646098 -37.874240410
178.318082044 -37.874783675
178.317565215 -37.875472032
178.316782263 -37.875767149
178.315999304 -37.876062261
178.315234194 -37.876304808
178.314265061 -37.876436156
178.313295925 -37.876567495
178.312090873 -37.876744293
178.310885817 -37.876921080
178.309898807 -37.877104950
178.309745747 -37.877387948
178.309712493 -37.878113672
178.309356428 -37.878852020
178.309001733 -37.879976019
178.308171491 -37.880874191
178.307481883 -37.881418690
178.306217791 -37.881246057
178.304804505 -37.881311763
178.304020211 -37.881422604
178.303235916 -37.881533438
178.302627094 -37.881479081
178.301425362 -37.881303499
178.300808697 -37.880861048
178.300192039 -37.880418593
178.299543564 -37.880109848
178.298895094 -37.879801100
178.297615216 -37.879414218
178.296456311 -37.879253124
178.295614026 -37.879143444
178.294859648 -37.879376805
178.293822916 -37.879457961
178.292693418 -37.879130169
178.291428286 -37.878659888
178.290287925 -37.878043308
178.289147583 -37.877426716
178.288211380 -37.876891566
178.287275191 -37.876356410
178.286328038 -37.875766655
178.285380900 -37.875176892
178.284433778 -37.874587122
178.283767135 -37.874171693
178.283100500 -37.873756260
178.282208379 -37.873252084
178.281385750 -37.873124866
178.280641398 -37.872927902
178.280163569 -37.872669011
178.279556202 -37.872349993
178.278350869 -37.872405757
178.277353351 -37.872451898
178.276656642 -37.872335353
178.275987032 -37.871878695
178.275317429 -37.871422033
178.274525659 -37.870863573
178.273733901 -37.870305108
178.272653826 -37.869512018
178.271828178 -37.869043983
178.271002540 -37.868575941
178.270421819 -37.868289591
178.269642635 -37.867542639
178.268845500 -37.867142988
178.268183661 -37.867037101
178.268827832 -37.866434272
178.269197535 -37.865844114
178.269042316 -37.865605676
178.268264415 -37.865559730
178.267486514 -37.865513778
178.266382699 -37.865482866
178.265278886 -37.865451944
178.264264834 -37.865471449
178.263250782 -37.865490945
178.261896838 -37.865335081
178.260894139 -37.865040204
178.259891448 -37.864745317
178.258923071 -37.864448840
178.257954703 -37.864152354
178.257278942 -37.863856023
178.256717877 -37.862776651
178.256156827 -37.861697276
178.255786263 -37.860868374
178.255348683 -37.860533770
178.254580020 -37.860378151
178.253802968 -37.860577677
178.253154738 -37.861126029
178.252894247 -37.861329050
178.252345363 -37.861354323
178.251112362 -37.861438374
178.250704682 -37.861511718
178.249775998 -37.861991090
178.248473919 -37.862542213
178.247797756 -37.862709767
178.246974409 -37.862747639
178.246078468 -37.862734264
178.245348087 -37.862631404
178.244617709 -37.862528537
178.243407048 -37.862447743
178.242567543 -37.862499973
178.241728036 -37.862552195
178.240597921 -37.862631406
178.239465305 -37.863147352
178.238614834 -37.863572175
178.237553569 -37.863922057
178.236408405 -37.863988032
178.235263241 -37.864053995
178.234049874 -37.863995631
178.232836511 -37.863937255
178.231623148 -37.863878866
178.230255845 -37.863873869
178.229413735 -37.863869686
178.228571624 -37.863865497
178.227675671 -37.863851982
178.226875980 -37.863566487
178.226076297 -37.863280986
178.225219146 -37.862943293
178.224362002 -37.862605592
178.223473164 -37.862305184
178.222584332 -37.862004769
178.221846402 -37.861938210
178.221108473 -37.861871645
178.220168721 -37.861863307
178.219228970 -37.861854962
178.218420811 -37.861874821
178.217612650 -37.861894675
178.216406818 -37.861641733
178.215504727 -37.861409124
178.214917541 -37.861350390
178.214492152 -37.861438303
178.213915716 -37.861824096
178.212726843 -37.862100945
178.211861161 -37.862072039
178.210705823 -37.861919429
178.209802069 -37.861960712
178.209176367 -37.862263149
178.208208052 -37.862307368
178.207304290 -37.862348632
178.206403458 -37.862133012
178.205114520 -37.861627006
178.204550784 -37.861147803
178.203987055 -37.860668597
178.203712193 -37.860005049
178.203437336 -37.859341499
178.203330676 -37.858764415
178.202887948 -37.858613450
178.202320606 -37.858827608
178.201766186 -37.859202216
178.201316955 -37.859237629
178.201372726 -37.858190324
178.201535764 -37.857413768
178.201698801 -37.856637211
178.202057399 -37.855852017
178.201386434 -37.855196157
178.200561149 -37.854577873
178.201189713 -37.853519961
178.201678780 -37.852947425
178.202167839 -37.852374887
178.202116317 -37.851820657
178.201157717 -37.852412173
178.200199100 -37.853003682
178.199118246 -37.853696101
178.198037372 -37.854388508
178.197214561 -37.854867554
178.196606953 -37.855287307
178.195999338 -37.855707058
178.195954393 -37.856847361
178.195955130 -37.857517633
178.195955868 -37.858187905
178.196000834 -37.859248228
178.195423339 -37.860083962
178.195161452 -37.860652371
178.194899560 -37.861220781
178.194435532 -37.861861631
178.193971497 -37.862502480
178.193097529 -37.862769928
178.192326263 -37.863133871
178.191654043 -37.863543889
178.190834526 -37.863682368
178.190102343 -37.864145694
178.189460078 -37.864529042
178.188652266 -37.864388733
178.187988862 -37.864039495
178.187325464 -37.863690252
178.186046909 -37.863217213
178.185076466 -37.863033687
178.183928785 -37.862605264
178.183223701 -37.862561427
178.182268769 -37.862592175
178.181313837 -37.862622915
178.179750146 -37.862676233
178.178186454 -37.862729532
178.177431694 -37.862666298
178.176676935 -37.862603060
178.175813911 -37.862232730
178.175183420 -37.861676343
178.174275637 -37.861707784
178.173367851 -37.861739217
178.172506257 -37.861388300
178.171754289 -37.861022655
178.171002329 -37.860657005
178.170308859 -37.860249698
178.169615397 -37.859842388
178.169301480 -37.859542489
178.169221050 -37.858803729
178.169140621 -37.858064970
178.169170327 -37.857159824
178.169200033 -37.856254680
178.169041546 -37.855562496
178.168883061 -37.854870311
178.168489624 -37.854307131
178.168096193 -37.853743949
178.167361141 -37.852959539
178.166626106 -37.852175123
178.165629856 -37.851531651
178.165378282 -37.850865200
178.165126714 -37.850198748
178.165098892 -37.849059502
178.165123623 -37.847896357
178.165124396 -37.847530499
178.164805217 -37.847243692
178.164428076 -37.847282293
178.164206269 -37.847593605
178.163911039 -37.848015836
178.163752982 -37.848647044
178.163594922 -37.849278252
178.163144325 -37.850180933
178.163379641 -37.850998758
178.163614963 -37.851816582
178.164302043 -37.852689263
178.164989140 -37.853561939
178.165411145 -37.854145355
178.165833155 -37.854728769
178.166299618 -37.855363967
178.166766087 -37.855999161
178.167058744 -37.856667134
178.167351056 -37.857273364
178.167142739 -37.858324647
178.167091178 -37.859087247
178.166957674 -37.859205928
178.166262820 -37.858927672
178.165587186 -37.858423278
178.164657699 -37.857845904
178.164089293 -37.857350725
178.163520896 -37.856855543
178.162962631 -37.856007925
178.162343691 -37.855303842
178.161662547 -37.854968624
178.160981410 -37.854633402
178.159980167 -37.854537924
178.158845416 -37.854561110
178.158000918 -37.854669708
178.157156418 -37.854778299
178.156234049 -37.854791854
178.154799958 -37.854603273
178.154001735 -37.854367774
178.153371359 -37.854381472
178.152258708 -37.854396431
178.151479725 -37.854405135
178.150700742 -37.854413833
178.150084830 -37.854212058
178.149450230 -37.853905157
178.148815635 -37.853598252
178.147843796 -37.853712777
178.147010223 -37.853891697
178.145750296 -37.854337109
178.144903356 -37.854640244
178.143683475 -37.854712941
178.142829305 -37.854760301
178.141975133 -37.854807656
178.141550025 -37.855091742
178.140404055 -37.855108089
178.139258084 -37.855124425
178.138516181 -37.855184354
178.137774279 -37.855244278
178.136709800 -37.855309900
178.135863212 -37.855386995
178.135016623 -37.855464084
178.134268468 -37.855308716
178.133887155 -37.854827456
178.133491605 -37.854449959
178.133348461 -37.854267344
178.133026810 -37.854316199
178.132882178 -37.854718018
178.132795003 -37.855014125
178.132393054 -37.855152530
178.131668219 -37.855322653
178.130613135 -37.855421696
178.130212406 -37.855577226
178.129657969 -37.855705295
178.128815739 -37.856052553
178.128361978 -37.856072964
178.127938960 -37.856660539
178.127652663 -37.856716248
178.127526257 -37.856591528
178.126960172 -37.856561096
178.126021175 -37.856901383
178.125546603 -37.857164898
178.124693308 -37.857389546
178.123363615 -37.857523821
178.122126146 -37.857512015
178.121251721 -37.857405075
178.119945791 -37.856937338
178.119217036 -37.856546025
178.118488290 -37.856154708
178.117822672 -37.855614335
178.117269774 -37.854586375
178.116640592 -37.853781166
178.116266352 -37.853447035
178.115571294 -37.853010324
178.114546057 -37.853114809
178.113659894 -37.853359268
178.113562423 -37.853802296
178.113433046 -37.854056671
178.113255463 -37.854152366
178.112602718 -37.854050043
178.112276698 -37.853874579
178.111411564 -37.853680465
178.110851291 -37.853705583
178.110185300 -37.853824569
178.109777768 -37.854021098
178.108375494 -37.854061657
178.106973218 -37.854102199
178.106228840 -37.854167402
178.105484461 -37.854232599
178.104128999 -37.854055630
178.103382976 -37.853765805
178.102636959 -37.853475976
178.101758903 -37.853268104
178.101000069 -37.853075536
178.100393687 -37.853054705
178.100071283 -37.853340916
178.099597974 -37.853489994
178.099109918 -37.853431891
178.098414887 -37.853015332
178.097742797 -37.852637713
178.097070715 -37.852260090
178.096439703 -37.851545400
178.096127800 -37.850890037
178.095933393 -37.850191172
178.096356631 -37.850038387
178.096960721 -37.850393836
178.097627815 -37.850956820
178.098291835 -37.851137475
178.098918250 -37.851128576
178.099082466 -37.851063861
178.099179608 -37.850734421
178.099103039 -37.850336261
178.098265622 -37.849752219
178.097428219 -37.849168172
178.096232081 -37.848456736
178.095035966 -37.847745288
178.094379051 -37.847269224
178.093722145 -37.846793156
178.092975586 -37.846024599
178.092797900 -37.845209514
178.092620218 -37.844394429
178.092288418 -37.843470164
178.091956627 -37.842545897
178.091702559 -37.841966359
178.091389089 -37.840925205
178.090812233 -37.840296776
178.089871493 -37.839790114
178.089719806 -37.839902404
178.089927142 -37.840948303
178.090038468 -37.841766354
178.090149796 -37.842584405
178.090310069 -37.843716817
178.090486791 -37.844331467
178.090663515 -37.844946117
178.090882090 -37.845400624
178.090961675 -37.846146232
178.091041260 -37.846891838
178.090872747 -37.847891215
178.090576065 -37.848959625
178.090287972 -37.849774413
178.090046954 -37.850502684
178.089610887 -37.850733189
178.089297009 -37.850810515
178.089275328 -37.851254649
178.089092969 -37.851684855
178.088437177 -37.851819650
178.087749687 -37.852127019
178.086873862 -37.852129554
178.085998039 -37.852132083
178.084792404 -37.852143227
178.083586769 -37.852154358
178.082381133 -37.852165477
178.081283121 -37.852123042
178.080185110 -37.852080596
178.079300379 -37.852120029
178.078415647 -37.852159455
178.077084092 -37.852237059
178.076198196 -37.852422749
178.074894778 -37.852572189
178.073853170 -37.852837910
178.073845675 -37.853057588
178.073457588 -37.853111423
178.073120623 -37.853236094
178.072731915 -37.853445518
178.072218934 -37.853621848
178.071955623 -37.853808993
178.071877701 -37.854075601
178.071978494 -37.854718003
178.072007898 -37.855133334
178.072236338 -37.855430165
178.072635306 -37.855848677
178.073167822 -37.856012705
178.073813053 -37.856096621
178.074378198 -37.856052688
178.074344504 -37.856579833
178.074364387 -37.856860544
178.075105366 -37.856958963
178.075954418 -37.856911767
178.076803468 -37.856864564
178.077671342 -37.856581853
178.078539209 -37.856299135
178.079615514 -37.855950803
178.080691809 -37.855602460
178.081580082 -37.855440835
178.082468350 -37.855279203
178.083398509 -37.855040603
178.084328661 -37.854801996
178.085584589 -37.854483141
178.086455057 -37.854237792
178.087325519 -37.853992438
178.087817175 -37.853914173
178.088238344 -37.854176968
178.088817744 -37.854667364
178.089397152 -37.855157756
178.089946646 -37.855893534
178.090496151 -37.856629308
178.091071764 -37.857232502
178.091647385 -37.857835692
178.092333686 -37.858503608
178.093054346 -37.859060484
178.093775018 -37.859617354
178.094852413 -37.860256455
178.095565838 -37.860420923
178.095951787 -37.860043680
178.096808915 -37.859907179
178.097234311 -37.860084516
178.097616242 -37.860231068
178.098786616 -37.860145996
178.099956986 -37.860060913
178.100699956 -37.860060400
178.101420364 -37.860322705
178.102518073 -37.860666299
178.103050666 -37.860609736
178.103766917 -37.860234047
178.104483160 -37.859858354
178.104848833 -37.859776528
178.105834032 -37.859699686
178.106089509 -37.859230073
178.107222200 -37.859195703
178.108354890 -37.859161321
178.108903750 -37.859333087
178.109788765 -37.859587964
178.110616351 -37.859616324
178.111054999 -37.859400301
178.111390407 -37.858894367
178.112677429 -37.858903884
178.113519895 -37.858866102
178.114758300 -37.858993302
178.115821135 -37.859082678
178.116883974 -37.859172045
178.118254621 -37.859536937
178.119359442 -37.859680772
178.120464267 -37.859824596
178.121555370 -37.860115029
178.123020873 -37.860027977
178.124486371 -37.859940906
178.125396275 -37.859942438
178.126115490 -37.860270761
178.126834711 -37.860599079
178.127834292 -37.861105719
178.128881177 -37.861525364
178.129770483 -37.861612649
178.130659790 -37.861699928
178.131647295 -37.862037361
178.132583897 -37.862037636
178.133520499 -37.862037904
178.134747478 -37.861982659
178.135597996 -37.861901925
178.136196937 -37.862044669
178.136600685 -37.862450783
178.136722871 -37.863781830
178.136845061 -37.865112876
178.137160317 -37.866175652
178.137698841 -37.866825033
178.138335630 -37.866973616
178.139051442 -37.866976814
178.139708517 -37.867408115
178.139819016 -37.868324962
178.139851977 -37.868784390
178.139901418 -37.869473532
178.139950861 -37.870162674
178.140001572 -37.870869487
178.140052285 -37.871576299
178.139897016 -37.872176953
178.139741746 -37.872777606
178.139612238 -37.873463426
178.139593663 -37.874200912
178.139287193 -37.874413052
178.138988826 -37.874738156
178.138991691 -37.875276348
178.138804257 -37.875653117
178.138194159 -37.876615583
178.137617235 -37.877293224
178.137040300 -37.877970863
178.136195106 -37.878766377
178.135464409 -37.879382766
178.135319589 -37.880064901
178.135348120 -37.880462843
178.135249816 -37.880712947
178.134153947 -37.881100091
178.133244593 -37.881386701
178.132159670 -37.881926882
178.131652963 -37.882425682
178.131146249 -37.882924480
178.130149496 -37.883614221
178.130097214 -37.884507152
178.130345147 -37.885263741
178.130594430 -37.885498205
178.130668140 -37.885986244
178.130685683 -37.886231131
178.130915781 -37.886521720
178.131712900 -37.886614879
178.131777353 -37.887514823
178.131444366 -37.888420951
178.130996485 -37.889306876
178.130889045 -37.889753806
178.130847164 -37.890142525
178.130897959 -37.890527076
178.131606195 -37.890679422
178.132106709 -37.890527957
178.133217792 -37.889814812
178.133734161 -37.889235182
178.134250524 -37.888655550
178.134583316 -37.888206699
178.134403658 -37.886973438
178.134224006 -37.885740176
178.134167169 -37.884947307
178.134894038 -37.884480715
178.135434703 -37.883962243
178.135975361 -37.883443769
178.136517894 -37.882527492
178.137116577 -37.881970243
178.137698016 -37.881172727
178.138588138 -37.880776016
178.139477012 -37.880229831
178.140365871 -37.879683640
178.141182410 -37.878746150
178.141998929 -37.877808655
178.142626653 -37.876879667
178.143254363 -37.875950675
178.142990393 -37.874911779
178.142726432 -37.873872882
178.142620545 -37.873277199
178.142514659 -37.872681517
178.142468115 -37.872033121
178.142421571 -37.871384724
178.142375029 -37.870736328
178.142328488 -37.870087931
178.142655876 -37.869372634
178.142420580 -37.868732750
178.142185290 -37.868092864
178.143037484 -37.867654130
178.143889667 -37.867215388
178.144580194 -37.866283552
178.145270704 -37.865351712
178.145702379 -37.864331470
178.146134040 -37.863311227
178.146565691 -37.862290982
178.146966663 -37.861722464
178.147367630 -37.861153945
178.148485687 -37.860903318
178.149603736 -37.860652680
178.150821077 -37.861306898
178.152038438 -37.861961104
178.153506066 -37.862606417
178.154973718 -37.863251713
178.155705528 -37.863931654
178.156521906 -37.864343344
178.157338291 -37.864755029
178.158158628 -37.865655451
178.158645702 -37.866113415
178.159471218 -37.866016071
178.160296732 -37.865918721
178.160762284 -37.866077654
178.161865810 -37.866687705
178.162445588 -37.867381456
178.163322829 -37.868001738
178.163915562 -37.868874894
178.164371437 -37.869424248
178.164827320 -37.869973600
178.165273513 -37.870913386
178.166258584 -37.870928768
178.167042109 -37.870773275
178.167825630 -37.870617776
178.168717997 -37.870397340
178.169610359 -37.870176897
178.170892872 -37.870118758
178.171655924 -37.870204160
178.172418976 -37.870289558
178.173723081 -37.870530407
178.175165118 -37.870584984
178.175693212 -37.870561021
178.176673958 -37.870516512
178.177733292 -37.869988428
178.178792612 -37.869460334
178.179618136 -37.869362848
178.180443659 -37.869265356
178.181277827 -37.869287465
178.181764824 -37.868695340
178.182251814 -37.868103215
178.183331488 -37.867334152
178.184188212 -37.867145214
178.185044931 -37.866956270
178.186385496 -37.866655319
178.187217472 -37.866647483
178.188049446 -37.866639643
178.189160609 -37.866829095
178.190271776 -37.867018538
178.191325735 -37.866940572
178.192379691 -37.866862597
178.193339992 -37.867058877
178.194300298 -37.867255151
178.195293993 -37.867389895
178.196287691 -37.867524631
178.197241504 -37.867631175
178.198195320 -37.867737712
178.199570557 -37.867915032
178.200284216 -37.868362502
178.200997883 -37.868809969
178.201567193 -37.869354015
178.202136511 -37.869898058
178.202852376 -37.870375413
178.203568250 -37.870852765
178.203984540 -37.871373780
178.204400837 -37.871894794
178.204687973 -37.872721703
178.205477153 -37.873165699
178.206785754 -37.873465981
178.207428413 -37.873976653
178.207955743 -37.874462586
178.208483078 -37.874948517
178.209085866 -37.875431001
178.209688661 -37.875913481
178.210788387 -37.876463263
178.211589269 -37.876546680
178.212390153 -37.876630091
178.213721583 -37.876549249
178.215053010 -37.876468393
178.216384433 -37.876387521
178.217387709 -37.876131638
178.218390977 -37.875875746
178.219122949 -37.876052266
178.219854925 -37.876228781
178.221243440 -37.876585249
178.222199583 -37.876721489
178.223155731 -37.876857722
178.224509392 -37.876735738
178.225392934 -37.876395267
178.226276466 -37.876054789
178.226882851 -37.875546998
178.227489227 -37.875039204
178.227600851 -37.874494077
178.228472809 -37.874514120
178.229344766 -37.874534156
178.230614201 -37.874295958
178.231218358 -37.873758244
178.231822506 -37.873220527
178.232586865 -37.872285449
178.233683533 -37.871755132
178.234700379 -37.871168465
178.235907406 -37.871113074
178.236244115 -37.871577633
178.237100170 -37.871898349
178.238378274 -37.871779669
178.239194994 -37.871562160
178.240011710 -37.871344646
178.240761727 -37.871250193
178.241915179 -37.871497211
178.242733537 -37.871819617
178.243551901 -37.872142019
178.244487810 -37.872519013
178.245199594 -37.872936306
178.245911386 -37.873353594
178.246798148 -37.874092842
178.247538422 -37.874898824
178.247946287 -37.875300078
178.248747194 -37.875383240
178.249548103 -37.875466396
178.250650784 -37.875535661
178.251753467 -37.875604914
178.252742989 -37.875679367
178.253732511 -37.875753813
178.254411496 -37.875722546
178.255257162 -37.875383587
178.256102819 -37.875044622
178.257287955 -37.874690010
178.258153338 -37.874620131
178.259018719 -37.874550246
178.260163504 -37.874677482
178.261308292 -37.874804706
178.261744625 -37.875774350
178.262180972 -37.876743993
178.262595432 -37.877412678
178.263009897 -37.878081360
178.263464589 -37.878675786
178.263919289 -37.879270211
178.264719583 -37.879595289
178.265519883 -37.879920361
178.266360406 -37.880171173
178.267200935 -37.880421977
178.268094943 -37.880778907
178.268988960 -37.881135831
178.269690300 -37.881356845
178.270391646 -37.881577855
178.271698004 -37.881951913
178.272345878 -37.882066781
178.273051342 -37.882144049
178.273492192 -37.881507011
178.274712838 -37.881957397
178.275569350 -37.882424606
178.276066425 -37.882689670
178.276174287 -37.883527070
178.276409565 -37.884212076
178.276783013 -37.884890693
178.277673829 -37.885691886
178.278280264 -37.886396350
178.278442629 -37.886718470
178.278344790 -37.887272378
178.278317553 -37.887530016
178.277366494 -37.887793754
178.276328689 -37.888134744
178.275629399 -37.888679831
178.274916664 -37.889042406
178.274677934 -37.889566197
178.274287592 -37.889913866
178.274246523 -37.890611648
178.273883039 -37.891324329
178.273253938 -37.892195785
178.272443465 -37.892800924
178.271632978 -37.893406058
178.271090789 -37.893888919
178.270548591 -37.894371777
178.269864484 -37.895042377
178.269180365 -37.895712973
178.268435497 -37.896529213
178.267690612 -37.897345448
178.267315778 -37.897897700
178.266940939 -37.898449949
178.266703268 -37.898748967
178.265952823 -37.898783595
178.265202376 -37.898818218
178.264614467 -37.899297987
178.263971780 -37.899739131
178.263228587 -37.900226055
178.262165808 -37.900604260
178.260950760 -37.901030624
178.259961359 -37.900993927
178.258971960 -37.900957221
178.257829090 -37.900598380
178.256686230 -37.900239526
178.255560234 -37.899756437
178.254783892 -37.899792185
178.254537145 -37.899968145
178.254515469 -37.900380640
178.254578640 -37.901241876
178.254602705 -37.901569966
178.254139896 -37.901632423
178.253138461 -37.901431623
178.252170427 -37.901332152
178.251202394 -37.901232674
178.249986429 -37.900938843
178.248770473 -37.900645001
178.247778077 -37.900567190
178.246785684 -37.900489369
178.246216358 -37.900515542
178.245686775 -37.900375288
178.244500084 -37.899771435
178.243313411 -37.899167571
178.242093009 -37.898812140
178.241323043 -37.898580035
178.240553082 -37.898347923
178.239665737 -37.898285795
178.238778392 -37.898223660
178.237825411 -37.898329128
178.236872426 -37.898434588
178.236017023 -37.898528739
178.235161620 -37.898622883
178.234044573 -37.898830775
178.232927520 -37.899038657
178.231713065 -37.899635503
178.230559875 -37.900087117
178.229170997 -37.900264696
178.228298166 -37.900617992
178.227766399 -37.901211998
178.227295918 -37.901660783
178.226762677 -37.901742172
178.226301085 -37.901820277
178.225933090 -37.901210522
178.225767625 -37.900420599
178.225808211 -37.899991508
178.225212234 -37.899705496
178.224512303 -37.899965400
178.224048020 -37.900499334
178.223375623 -37.900644043
178.223143476 -37.900911007
178.223224206 -37.902018114
178.223240133 -37.902729439
178.222786461 -37.903226938
178.222332784 -37.903724436
178.221407566 -37.904388933
178.220735146 -37.904643676
178.220807465 -37.905635825
178.220872555 -37.906528759
178.220935838 -37.907396889
178.221085807 -37.908161507
178.221202666 -37.908902753
178.221402596 -37.909490881
178.221560372 -37.909931618
178.221789807 -37.910493509
178.222612270 -37.911003376
178.223552737 -37.911408291
178.224012748 -37.911685873
178.224345724 -37.911944383
178.224483072 -37.912535370
178.224456647 -37.913034309
178.224522335 -37.913504145
178.225040818 -37.914152344
178.225184148 -37.914394647
178.225393716 -37.914683690
178.225483482 -37.915052877
178.225237900 -37.915561850
178.224948337 -37.915898631
178.224568463 -37.916289317
178.224444490 -37.916742949
178.224542755 -37.917659249
178.224931864 -37.918686669
178.224676673 -37.919494717
178.224578577 -37.919872504
178.223657348 -37.920163533
178.223071487 -37.920314777
178.222741539 -37.920528967
178.222333937 -37.920970686
178.222132848 -37.921228750
178.221487969 -37.921432459
178.220511318 -37.921825543
178.219635826 -37.922313538
178.219134258 -37.922759543
178.218632685 -37.923205545
178.218106441 -37.924175287
178.217998836 -37.924986029
178.218240430 -37.925915868
178.218492567 -37.926592793
178.218450952 -37.927214302
178.218236619 -37.927453585
178.217633564 -37.927527049
178.216438542 -37.927030907
178.215124702 -37.926494287
178.213875293 -37.926046502
178.213243100 -37.925719679
178.212610914 -37.925392853
178.211585307 -37.925233152
178.210366989 -37.925610051
178.209750044 -37.925890643
178.209233619 -37.925960110
178.208682249 -37.925549256
178.208364623 -37.925563750
178.207982001 -37.925879537
178.207801503 -37.926186100
178.207352807 -37.926390158
178.206645891 -37.926628942
178.206444826 -37.927051183
178.205487121 -37.927511624
178.204274609 -37.927816199
178.203512206 -37.927985188
178.202307660 -37.927733287
178.201339812 -37.927240479
178.200371978 -37.926747663
178.199740997 -37.926392899
178.199349388 -37.926334037
178.198937813 -37.926333609
178.198880695 -37.926547143
178.199393539 -37.927108638
178.199906391 -37.927670130
178.200646827 -37.928365068
178.201387278 -37.929060001
178.201923946 -37.929465209
178.202460620 -37.929870415
178.203155054 -37.930146908
178.203849495 -37.930423397
178.204016506 -37.930580128
178.203799673 -37.931165221
178.203582838 -37.931750315
178.203531524 -37.932471665
178.203480211 -37.933193013
178.203913580 -37.934159328
178.204428040 -37.934813796
178.204942510 -37.935468262
178.205739879 -37.936089283
178.206537262 -37.936710296
178.206715674 -37.937380083
178.206894090 -37.938049869
178.206942954 -37.938704398
178.207735603 -37.938604891
178.208528250 -37.938505378
178.209274140 -37.938312971
178.210020026 -37.938120558
178.210976708 -37.938076891
178.212082855 -37.938438160
178.211795355 -37.939433195
178.211866614 -37.940411851
178.211890359 -37.941012581
178.211914103 -37.941613313
178.211828208 -37.942630817
178.211511956 -37.943231233
178.211195699 -37.943831648
178.210816190 -37.944387436
178.210436676 -37.944943224
178.209890046 -37.945657379
178.209204224 -37.946649091
178.208518381 -37.947640798
178.207608041 -37.948672755
178.206697674 -37.949704703
178.206097901 -37.950317308
178.205498117 -37.950929909
178.204585620 -37.951151588
178.203673117 -37.951373261
178.203002098 -37.952049121
178.202331066 -37.952724977
178.201632436 -37.953282034
178.200933795 -37.953839089
178.200237729 -37.954170924
178.200041226 -37.954826275
178.199844720 -37.955481626
178.199679383 -37.956221676
178.199514043 -37.956961728
178.198583552 -37.956888439
178.197653064 -37.956815144
178.196754365 -37.956509072
178.196583811 -37.955501589
178.196413263 -37.954494105
178.196242720 -37.953486621
178.197102850 -37.952926993
178.197962967 -37.952367360
178.198574844 -37.951741916
178.199186710 -37.951116469
178.199436001 -37.950526810
178.199685289 -37.949937150
178.199666276 -37.949340433
178.199647265 -37.948743715
178.199135147 -37.947726089
178.198345308 -37.947241583
178.197555479 -37.946757071
178.196760931 -37.946542646
178.195966389 -37.946328214
178.195138665 -37.946327333
178.194310943 -37.946326446
178.193269039 -37.946393127
178.192227133 -37.946459800
178.191321431 -37.947042101
178.190574802 -37.947172210
178.190019546 -37.947200627
178.189561004 -37.946619591
178.188924594 -37.946571414
178.188499006 -37.946744973
178.188355049 -37.947445480
178.188178469 -37.948031808
178.188001885 -37.948618137
178.187647095 -37.949096903
178.187700024 -37.949827015
178.187752954 -37.950557127
178.187777441 -37.951230701
178.187801930 -37.951904274
178.187671887 -37.952796916
178.186989093 -37.953117092
178.186306293 -37.953437265
178.186344864 -37.952625890
178.186196605 -37.951476021
178.186048350 -37.950326151
178.185900100 -37.949176281
178.185510284 -37.948500026
178.185176442 -37.948337005
178.184189349 -37.948441282
178.183202253 -37.948545550
178.182734753 -37.949086907
178.182267246 -37.949628262
178.181355555 -37.949996586
178.180344247 -37.949507494
178.179508328 -37.949367096
178.179151368 -37.949621066
178.179097986 -37.949920705
178.178976322 -37.950832736
178.178854655 -37.951744767
178.178483851 -37.952326301
178.177590227 -37.952426280
178.176866518 -37.952280772
178.176265677 -37.951758168
178.175664844 -37.951235562
178.174464352 -37.950725275
178.173410382 -37.950683882
178.172574463 -37.950543434
178.171944879 -37.950661126
178.171565460 -37.951124141
178.171091997 -37.951844048
178.170618524 -37.952563952
178.170168542 -37.953089600
178.170390285 -37.953651674
178.170612032 -37.954213748
178.171263251 -37.954829031
178.171914483 -37.955444310
178.172654411 -37.956181995
178.173394355 -37.956919674
178.173362645 -37.957806107
178.173158166 -37.958953225
178.172396129 -37.959898035
178.171206535 -37.960230069
178.170282912 -37.960044333
178.169359295 -37.959858590
178.168079592 -37.959385535
178.166933629 -37.959437409
178.166406148 -37.960093421
178.166165153 -37.960736464
178.166339807 -37.961385983
178.166703644 -37.962001655
178.166962986 -37.963021947
178.166563519 -37.963817828
178.166164043 -37.964613707
178.165661745 -37.965251443
178.165751560 -37.965862384
178.167042522 -37.966021024
178.168096590 -37.965430660
178.168866937 -37.964708424
178.169086804 -37.963956843
178.169306666 -37.963205262
178.169473162 -37.962347567
178.169639655 -37.961489871
178.170380799 -37.961038995
178.171866018 -37.960981133
178.173351235 -37.960923251
178.174298767 -37.960588017
178.174737141 -37.959908261
178.175230099 -37.959373486
178.175723052 -37.958838710
178.176286555 -37.959264147
178.176850065 -37.959689582
178.177831418 -37.959631387
178.178812769 -37.959573185
178.180342094 -37.959202625
178.181871402 -37.958832045
178.183445474 -37.958363585
178.185019527 -37.957895103
178.185831903 -37.957652857
178.186644272 -37.957410606
178.187505940 -37.957371456
178.188367609 -37.957332299
178.189328718 -37.957233857
178.189967981 -37.956273890
178.190607230 -37.955313921
178.191162640 -37.955343427
178.191888400 -37.955337803
178.192188477 -37.955899128
178.192488559 -37.956460452
178.192669993 -37.957054552
178.192851430 -37.957648651
178.193527294 -37.958384537
178.194666499 -37.959071960
178.195805726 -37.959759371
178.196600681 -37.960229715
178.197395646 -37.960700052
178.197841748 -37.960652364
178.198108343 -37.960037874
178.198499383 -37.960184347
178.198726019 -37.960447825
178.198903548 -37.960987335
178.199853208 -37.961392893
178.200860954 -37.961258268
178.202110584 -37.960918752
178.203261889 -37.960413284
178.204584694 -37.960035616
178.205239265 -37.959462894
178.205893824 -37.958890168
178.206569010 -37.958166160
178.207244185 -37.957442148
178.207809541 -37.956948647
178.208374888 -37.956455143
178.208864210 -37.955931697
178.209065632 -37.955220934
178.209664921 -37.954759283
178.210038925 -37.955260045
178.210968991 -37.954415801
178.211779738 -37.953961191
178.212370512 -37.953382985
178.213223129 -37.953189877
178.214115064 -37.953179877
178.214928895 -37.953695874
178.215802244 -37.953963295
178.216725056 -37.953844306
178.217647864 -37.953725310
178.218648035 -37.953602772
178.219648203 -37.953480223
178.220595928 -37.953436894
178.221543653 -37.953393556
178.222838062 -37.953580205
178.223916030 -37.953991864
178.224411528 -37.954399435
178.224687682 -37.955523867
178.224886809 -37.956390604
178.225085941 -37.957257341
178.224684570 -37.957807364
178.224283192 -37.958357385
178.223483374 -37.959298806
178.222693554 -37.959751156
178.221539231 -37.960220169
178.220854491 -37.960233383
178.220226742 -37.960714498
178.219341399 -37.961424543
178.218761825 -37.961939640
178.218578318 -37.962870951
178.218664662 -37.963427998
178.218905635 -37.963597950
178.219896609 -37.963082144
178.220884937 -37.962530256
178.221357582 -37.961802878
178.222057624 -37.961372740
178.222887361 -37.961153826
178.224053540 -37.960847126
178.225212734 -37.960757894
178.226055626 -37.960719320
178.226786701 -37.960088670
178.227363950 -37.959229801
178.228064871 -37.959125325
178.228878466 -37.958373254
178.229692043 -37.957621177
178.230653488 -37.957016142
178.231671024 -37.956553302
178.232799446 -37.956356823
178.233394883 -37.955904261
178.233990313 -37.955451698
178.234634562 -37.955266410
178.235301804 -37.955537362
178.235745708 -37.955878859
178.236379400 -37.956211651
178.237229027 -37.956112377
178.238078651 -37.956013098
178.239117233 -37.955633753
178.239556482 -37.955131131
178.239995725 -37.954628506
178.240346675 -37.954220396
178.241472134 -37.953987813
178.242429824 -37.954064466
178.243190608 -37.954572313
178.243212099 -37.955385493
178.243581806 -37.956273146
178.243894846 -37.956907089
178.244207892 -37.957541031
178.244700305 -37.958543663
178.245423193 -37.959053239
178.245730754 -37.959612043
178.246115935 -37.960710059
178.246414193 -37.961661296
178.246648057 -37.962253638
178.246763140 -37.963303754
178.246770352 -37.963921586
178.246777564 -37.964539419
178.247111853 -37.965202534
178.247446149 -37.965865646
178.247556841 -37.966855654
178.247969030 -37.967801653
178.248173783 -37.968515949
178.248320736 -37.968961510
178.248834096 -37.969209308
178.248983260 -37.969684922
178.249141245 -37.970280748
178.249252449 -37.970758107
178.249693828 -37.971582142
178.250166565 -37.972314271
178.250659635 -37.972804229
178.251648461 -37.973301545
178.252729134 -37.973493085
178.253995225 -37.973615778
178.254405775 -37.974019054
178.254452124 -37.974650165
178.254855620 -37.975475925
178.255308567 -37.975937557
178.256516435 -37.976304138
178.257400706 -37.976414211
178.258292023 -37.976101792
178.258415175 -37.975704114
178.258333034 -37.975104806
178.257241282 -37.974763054
178.256283739 -37.974173880
178.256154389 -37.973968752
178.256208674 -37.973152083
178.256316378 -37.972544037
178.256459835 -37.971904192
178.255953489 -37.971233941
178.255205687 -37.970906498
178.254449064 -37.970458839
178.254344893 -37.969558998
178.254249552 -37.968779369
178.253719892 -37.968230446
178.252803013 -37.968272974
178.251400607 -37.968367621
178.251168420 -37.968317988
178.250980813 -37.968356768
178.250912645 -37.967432679
178.250844478 -37.966508591
178.250106292 -37.965901846
178.249270984 -37.965284306
178.248659193 -37.964824286
178.248186295 -37.964418899
178.248070704 -37.963630985
178.248157862 -37.962849009
178.248245019 -37.962067033
178.248497872 -37.961048627
178.248529232 -37.960114212
178.248560592 -37.959179799
178.248591952 -37.958245384
178.248409279 -37.956962832
178.248226615 -37.955680280
178.247969773 -37.954836130
178.247712937 -37.953991979
178.247977530 -37.953250152
178.248242119 -37.952508325
178.248588629 -37.951917084
178.248935133 -37.951325842
178.249611267 -37.950396708
178.250184049 -37.949991508
178.250756827 -37.949586304
178.251875248 -37.948889394
178.252249850 -37.948198624
178.252667976 -37.947618107
178.253590848 -37.947154687
178.253737532 -37.946440553
178.253884213 -37.945726419
178.254868852 -37.945168149
178.256195031 -37.944850628
178.257593770 -37.944786231
178.258992505 -37.944721817
178.259865784 -37.944852580
178.260739067 -37.944983335
178.261435305 -37.944908509
178.261062424 -37.944241743
178.260464683 -37.943820442
178.259866950 -37.943399138
178.259709273 -37.942722455
178.259551602 -37.942045771
178.259523432 -37.941662348
178.258900389 -37.941263579
178.257641202 -37.941022342
178.257135150 -37.940746417
178.256923712 -37.940072206
178.256712277 -37.939397995
178.257038778 -37.938699015
178.257365274 -37.938000035
178.258174027 -37.937620818
178.258982771 -37.937241596
178.259973519 -37.936768490
178.259366751 -37.935856014
178.259152178 -37.935139204
178.258937609 -37.934422394
178.259138983 -37.933857411
178.259340353 -37.933292427
178.259785334 -37.932737595
178.260230308 -37.932182759
178.260898252 -37.931724514
178.261404825 -37.931273703
178.261911391 -37.930822889
178.263186900 -37.930187013
178.264462386 -37.929551123
178.265540202 -37.928796095
178.266617995 -37.928041056
178.267614836 -37.927653092
178.268949798 -37.927826598
178.270284766 -37.928000087
178.270882430 -37.928421339
178.271480103 -37.928842588
178.272406539 -37.929697496
178.272586489 -37.930309017
178.272766441 -37.930920537
178.273091845 -37.931674956
178.273467907 -37.932384286
178.273628823 -37.933103552
178.273824703 -37.933564721
178.274811729 -37.933775609
178.275798759 -37.933986487
178.276747705 -37.934412853
178.277696661 -37.934839212
178.278468157 -37.935786732
178.279298566 -37.936068943
178.280128981 -37.936351148
178.281076597 -37.936392819
178.282024215 -37.936434481
178.282900577 -37.936607673
178.283689406 -37.937203812
178.284478249 -37.937799944
178.285251124 -37.937888200
178.286024002 -37.937976451
178.287150154 -37.937977119
178.287403803 -37.938536742
178.287117897 -37.939340734
178.286831984 -37.940144726
178.287486629 -37.940969360
178.288020260 -37.941366536
178.288504272 -37.941344121
178.288912421 -37.941171370
178.288996186 -37.940552098
178.288950882 -37.939938804
178.289706403 -37.939647395
178.290458311 -37.938868961
178.289188775 -37.938338021
178.288427872 -37.937898899
178.287666978 -37.937459771
178.287007606 -37.937080041
178.286348240 -37.936700309
178.285461140 -37.936305472
178.284574047 -37.935910629
178.282949585 -37.935614001
178.281325134 -37.935317351
178.280216820 -37.935214762
178.279851063 -37.934206026
178.279585876 -37.933243921
178.278318224 -37.932628937
178.277050593 -37.932013941
178.276448033 -37.931531473
178.275845482 -37.931049003
178.275248252 -37.930546969
178.274651031 -37.930044931
178.274469410 -37.929051319
178.274022892 -37.928141516
178.273168455 -37.927336438
178.272362228 -37.926602261
178.272382497 -37.925735392
178.273148914 -37.925180436
178.273328821 -37.924426091
178.273295581 -37.923974677
178.272586186 -37.923248085
178.272263276 -37.922516964
178.272364128 -37.922059357
178.273072264 -37.921626989
178.273860364 -37.920946030
178.274410800 -37.920348819
178.274444822 -37.919657747
178.274809944 -37.918850474
178.274969494 -37.918422675
178.275488532 -37.918264154
178.275513731 -37.917741659
178.275421308 -37.917017860
178.275328887 -37.916294060
178.274732221 -37.915673171
178.274135567 -37.915052281
178.273291716 -37.914280691
178.272447884 -37.913509096
178.271972325 -37.912608253
178.271496778 -37.911707409
178.271531447 -37.910895234
178.271566115 -37.910083060
178.271927570 -37.909164803
178.272289017 -37.908246544
178.272650456 -37.907328284
178.273247092 -37.906395106
178.273843712 -37.905461926
178.274632291 -37.904587454
178.275124474 -37.904321409
178.275934307 -37.904662446
178.276720066 -37.905139757
178.277140008 -37.905282544
178.277370088 -37.905163773
178.277276545 -37.904357096
178.277288980 -37.903599588
178.278091392 -37.902913684
178.278135834 -37.902127662
178.278106320 -37.901263958
178.278045653 -37.900672029
178.277984988 -37.900080100
178.278555309 -37.899486025
178.278585595 -37.898970990
178.278671970 -37.898291161
178.279500988 -37.898198750
178.280330003 -37.898106333
178.280981948 -37.898157270
178.281155676 -37.898662866
178.281277295 -37.899387141
178.281454764 -37.900406200
178.281794297 -37.901309625
178.282031836 -37.902217769
178.282587314 -37.903273400
178.282920914 -37.904095997
178.283840513 -37.904999602
178.284461281 -37.905552084
178.285082060 -37.906104563
178.285720948 -37.906439932
178.286359843 -37.906775298
178.287601855 -37.906961075
178.288389897 -37.907005669
178.289177939 -37.907050258
178.289979005 -37.907040171
178.290780071 -37.907030080
178.291600128 -37.907046135
178.292420186 -37.907062185
178.293546273 -37.907064038
178.294403398 -37.906889120
178.295260519 -37.906714196
178.296230815 -37.905993342
178.297201093 -37.905272480
178.298057258 -37.904854276
178.298913413 -37.904436066
178.299926613 -37.903834838
178.300939794 -37.903233600
178.301869949 -37.902663241
178.302800089 -37.902092876
178.303720195 -37.901617585
178.304640289 -37.901142288
178.305769314 -37.900954644
178.306898333 -37.900766987
178.307985329 -37.900702926
178.309072321 -37.900638855
178.310150347 -37.900300348
178.311228363 -37.899961830
178.312306368 -37.899623303
178.313503366 -37.899202630
178.314700349 -37.898781945
178.315813311 -37.898608466
178.316926268 -37.898434976
178.317108831 -37.897761894
178.317291392 -37.897088812
178.318511643 -37.896532108
178.319019240 -37.895645074
178.320125164 -37.895093680
178.321516804 -37.894915202
178.322908437 -37.894736710
178.323760557 -37.894628807
178.324612674 -37.894520897
178.326011056 -37.894819185
178.326800978 -37.894646000
178.327742129 -37.894193102
178.328861434 -37.893822763
178.330273178 -37.893529639
178.331187468 -37.893486939
178.331972309 -37.893245793
178.332757146 -37.893004642
178.333358755 -37.892613001
178.333560218 -37.891467552
178.334373600 -37.891225055
178.335186978 -37.890982553
178.336198657 -37.890708053
178.337210327 -37.890433545
178.338235482 -37.890340163
178.338891010 -37.890673036
178.339546543 -37.891005905
178.340309616 -37.891242855
178.341125010 -37.891124230
178.341276066 -37.890490389
178.341733734 -37.889725471
178.342785736 -37.889606169
178.343324748 -37.889721066
178.343560810 -37.890515752
178.343605055 -37.891109225
178.343467889 -37.891641126
178.343931828 -37.891934695
178.344460447 -37.891909945
178.344957825 -37.891466272
178.345367095 -37.891026723
178.346450139 -37.890730775
178.347396040 -37.890966723
178.347746070 -37.891510838
178.348220445 -37.891944030
178.349073054 -37.892114272
178.349881614 -37.892286573
178.350060673 -37.892908759
178.350734482 -37.893052336
178.352025021 -37.893166997
178.352556019 -37.893556860
178.352726996 -37.894493533
178.352897976 -37.895430206
178.353459873 -37.896460629
178.353619076 -37.897509935
178.353813533 -37.897949144
178.354427136 -37.898048459
178.354834354 -37.897549007
178.355739122 -37.897218352
178.356423723 -37.897186232
178.356823767 -37.896591038
178.356856605 -37.895949027
178.356466476 -37.895054665
178.356076355 -37.894160302
178.355635246 -37.893124224
178.355312570 -37.892050565
178.355501721 -37.891337175
178.355923202 -37.891029189
178.357043807 -37.891424933
178.357567565 -37.891944752
178.357795425 -37.892830714
178.357911743 -37.893305608
178.357716272 -37.894177152
178.358062426 -37.894993995
178.358408586 -37.895810836
178.358619940 -37.896492803
178.358831298 -37.897174768
178.359021747 -37.897815355
178.359212199 -37.898455942
178.359275330 -37.899300184
178.359026989 -37.899791927
178.358910183 -37.900136292
178.359016985 -37.900611362
178.359875653 -37.900655773
178.360590426 -37.901158777
178.361121318 -37.901585692
178.361614594 -37.901986131
178.361823753 -37.902399913
178.362039230 -37.902898117
178.362845847 -37.903199113
178.363441481 -37.903538257
178.363888735 -37.903799648
178.364235764 -37.904150467
178.365487454 -37.904685709
178.366170583 -37.905347552
178.366853725 -37.906009390
178.367562225 -37.907009626
178.368552432 -37.907789904
178.369332706 -37.908255219
178.369853009 -37.908732756
178.370076197 -37.909224266
178.370373669 -37.909712281
178.371505530 -37.909895277
178.372768309 -37.909835864
178.373487218 -37.909979212
178.374328587 -37.910264441
178.375246067 -37.910073604
178.375339829 -37.909832951
178.374695199 -37.909686117
178.374437047 -37.909225791
178.373982163 -37.908627075
178.373221345 -37.907924635
178.372751401 -37.907621922
178.372224107 -37.906554129
178.372009556 -37.905929333
178.371795010 -37.905304537
178.370870610 -37.904905078
178.370317950 -37.904990134
178.370064944 -37.905592630
178.369809730 -37.906165700
178.368686749 -37.906100391
178.368384894 -37.905553518
178.368115773 -37.904946047
178.368015047 -37.904596426
178.368375070 -37.903929843
178.367566197 -37.903081981
178.366362379 -37.902931862
178.365668573 -37.902624880
178.364974771 -37.902317893
178.364314809 -37.901965018
178.363654852 -37.901612139
178.363019779 -37.900844672
178.362384718 -37.900077200
178.361707177 -37.899488901
178.361606294 -37.898490004
178.361505415 -37.897491103
178.361485153 -37.896842237
178.361464892 -37.896193370
178.361931853 -37.895379705
178.362670700 -37.894672773
178.363914793 -37.894420125
178.364797370 -37.894165309
178.365679941 -37.893910485
178.366618677 -37.893443202
178.367557400 -37.892975912
178.368401932 -37.892089886
178.369246443 -37.891203854
178.369822252 -37.890504695
178.370398052 -37.889805535
178.371188726 -37.889668769
178.371979397 -37.889531997
178.372739696 -37.889409096
178.373499992 -37.889286189
178.374246496 -37.889188817
178.374992999 -37.889091442
178.376171485 -37.889309756
178.377047228 -37.889679223
178.377922982 -37.890048683
178.378595473 -37.890639294
178.379267976 -37.891229900
178.379982957 -37.891967851
178.380699463 -37.892307460
178.381660069 -37.891714562
178.382805090 -37.891486337
178.383185897 -37.891119895
178.382423193 -37.890583347
178.381569401 -37.890088425
178.380715619 -37.889593497
178.379884943 -37.889197042
178.379054276 -37.888800581
178.378483134 -37.888304765
178.378475351 -37.887782406
178.379211597 -37.887548581
178.380045105 -37.886936792
178.380546435 -37.886502450
178.381047760 -37.886068105
178.380931178 -37.885351740
178.381659765 -37.884807113
178.382388341 -37.884262481
178.383511131 -37.883516164
178.384159275 -37.882789393
178.383908600 -37.882124906
178.383190512 -37.881920074
178.382977959 -37.881094656
178.382222971 -37.880732427
178.381718352 -37.880696544
178.381442062 -37.881027833
178.381604296 -37.881517472
178.381520914 -37.882078364
178.381300586 -37.882486580
178.381217200 -37.883047472
178.380488511 -37.883370247
178.379759817 -37.883693017
178.378573924 -37.884445100
178.377388008 -37.885197171
178.376147942 -37.885394821
178.375073511 -37.884789001
178.374174480 -37.884081633
178.373572642 -37.884062380
178.372988573 -37.884280216
178.372635514 -37.885177164
178.372623950 -37.886224589
178.372387730 -37.886878109
178.372151505 -37.887531631
178.371754293 -37.888240312
178.370862144 -37.888353669
178.369695418 -37.888408557
178.369172639 -37.888242805
178.368276667 -37.887904261
178.367748832 -37.888071838
178.367719182 -37.888477708
178.367770932 -37.889569737
178.367783625 -37.890140164
178.367359726 -37.890493194
178.366364607 -37.890635148
178.365369485 -37.890777095
178.363830527 -37.890873211
178.362291563 -37.890969306
178.361323569 -37.890872017
178.360816296 -37.890110686
178.360309033 -37.889349352
178.359807210 -37.888861376
178.359305392 -37.888373397
178.358937629 -37.887950186
178.358548410 -37.887885499
178.357378136 -37.887892845
178.356770955 -37.887802379
178.356432817 -37.887294811
178.356017337 -37.886957418
178.355774071 -37.886112302
178.354823293 -37.885652034
178.354091615 -37.885139702
178.353359947 -37.884627366
178.352652788 -37.884398945
178.351889550 -37.884624979
178.351435745 -37.884574914
178.350795467 -37.884438469
178.349926604 -37.884455417
178.349302408 -37.884936501
178.348889112 -37.885027210
178.348259443 -37.885032936
178.347777507 -37.885007957
178.347316480 -37.884458826
178.347208951 -37.883821793
178.347101425 -37.883184759
178.346316680 -37.882317865
178.345802069 -37.881854471
178.345287464 -37.881391075
178.344967274 -37.881120705
178.345051589 -37.880909568
178.346059093 -37.880070793
178.347092120 -37.879439780
178.348125127 -37.878808759
178.348839051 -37.878525608
178.349552971 -37.878242453
178.350258126 -37.878042936
178.350963276 -37.877843415
178.351439686 -37.877393030
178.351916091 -37.876942643
178.352607073 -37.876553532
178.352306161 -37.876139595
178.351616775 -37.876148143
178.350992488 -37.876224975
178.349980513 -37.876534001
178.348968529 -37.876843019
178.348272222 -37.877161016
178.347575908 -37.877479009
178.346759999 -37.877802601
178.345944083 -37.878126186
178.344663935 -37.878661750
178.344106614 -37.879234796
178.342817602 -37.879651852
178.341957622 -37.879787228
178.341658641 -37.879801222
178.341148491 -37.879397051
178.340669865 -37.878509851
178.340191252 -37.877622649
178.339712650 -37.876735444
178.339234060 -37.875848238
178.338990318 -37.875193792
178.338746581 -37.874539345
178.338985538 -37.873719635
178.339567352 -37.872669860
178.339862665 -37.872204216
178.339563499 -37.871409683
178.339234550 -37.871020808
178.339325786 -37.870231788
178.339919922 -37.869347896
178.340514043 -37.868464001
178.341053602 -37.867451864
178.341593147 -37.866439725
178.341856646 -37.865547517
178.342311908 -37.865014926
178.342767165 -37.864482334
178.342939265 -37.863772755
178.343111361 -37.863063175
178.343476044 -37.862522930
178.343840721 -37.861982684
178.344624677 -37.861232556
178.345408617 -37.860482424
178.345865661 -37.860175648
178.345653360 -37.858937121
178.345441068 -37.857698594
178.346071986 -37.856908062
178.346175285 -37.855678530
178.346278582 -37.854448998
178.346687075 -37.853692663
178.347095560 -37.852936328
178.347626309 -37.852412065
178.347585520 -37.851462758
178.346984111 -37.851039115
178.346951283 -37.850196447
178.346918455 -37.849353780
178.347278554 -37.848552149
178.347466400 -37.847853712
178.347860779 -37.847000995
178.348363966 -37.846205519
178.348778999 -37.845380092
178.348827396 -37.844213881
178.348984812 -37.843042971
178.349142223 -37.841872061
178.349335818 -37.842818854
178.349529420 -37.843765645
178.350193008 -37.844417292
178.350749852 -37.844956898
178.352113938 -37.844775871
178.353098649 -37.844455838
178.353994844 -37.844425484
178.354891039 -37.844395124
178.356171954 -37.844313028
178.357514463 -37.844435445
178.358856978 -37.844557846
178.359322609 -37.844897620
178.359268958 -37.845489966
178.359215307 -37.846082311
178.358902332 -37.846619894
178.358589353 -37.847157475
178.358308810 -37.847780991
178.358028263 -37.848404507
178.358164026 -37.849191575
178.358915687 -37.849980237
178.359098903 -37.850887144
178.359198603 -37.851706422
178.359350015 -37.852187584
178.359941210 -37.852373435
178.360080986 -37.852183766
178.360167497 -37.851538843
178.360254005 -37.850893921
178.360368496 -37.849850961
178.360762803 -37.848947440
178.361157101 -37.848043918
178.361403671 -37.847223630
178.361650236 -37.846403340
178.362152737 -37.845403177
178.363061443 -37.844689091
178.364387724 -37.844413123
178.365835863 -37.844222960
178.366614039 -37.844079552
178.367392213 -37.843936138
178.367883576 -37.843302678
178.367905494 -37.842309837
178.367927411 -37.841316996
178.367947220 -37.840553134
178.368623630 -37.840078808
178.369300031 -37.839604479
178.369965215 -37.839237484
178.369856312 -37.838296574
178.370568932 -37.838049411
178.371358596 -37.838317410
178.371787221 -37.838388782
178.372795209 -37.837975112
178.373803186 -37.837561435
178.374765927 -37.837474605
178.375062711 -37.836855885
178.375055179 -37.835737477
178.375047646 -37.834619067
178.375453873 -37.833934717
178.375616544 -37.833307196
178.375779212 -37.832679675
178.375941685 -37.831795149
178.376603846 -37.831219682
178.377265996 -37.830644210
178.378492514 -37.830223551
178.379140571 -37.830223235
178.379690064 -37.829925193
178.380260598 -37.829399379
178.380831124 -37.828873562
178.381359135 -37.828289273
178.381887136 -37.827704982
178.382298212 -37.827594878
178.383497054 -37.827568551
178.384695894 -37.827542211
178.385417640 -37.827508144
178.386212638 -37.826926347
178.387007625 -37.826344544
178.387866130 -37.825593433
178.388724617 -37.824842315
178.389423284 -37.823932064
178.390121935 -37.823021810
178.390546126 -37.821803847
178.390970305 -37.820585883
178.391328356 -37.819468435
178.391686397 -37.818350985
178.391787683 -37.817411235
178.391888968 -37.816471485
178.392326946 -37.815437907
178.393120886 -37.814893937
178.393914814 -37.814349961
178.395201295 -37.814152775
178.396154734 -37.814097938
178.397108170 -37.814043095
178.397827337 -37.814301244
178.398546508 -37.814559390
178.399183880 -37.815035665
178.399821260 -37.815511937
178.400593033 -37.815816275
178.401364812 -37.816120608
178.402254730 -37.816526472
178.403457597 -37.816196804
178.404456332 -37.816091057
178.405391896 -37.816124643
178.406120803 -37.816674458
178.407443452 -37.816631249
178.408643766 -37.816593825
178.409340524 -37.816716616
178.409617767 -37.817463133
178.409924931 -37.817955010
178.410639058 -37.818145146
178.411353189 -37.818335277
178.411667686 -37.818924195
178.412483879 -37.819002346
178.412762436 -37.818463208
178.413199497 -37.818072377
178.413957234 -37.818026681
178.414714971 -37.817980979
178.415948127 -37.817727657
178.415998706 -37.816770804
178.416049283 -37.815813950
178.416256576 -37.814770830
178.416998235 -37.814724868
178.417739895 -37.814678900
178.418496994 -37.814299013
178.419560770 -37.814033527
178.419908588 -37.813436623
178.420256401 -37.812839717
178.421124123 -37.812335297
178.421991833 -37.811830870
178.422725974 -37.811190700
178.423460102 -37.810550526
178.423923668 -37.809954251
178.424387227 -37.809357974
178.424457072 -37.808470020
178.424526915 -37.807582065
178.424977601 -37.806815679
178.425991549 -37.806255298
178.427005482 -37.805694908
178.427502888 -37.805547084
178.428417206 -37.804783539
178.429222140 -37.804133592
178.430027061 -37.803483641
178.430741783 -37.802696683
178.431456489 -37.801909720
178.432161826 -37.800695378
178.432867142 -37.799481031
178.433291503 -37.799938744
178.433179266 -37.800562582
178.433067027 -37.801186419
178.433008803 -37.801821741
178.432950577 -37.802457061
178.432883539 -37.803444218
178.432929107 -37.804046482
178.432974675 -37.804648746
178.432407671 -37.804647636
178.431364032 -37.803966387
178.430911423 -37.804072276
178.430376909 -37.804969233
178.429855447 -37.805570376
178.429333976 -37.806171516
178.429054346 -37.806690863
178.429491435 -37.807316663
178.430162970 -37.807762624
178.430838393 -37.808025660
178.431513822 -37.808288692
178.432529248 -37.808127887
178.433238234 -37.808600161
178.434084219 -37.809009678
178.435041756 -37.809020289
178.435999295 -37.809030893
178.436817726 -37.809076231
178.437768142 -37.808524893
178.439063890 -37.808322557
178.440434489 -37.808172862
178.441360565 -37.808002185
178.442286636 -37.807831500
178.443068687 -37.807864472
178.443850740 -37.807897440
178.444386570 -37.807253376
178.444922392 -37.806609308
178.445637260 -37.806223768
178.446352120 -37.805838225
178.447267937 -37.805766387
178.448434313 -37.805260872
178.449088105 -37.805004738
178.449669157 -37.804723961
178.450207684 -37.803882943
178.450374023 -37.802806685
178.450806619 -37.801970725
178.451078854 -37.800889404
178.450867126 -37.799578572
178.450655405 -37.798267740
178.450902987 -37.797291668
178.451648666 -37.797227674
178.451852458 -37.797558254
178.451942769 -37.798277120
178.452033081 -37.798995983
178.452328270 -37.800059552
178.452559964 -37.800757477
178.453237462 -37.801207211
178.453899947 -37.801459140
178.454461164 -37.801318868
178.454130326 -37.800257008
178.454105849 -37.799464099
178.454081374 -37.798671190
178.454267143 -37.798293628
178.455172006 -37.798207820
178.456076866 -37.798122006
178.456865080 -37.798232900
178.458233449 -37.797914868
178.459528311 -37.798200186
178.460212814 -37.798830414
178.460118811 -37.799687328
178.459642717 -37.800751953
178.459292907 -37.801384325
178.458943089 -37.802016697
178.458579421 -37.802728657
178.458215746 -37.803440616
178.457934444 -37.803927637
178.457243190 -37.804834523
178.456551919 -37.805741405
178.455860632 -37.806648284
178.455169328 -37.807555158
178.454478006 -37.808462028
178.454032005 -37.809290963
178.453585993 -37.810119896
178.453139972 -37.810948828
178.452693940 -37.811777758
178.452247899 -37.812606686
178.451801848 -37.813435613
178.451355786 -37.814264538
178.450909715 -37.815093461
178.450463634 -37.815922384
178.450017544 -37.816751304
178.449590329 -37.817711671
178.449163103 -37.818672037
178.448735868 -37.819632402
178.448308621 -37.820592766
178.447881362 -37.821553127
178.447788222 -37.822647893
178.447695080 -37.823742658
178.447601936 -37.824837423
178.447692313 -37.825718368
178.447782691 -37.826599314
178.448170519 -37.827333443
178.448558354 -37.828067572
178.448609586 -37.828742506
178.449722511 -37.829028051
178.450835445 -37.829313585
178.451528611 -37.829694427
178.452221784 -37.830075266
178.453240793 -37.830475701
178.454259812 -37.830876127
178.455278843 -37.831276543
178.456297884 -37.831676952
178.457316936 -37.832077350
178.458335999 -37.832477740
178.459355074 -37.832878121
178.460374158 -37.833278493
178.461393255 -37.833678856
178.462412361 -37.834079209
178.463431480 -37.834479554
178.464450609 -37.834879889
178.465469749 -37.835280216
178.466488899 -37.835680533
178.467508061 -37.836080842
178.468527234 -37.836481141
178.469546418 -37.836881432
178.470565613 -37.837281713
178.471584818 -37.837681986
178.472604035 -37.838082249
178.473623263 -37.838482503
178.474642502 -37.838882748
178.475661751 -37.839282985
178.476681012 -37.839683212
178.477700283 -37.840083430
178.478719566 -37.840483639
178.479738859 -37.840883839
178.480758164 -37.841284030
178.481777479 -37.841684212
178.482796806 -37.842084385
178.483816143 -37.842484549
178.484835492 -37.842884703
178.485854851 -37.843284850
178.486874221 -37.843684986
178.487893602 -37.844085114
178.488912994 -37.844485233
178.489932397 -37.844885343
178.490951811 -37.845285443
178.491971237 -37.845685535
178.492990672 -37.846085617
178.494010120 -37.846485691
178.495029577 -37.846885755
178.496049047 -37.847285811
178.497068526 -37.847685857
178.498088018 -37.848085895
178.499107519 -37.848485922
178.500127032 -37.848885942
178.501146553 -37.849285951
178.502166086 -37.849685952
178.503185629 -37.850085944
178.504205184 -37.850485925
178.505224749 -37.850885899
178.506244326 -37.851285863
178.507263913 -37.851685818
178.508283512 -37.852085764
178.509303120 -37.852485701
178.510322740 -37.852885629
178.511342372 -37.853285548
178.512362013 -37.853685458
178.513381667 -37.854085359
178.514401330 -37.854485250
178.515421006 -37.854885134
178.516440691 -37.855285007
178.517460389 -37.855684872
178.518480096 -37.856084727
178.519499816 -37.856484574
178.520519545 -37.856884411
178.521539286 -37.857284240
178.522559038 -37.857684059
178.523578801 -37.858083870
178.524598574 -37.858483671
178.525618359 -37.858883463
178.526638154 -37.859283246
178.527657961 -37.859683021
178.528677778 -37.860082785
178.529697607 -37.860482542
178.530717446 -37.860882288
178.531737297 -37.861282027
178.532757158 -37.861681755
178.533777029 -37.862081476
178.534796913 -37.862481186
178.535816807 -37.862880888
178.536836712 -37.863280581
178.537856628 -37.863680265
178.538876555 -37.864079939
178.539896493 -37.864479605
178.540916442 -37.864879261
178.541936402 -37.865278909
178.542956373 -37.865678547
178.543976355 -37.866078177
178.544996348 -37.866477797
178.546016351 -37.866877408
178.547036366 -37.867277010
178.548056391 -37.867676604
178.549076429 -37.868076188
178.550096476 -37.868475763
178.551116535 -37.868875329
178.552136604 -37.869274886
178.553156685 -37.869674434
178.554176775 -37.870073973
178.555196877 -37.870473503
178.556216991 -37.870873023
178.557237115 -37.871272535
178.558257251 -37.871672038
178.559277396 -37.872071532
178.560297554 -37.872471016
178.561317721 -37.872870492
178.562337901 -37.873269958
178.563358090 -37.873669416
178.564378292 -37.874068864
178.565398503 -37.874468303
178.566418727 -37.874867733
178.567438960 -37.875267155
178.568459205 -37.875666566
178.569479460 -37.876065970
178.570499727 -37.876465363
178.571520005 -37.876864749
178.572540294 -37.877264124
178.573560593 -37.877663492
178.574580904 -37.878062849
