173.784109605 -42.277044129
173.782060244 -42.277256618
173.780366901 -42.277400441
173.778417090 -42.277994900
173.774453150 -42.278021227
173.771402870 -42.279111914
173.770462491 -42.279586467
173.768348907 -42.279901460
173.767049709 -42.280512158
173.765622866 -42.281759297
173.763008496 -42.283537088
173.760462081 -42.285089482
173.758733464 -42.285837898
173.756012059 -42.286592710
173.754360347 -42.286849106
173.752801358 -42.287964930
173.751564679 -42.288341478
173.750497012 -42.289024088
173.749099973 -42.289764017
173.746428516 -42.289967213
173.745513393 -42.290314263
173.745184548 -42.290781649
173.744895690 -42.291093684
173.744901761 -42.291620975
173.745493063 -42.292175556
173.748498827 -42.291970243
173.749628950 -42.292149121
173.750302052 -42.292548057
173.749684027 -42.293296485
173.749277033 -42.294229675
173.748365094 -42.294855901
173.747292830 -42.296072511
173.745128528 -42.296799764
173.744128670 -42.297054284
173.742593139 -42.297963604
173.740922985 -42.298067253
173.739677737 -42.298788583
173.739017765 -42.299537225
173.738524194 -42.300222773
173.739457257 -42.301426644
173.739467208 -42.302295128
173.738847915 -42.302950453
173.737568568 -42.304354407
173.735829170 -42.305730220
173.733866302 -42.305835608
173.732866613 -42.306121051
173.732454386 -42.306619945
173.732259531 -42.307861946
173.731844827 -42.308143716
173.729879421 -42.308031915
173.728963254 -42.308316802
173.728552033 -42.308908735
173.727715927 -42.308882919
173.726495352 -42.308115015
173.726194465 -42.307372415
173.727140187 -42.306001683
173.728218222 -42.305250509
173.729965843 -42.304588208
173.731422341 -42.304051779
173.731614035 -42.302530622
173.731103498 -42.301727306
173.730644588 -42.301792211
173.729441990 -42.302606224
173.728695486 -42.303107189
173.727904389 -42.303360269
173.727193708 -42.303333669
173.726433915 -42.302655959
173.726091621 -42.301944633
173.725588828 -42.301823674
173.725088823 -42.301950852
173.724801563 -42.302417925
173.724435257 -42.303288741
173.724153206 -42.304221074
173.723907019 -42.304625851
173.723533040 -42.304814281
173.722404841 -42.304821251
173.719939515 -42.304836445
173.718856553 -42.305153298
173.718441806 -42.305435021
173.717731451 -42.305439380
173.717184448 -42.305101518
173.716674071 -42.304298137
173.716539423 -42.303461434
173.717484952 -42.302059761
173.719179760 -42.300405321
173.720579589 -42.298535532
173.721702564 -42.297410903
173.722673507 -42.295819453
173.723801590 -42.294138939
173.724894347 -42.292840318
173.726271101 -42.292185852
173.726695191 -42.291214327
173.728420164 -42.289882382
173.729270881 -42.288174179
173.730591711 -42.286081349
173.730940266 -42.285433242
173.731167216 -42.284521650
173.732012144 -42.282314333
173.732475617 -42.281342537
173.733539089 -42.280983548
173.733935108 -42.281039785
173.735745064 -42.280265044
173.737754656 -42.279665177
173.738307136 -42.279573610
173.739289128 -42.279009560
173.739593325 -42.277950659
173.739410710 -42.275808496
173.739738152 -42.272935121
173.739805454 -42.270445887
173.740514117 -42.269623652
173.741561087 -42.269083703
173.741734225 -42.267482656
173.741565791 -42.265314902
173.740799155 -42.265248651
173.740225602 -42.265323391
173.739514139 -42.265896762
173.738855803 -42.266932002
173.738863916 -42.267643039
173.738537371 -42.268391745
173.738022999 -42.269461623
173.736870952 -42.269184450
173.736137592 -42.267837999
173.736604927 -42.266839534
173.737790618 -42.265872091
173.737681119 -42.264663930
173.736333262 -42.263996887
173.735615052 -42.263129660
173.735026369 -42.263053133
173.734295250 -42.263385246
173.734299582 -42.263767328
173.734786517 -42.264583076
173.734389158 -42.265186027
173.734737182 -42.266712277
173.733940264 -42.267727137
173.734029529 -42.269118544
173.734629526 -42.270179222
173.734757724 -42.271761436
173.733152116 -42.272668252
173.732110690 -42.273513136
173.731534684 -42.274210556
173.731276259 -42.275455259
173.730779054 -42.276238909
173.730050569 -42.277226363
173.729993251 -42.279047987
173.729422810 -42.279902143
173.727878696 -42.280847879
173.726755421 -42.281853391
173.725712302 -42.282515150
173.724587917 -42.283427035
173.724508416 -42.283833179
173.723502380 -42.284057832
173.723007896 -42.284934600
173.722220990 -42.285969191
173.721852887 -42.286876378
173.721865063 -42.287968441
173.721875500 -42.288904496
173.720698877 -42.290659136
173.719656796 -42.292339153
173.717881582 -42.293679093
173.716639940 -42.295311082
173.714871646 -42.297290839
173.714085278 -42.298132441
173.713378259 -42.300154933
173.712220636 -42.303410760
173.712568460 -42.304885358
173.712439356 -42.306570082
173.711178074 -42.307462308
173.709868285 -42.307558714
173.708119307 -42.307451368
173.705769380 -42.306875858
173.703307399 -42.306949646
173.700822010 -42.306457716
173.699769692 -42.306495269
173.698849103 -42.307032136
173.697758382 -42.307413726
173.696326748 -42.307422250
173.695650346 -42.307176215
173.694883683 -42.306368087
173.694916711 -42.305523953
173.695159225 -42.303938964
173.695855015 -42.302221790
173.696608784 -42.300789772
173.696866761 -42.299238341
173.696631195 -42.297771424
173.696181185 -42.296795226
173.694958168 -42.295456540
173.693575838 -42.294601451
173.692645610 -42.293776298
173.692075789 -42.292802420
173.691537064 -42.291657337
173.691531067 -42.291095455
173.692084423 -42.290530268
173.692929454 -42.289548022
173.694926296 -42.288583368
173.696393499 -42.287328658
173.696509347 -42.285862095
173.697029713 -42.285297079
173.697952892 -42.284207873
173.698441537 -42.283715920
173.698370675 -42.283251755
173.697973178 -42.283034058
173.696986680 -42.283162196
173.696298624 -42.283484166
173.695053940 -42.284102861
173.694136679 -42.284548439
173.692987078 -42.284824220
173.692101414 -42.285147334
173.691515490 -42.285786547
173.691426878 -42.286740696
173.691434444 -42.287449758
173.691053892 -42.288821313
173.690406752 -42.289901015
173.689723015 -42.290638603
173.689466070 -42.291251414
173.688313470 -42.291258195
173.687681804 -42.290699512
173.686853861 -42.290264238
173.686580310 -42.289312217
173.686623115 -42.287135745
173.686248466 -42.285964248
173.685745222 -42.285086926
173.684690226 -42.284970840
173.683638071 -42.285123698
173.682255341 -42.285156215
173.681035451 -42.285016603
173.680430681 -42.283870877
173.679887684 -42.282333557
173.679740851 -42.280891743
173.680247146 -42.278932645
173.680031388 -42.277197806
173.679721486 -42.275903648
173.678662303 -42.275371846
173.677375742 -42.275134775
173.675395259 -42.274657172
173.674342489 -42.274736594
173.673951987 -42.275178979
173.674029777 -42.276327775
173.673880402 -42.277795756
173.673727718 -42.278945877
173.674162353 -42.279579129
173.674367026 -42.280262606
173.674414701 -42.281680546
173.674293165 -42.282659324
173.673642498 -42.283421080
173.673023221 -42.284035939
173.672499165 -42.284307921
173.672404439 -42.284699695
173.672608602 -42.285334274
173.673206899 -42.285868779
173.673900436 -42.286060407
173.675513437 -42.286002211
173.676764731 -42.285994987
173.677667866 -42.287334621
173.678403061 -42.288357346
173.679534472 -42.289475575
173.680634789 -42.290765137
173.682259743 -42.291831565
173.683747349 -42.292360830
173.684741768 -42.292966318
173.685412829 -42.294136083
173.686675307 -42.295655530
173.687971884 -42.296365666
173.688842788 -42.296673410
173.689503925 -42.298233837
173.689590464 -42.299374369
173.689673474 -42.300183652
173.690178891 -42.301082463
173.690137567 -42.301855669
173.690097617 -42.302757693
173.689879219 -42.303200673
173.689112282 -42.303352419
173.688190324 -42.302916150
173.687463569 -42.302184264
173.686613859 -42.301545115
173.686044277 -42.301603665
173.685753827 -42.302267905
173.685336492 -42.302656830
173.685550823 -42.304164691
173.685989461 -42.305781660
173.685621492 -42.306151892
173.685706413 -42.307145203
173.685392314 -42.307920002
173.684813484 -42.309450906
173.684476129 -42.310373069
173.682251135 -42.310993378
173.679952490 -42.311687687
173.676841561 -42.312957165
173.673411610 -42.314186498
173.671085996 -42.314829303
173.670043456 -42.316526942
173.668032505 -42.316853155
173.668100965 -42.318347729
173.667367399 -42.319178074
173.666101704 -42.319814736
173.664410296 -42.320296433
173.663566199 -42.320694628
173.664266231 -42.321752871
173.664641751 -42.322183494
173.664065512 -42.322855560
173.663010947 -42.323412307
173.660952764 -42.324328780
173.658949139 -42.325402273
173.656024071 -42.326022509
173.653808361 -42.326741852
173.653427294 -42.326743977
173.652913018 -42.326134144
173.652107727 -42.325007490
173.651906267 -42.323924603
173.652530884 -42.322884250
173.652930352 -42.321562363
173.653016090 -42.320619270
173.652022733 -42.319729315
173.651065427 -42.319263330
173.650429443 -42.319172599
173.650427225 -42.318817891
173.649944345 -42.318515335
173.649259924 -42.318620873
173.648337124 -42.318880344
173.648034281 -42.319441616
173.648074417 -42.320026427
173.648597442 -42.320913803
173.649123801 -42.322131828
173.649272647 -42.323301070
173.648735736 -42.324448672
173.648269399 -42.325799371
173.647773862 -42.327658953
173.647023839 -42.328070074
173.645276205 -42.328130580
173.643665169 -42.328139437
173.642776485 -42.328398675
173.641960644 -42.329089922
173.641252160 -42.330238426
173.640771756 -42.330190181
173.640390914 -42.329810719
173.639661005 -42.328797258
173.639140805 -42.328189627
173.638178276 -42.327915072
173.636052583 -42.327875751
173.635403064 -42.328057325
173.634854376 -42.328034861
173.634130062 -42.327580930
173.632580129 -42.326826216
173.632279934 -42.326380544
173.631149905 -42.326302835
173.630925371 -42.326438120
173.631179521 -42.327023334
173.631775720 -42.327941894
173.631892574 -42.328343492
173.630649259 -42.328232869
173.630102324 -42.327733024
173.629145290 -42.326866671
173.628306086 -42.326502461
173.626929257 -42.326593627
173.626121412 -42.327134246
173.625832514 -42.327621813
173.625928691 -42.328224641
173.625613475 -42.328326879
173.623738279 -42.328269829
173.623515013 -42.328539168
173.623521474 -42.329209512
173.623936091 -42.330045281
173.624379206 -42.331376596
173.625129293 -42.332342534
173.626119834 -42.333388012
173.626959155 -42.334563614
173.627377806 -42.335046342
173.627271852 -42.335354054
173.627055235 -42.335484537
173.626357892 -42.335472097
173.625940965 -42.335167178
173.625501942 -42.334830044
173.624954772 -42.334574311
173.624411507 -42.334722695
173.624196760 -42.335047149
173.624397836 -42.335563376
173.624948146 -42.336398480
173.625299397 -42.337197741
173.625419799 -42.337899542
173.624705695 -42.338465301
173.624027552 -42.338834181
173.623693761 -42.339566497
173.623737323 -42.340156317
173.624160959 -42.340884604
173.624395245 -42.341613897
173.624405826 -42.342709650
173.623994103 -42.343217599
173.623164682 -42.343615376
173.622069593 -42.343958361
173.621013446 -42.344413520
173.620261355 -42.344979451
173.618631682 -42.344875667
173.617642389 -42.344403219
173.616616576 -42.344071443
173.615180043 -42.344359961
173.614238794 -42.344954944
173.613478909 -42.344706040
173.612533915 -42.344907661
173.612124742 -42.345696530
173.611417337 -42.346992710
173.610741412 -42.347614378
173.609946281 -42.347646611
173.609338677 -42.347481182
173.607710804 -42.347573917
173.606882278 -42.348083962
173.606321243 -42.348845497
173.605987985 -42.349662049
173.604548125 -42.349613280
173.603749032 -42.349224027
173.603247986 -42.348299382
173.603011561 -42.347317181
173.602589170 -42.346701202
173.601866400 -42.346367739
173.600733532 -42.346738812
173.599639318 -42.347193971
173.599185338 -42.347252485
173.598234567 -42.346835874
173.598078134 -42.346302817
173.598634035 -42.344979392
173.597171344 -42.345108952
173.597033497 -42.345617201
173.597041301 -42.346463071
173.596305006 -42.346995509
173.594855638 -42.347489265
173.593693258 -42.348193028
173.592960983 -42.349169527
173.592027582 -42.349977855
173.590977227 -42.350469548
173.589739822 -42.352336773
173.589716322 -42.352886732
173.588467296 -42.353485138
173.587443830 -42.353807481
173.585509184 -42.354261252
173.584371650 -42.354584138
173.583202546 -42.354568807
173.582352570 -42.355165163
173.581224116 -42.356503062
173.579431900 -42.356956025
173.577950451 -42.357090215
173.576131187 -42.357712442
173.574853801 -42.358353135
173.574339837 -42.358271060
173.574220914 -42.357721802
173.574350716 -42.356283124
173.573458076 -42.355293546
173.573196053 -42.354681543
173.573784087 -42.353473250
173.574802362 -42.352558917
173.576336589 -42.351959259
173.578213459 -42.351421335
173.579290546 -42.350718149
173.581453384 -42.350284500
173.581561908 -42.349670677
173.581072529 -42.349144408
173.580189550 -42.349233367
173.579137979 -42.349598072
173.576977033 -42.350243146
173.575243106 -42.350822645
173.573168352 -42.351551817
173.571345095 -42.351708738
173.569860960 -42.351525622
173.568428655 -42.350750099
173.566915857 -42.350545936
173.565713335 -42.349959599
173.560835496 -42.348791847
173.558869751 -42.348074419
173.556031158 -42.346377778
173.553544324 -42.345363454
173.552614613 -42.344470021
173.551223549 -42.343535993
173.550233005 -42.342258049
173.548216462 -42.342310229
173.549034083 -42.343588998
173.550250782 -42.344352858
173.551877824 -42.345927083
173.552056537 -42.346610289
173.551027194 -42.347555684
173.550169265 -42.348329256
173.549949257 -42.349570119
173.548573674 -42.350474359
173.547250272 -42.350737048
173.546511486 -42.351980318
173.545140114 -42.353397531
173.543876784 -42.353959171
173.541976564 -42.354181715
173.539900216 -42.354020261
173.539210710 -42.354279944
173.537434949 -42.355613413
173.535884725 -42.356347288
173.533758423 -42.357126513
173.531515036 -42.357692463
173.530368876 -42.358509942
173.529459536 -42.360095893
173.528829653 -42.360611760
173.527618112 -42.360488945
173.527158014 -42.360619267
173.526761111 -42.361433348
173.525960341 -42.362206481
173.524982466 -42.362467367
173.523943139 -42.362258239
173.522620076 -42.362606149
173.521361857 -42.363851562
173.520330405 -42.364625679
173.519292427 -42.364587513
173.519112647 -42.363733254
173.518704343 -42.363136517
173.518067516 -42.362797303
173.516861742 -42.363401146
173.515884490 -42.363747457
173.513695307 -42.363928050
173.513124595 -42.364657336
173.513132707 -42.365683365
173.512910225 -42.366710398
173.512286891 -42.368081199
173.512467605 -42.369063723
173.514030266 -42.369826452
173.515477321 -42.370546914
173.516923083 -42.371628172
173.517202735 -42.373238026
173.517860418 -42.374450511
173.517756219 -42.375722877
173.517647503 -42.376429970
173.518597240 -42.377308905
173.521278195 -42.379746650
173.523190842 -42.377934980
173.524790184 -42.377111320
173.525196523 -42.376292972
173.525506125 -42.374862656
173.527505006 -42.372404104
173.529418365 -42.370728413
173.530826689 -42.369020949
173.531818977 -42.366941105
173.532350778 -42.364659204
173.534906846 -42.363082574
173.537235398 -42.361745082
173.539426803 -42.360476218
173.541535473 -42.360296408
173.543836749 -42.361204383
173.545634925 -42.362284761
173.545275670 -42.363205031
173.544087529 -42.363754896
173.542303855 -42.364409566
173.541437925 -42.365094005
173.541217073 -42.366115691
173.540260774 -42.366970649
173.539397335 -42.367961261
173.537798415 -42.368785124
173.536931249 -42.369333444
173.535650601 -42.369815600
173.534925532 -42.370907614
173.533831996 -42.371831187
173.532832988 -42.373094542
173.531094814 -42.373748830
173.529770652 -42.374537316
173.529734501 -42.375728257
173.530157183 -42.376917129
173.530258691 -42.378107448
173.529506977 -42.380478142
173.529161926 -42.381528437
173.527913033 -42.383256984
173.526765114 -42.384985064
173.526272993 -42.386597833
173.525637786 -42.389259979
173.530389105 -42.389500824
173.531351811 -42.389833571
173.532467023 -42.390277983
173.533473491 -42.389786505
173.533416800 -42.389037663
173.532705476 -42.388553974
173.531996930 -42.388407364
173.531335839 -42.387885984
173.531722497 -42.385749301
173.533176490 -42.384394334
173.533920081 -42.382668027
173.533803621 -42.380795804
173.535658173 -42.379026978
173.537312741 -42.377521222
173.538357970 -42.375643684
173.539915733 -42.374662705
173.541781522 -42.374279566
173.544660023 -42.374191348
173.547731374 -42.373015961
173.550395992 -42.371542757
173.551754626 -42.370937101
173.552562758 -42.370933302
173.553173656 -42.371492254
173.553840519 -42.372687676
173.553849807 -42.373773830
173.554054413 -42.374072506
173.554914059 -42.374180813
173.555566524 -42.373690812
173.555660796 -42.372903809
173.555704878 -42.372154498
173.557219833 -42.372109865
173.559234703 -42.371463551
173.561407549 -42.371565548
173.563433114 -42.372155129
173.565756537 -42.372143957
173.566865442 -42.371876423
173.568229185 -42.371869831
173.569697899 -42.372312174
173.571213507 -42.372342265
173.572823175 -42.371585318
173.573929383 -42.371018088
173.575747679 -42.371009184
173.577666990 -42.370999753
173.578939747 -42.372117136
173.581022726 -42.373455227
173.584758103 -42.373174487
173.585073017 -42.374483846
173.585790685 -42.375641373
173.587113851 -42.376720957
173.587675616 -42.377392336
173.587685486 -42.378478483
173.587335970 -42.378929693
173.586124981 -42.379085569
173.585312342 -42.378602710
173.583338235 -42.378163079
173.581627162 -42.378883218
173.579909001 -42.378816811
173.579560433 -42.379380358
173.579570164 -42.380466507
173.580084054 -42.381437798
173.580698323 -42.382333681
173.582417255 -42.382474983
173.584489140 -42.382539591
173.585908036 -42.383019430
173.586779072 -42.384363457
173.586430197 -42.384889571
173.585456529 -42.385583345
173.583337409 -42.385895134
173.582759262 -42.386868652
173.581320896 -42.387578666
173.581149933 -42.388650569
173.580339678 -42.388922342
173.579263324 -42.389730952
173.579179022 -42.390400778
173.579814108 -42.390732347
173.581528873 -42.390623450
173.582481225 -42.391087314
173.583379683 -42.390580794
173.584224207 -42.389103890
173.585708026 -42.388427083
173.588642916 -42.388445867
173.591075065 -42.387797700
173.592524984 -42.388359384
173.593884018 -42.388854569
173.597992149 -42.388800228
173.598535780 -42.388998278
173.598135956 -42.389703198
173.597419461 -42.390342788
173.595161714 -42.390320795
173.593857628 -42.390896401
173.592372919 -42.391472906
173.591665816 -42.391839250
173.590713455 -42.391896372
173.589624942 -42.392503560
173.589348102 -42.393106662
173.589954259 -42.393783812
173.591441047 -42.394273393
173.593034454 -42.394840900
173.594223176 -42.395684936
173.592597869 -42.396255792
173.591391541 -42.396532777
173.591397072 -42.397137060
173.591884140 -42.398134842
173.591862903 -42.398885130
173.592931385 -42.398900573
173.594019930 -42.398040693
173.596011306 -42.397530473
173.597135799 -42.397524754
173.597816086 -42.398125599
173.598411084 -42.398622685
173.599031692 -42.398848740
173.599007834 -42.399307306
173.598644490 -42.399538384
173.597579468 -42.399898067
173.596345176 -42.400196085
173.595279554 -42.400493235
173.594553783 -42.401059552
173.594473856 -42.401539240
173.595152437 -42.401952566
173.596477082 -42.402300089
173.598220756 -42.402353724
173.599236552 -42.402744468
173.600276795 -42.402739149
173.601647639 -42.402002790
173.602911252 -42.401829600
173.603167987 -42.402224210
173.603125782 -42.403724789
173.603051175 -42.404767090
173.603147602 -42.406058571
173.602758447 -42.406539852
173.601606042 -42.406587439
173.600899432 -42.406195130
173.599656689 -42.405597175
173.598641424 -42.405268947
173.598165581 -42.405500597
173.598032921 -42.406355646
173.597815520 -42.407169449
173.597355895 -42.407791143
173.596336458 -42.408164532
173.595613249 -42.408969584
173.595237126 -42.409383012
173.595388048 -42.409902058
173.596125877 -42.410678030
173.596626513 -42.411087003
173.598935129 -42.411053578
173.600639093 -42.411997856
173.601843648 -42.412663112
173.604911046 -42.412495735
173.605648021 -42.413163360
173.605453682 -42.413938026
173.604243692 -42.414496835
173.602200364 -42.414548265
173.601070707 -42.414840575
173.599082625 -42.414891673
173.597808247 -42.414468394
173.596202104 -42.414005857
173.595317041 -42.413867092
173.594850007 -42.414135516
173.594773195 -42.414790809
173.595139582 -42.415587115
173.596528790 -42.416480551
173.598331933 -42.417330927
173.598747728 -42.417492531
173.600292648 -42.417300443
173.602114160 -42.417147856
173.603330537 -42.417264406
173.603255723 -42.418124351
173.602873836 -42.418637955
173.602077074 -42.419092290
173.601058959 -42.419506821
173.599929023 -42.419778656
173.598744428 -42.420112160
173.597838864 -42.420751216
173.596739372 -42.421329855
173.595804827 -42.421825782
173.594015913 -42.422530689
173.591558239 -42.422604506
173.590156699 -42.423389261
173.588554118 -42.423335914
173.587557710 -42.423115785
173.586397632 -42.423121589
173.585408106 -42.423658639
173.585664685 -42.424537383
173.585455414 -42.425827765
173.584458051 -42.425505286
173.582735875 -42.424449636
173.581347237 -42.423617431
173.580066544 -42.422498155
173.579718365 -42.420637496
173.580394136 -42.418996899
173.580960136 -42.417438704
173.581200593 -42.416537020
173.581277148 -42.414837304
173.580592876 -42.412929261
173.580450574 -42.411941295
173.580892306 -42.411609551
173.581428613 -42.411903497
173.582047919 -42.411537914
173.582795866 -42.410644397
173.583056428 -42.409951033
173.582693541 -42.409161898
173.583446217 -42.408795645
173.584244544 -42.408560983
173.585048243 -42.408919491
173.586872013 -42.408976294
173.587663128 -42.407950707
173.588006553 -42.406597800
173.586085241 -42.405585785
173.585190260 -42.404964093
173.584471363 -42.404143781
173.583579695 -42.403884573
173.582546613 -42.402736254
173.582488473 -42.401220575
173.585635124 -42.400084415
173.585485904 -42.398338502
173.584724715 -42.397749095
173.583436275 -42.397854375
173.581931465 -42.398619829
173.579486439 -42.398664884
173.578776548 -42.398833167
173.578020424 -42.398803938
173.576326220 -42.398284977
173.575346335 -42.398092050
173.574191544 -42.398229528
173.573662411 -42.398726452
173.573577586 -42.399188248
173.573937079 -42.399614917
173.575277663 -42.400366337
173.576169543 -42.400658565
173.577417421 -42.400981990
173.577912402 -42.401638670
173.577921545 -42.402660254
173.577797592 -42.403715451
173.577583525 -42.404639266
173.578567653 -42.405293533
173.578928693 -42.405884957
173.578939035 -42.407038358
173.578678145 -42.407698759
173.577350919 -42.408463278
173.575050944 -42.409858711
173.569268604 -42.409722117
173.566638903 -42.409042769
173.562459213 -42.409095823
173.559666870 -42.410163749
173.558030353 -42.411193165
173.556792595 -42.412055888
173.553467223 -42.413225056
173.552674357 -42.414118594
173.551930166 -42.415506231
173.550380928 -42.416370349
173.549134840 -42.416277314
173.548462430 -42.415654297
173.548051277 -42.414370944
173.546796310 -42.413223343
173.545229265 -42.411978310
173.544290676 -42.411422415
173.544145338 -42.410005993
173.540498080 -42.409923960
173.540193684 -42.410749253
173.539663870 -42.411662996
173.540483953 -42.412711375
173.541171361 -42.414060974
173.541111300 -42.414963092
173.540710245 -42.415516063
173.539695657 -42.415470625
173.538406453 -42.414925414
173.536905287 -42.413278907
173.534399201 -42.412739204
173.532305814 -42.413049318
173.529678919 -42.414263640
173.527851402 -42.414021350
173.526356647 -42.413126211
173.524801641 -42.413133163
173.523252714 -42.413891601
173.522582687 -42.414646116
173.524617505 -42.415438691
173.524419546 -42.416040801
173.524761264 -42.416490196
173.525704988 -42.416135265
173.526306159 -42.415230733
173.527996847 -42.415273254
173.529896527 -42.416066342
173.533940421 -42.414494870
173.535495043 -42.414437694
173.536513769 -42.414984173
173.536389691 -42.415901720
173.536079492 -42.416670863
173.536774436 -42.417179509
173.538497454 -42.416723786
173.539567794 -42.417379974
173.540835865 -42.417587401
173.542129681 -42.417432159
173.543449223 -42.416914245
173.544580589 -42.417975293
173.546769453 -42.418157058
173.547377618 -42.418602066
173.546923098 -42.419307933
173.546119959 -42.419631556
173.544480744 -42.419788444
173.543480068 -42.420582130
173.542788153 -42.421893759
173.541780390 -42.422531767
173.542075749 -42.423773659
173.542219117 -42.425766895
173.542888323 -42.426279873
173.543239549 -42.426630113
173.543775416 -42.426346143
173.544782626 -42.425637748
173.546048445 -42.425561498
173.546550447 -42.425019639
173.546163387 -42.424176965
173.545929481 -42.422723678
173.545794325 -42.421715629
173.546455382 -42.421266860
173.547689654 -42.421214197
173.548917744 -42.420434362
173.549098720 -42.419377921
173.550296700 -42.418785874
173.553428322 -42.418489668
173.555260382 -42.418011867
173.556900655 -42.417323828
173.558281362 -42.415909811
173.559782028 -42.415869705
173.560692020 -42.416126949
173.562481929 -42.416081020
173.565101299 -42.415732117
173.566363165 -42.415856829
173.567604914 -42.416560851
173.568313722 -42.416875063
173.569819703 -42.418941766
173.570679678 -42.419236544
173.571637546 -42.419194514
173.573158455 -42.420083964
173.573719187 -42.420753874
173.574061957 -42.422433821
173.575057574 -42.423792930
173.575496104 -42.424893177
173.575678464 -42.425546246
173.577052114 -42.426866113
173.578367176 -42.427270703
173.579254705 -42.427808180
173.579390700 -42.428909905
173.579217518 -42.429284452
173.578365239 -42.429867880
173.576497291 -42.429690224
173.575284901 -42.429490643
173.573397065 -42.429910943
173.571611905 -42.430536244
173.570957169 -42.430651538
173.570224954 -42.430561674
173.569086251 -42.430137452
173.567825080 -42.430124875
173.566717855 -42.430410495
173.565058225 -42.430979035
173.564130129 -42.431562722
173.564460449 -42.431841404
173.565420478 -42.432023631
173.566831371 -42.431848665
173.569277296 -42.431780776
173.570313000 -42.431962596
173.571446780 -42.431826288
173.573508905 -42.431143583
173.574697931 -42.431548830
173.575986855 -42.431841466
173.577298168 -42.431816339
173.580043367 -42.431373055
173.581358373 -42.431758926
173.582928812 -42.432498521
173.584400096 -42.433425435
173.586322017 -42.433976385
173.588574072 -42.434768549
173.588404307 -42.435649448
173.587656402 -42.436537436
173.586946653 -42.437248380
173.586883172 -42.439017176
173.586817189 -42.441443810
173.586134724 -42.443373049
173.584601188 -42.445195420
173.581923187 -42.447653049
173.580234079 -42.448883571
173.577888863 -42.449450669
173.576045642 -42.450237467
173.573297658 -42.450510167
173.571101024 -42.450928262
173.569206687 -42.451604094
173.568365392 -42.452608116
173.566872989 -42.453504173
173.564876890 -42.453995250
173.561261640 -42.456411749
173.557784397 -42.458114752
173.555287550 -42.459082230
173.551643748 -42.459099402
173.549219330 -42.459672908
173.546345096 -42.460923028
173.544531204 -42.461887095
173.543327434 -42.463185598
173.787285139 -42.461760460
173.785341599 -42.276576289
173.784109605 -42.277044129